Autotiler,64,16,006E9CF8,0,1,1,4294967295,0,1
Warp,384,0,6987B8F1,0,1,1,4294967295,0,0
Block,736,496,D96E86BB,0,0.5,3.5,4294967295,0,0
Block,752,496,8895F42C,0,0.5,0.5,4294967295,0,0
Block,736,368,DEADD1BB,0,1,0.5,4294967295,0,0
Block,704,352,F37D915F,0,1.5,0.5,4294967295,0,0
Block,656,368,7062415D,0,1,0.5,4294967295,0,0
Block,672,320,E387CE23,0,0.5,1.5,4294967295,0,0
Block,624,512,3F6AB1FE,0,1,0.5,4294967295,0,0
Block,640,528,3ACAFDA9,0,0.5,1.5,4294967295,0,0
Block,496,480,E1D87B0B,0,0.5,1,4294967295,0,0
Block,544,304,11AC48D0,0,0.5,1,4294967295,0,0
Block,432,464,287518F6,0,1,0.5,4294967295,0,0
Block,432,352,846D8F9B,0,0.5,2,4294967295,0,0
Block,432,336,D5E2EAFC,0,1,0.5,4294967295,0,0
Block,448,304,B5BAE142,0,0.5,1,4294967295,0,0
Block,704,320,B2BF51B9,0,0.5,1,4294967295,0,0
Block,704,304,C0623B68,0,3,0.5,4294967295,0,0
Block,768,368,4CC7A119,0,1,0.5,4294967295,0,0
Block,592,336,50078BA0,0,1,0.5,4294967295,0,0
Block,672,384,E93DBB65,0,0.5,1,4294967295,0,0
Block,496,592,8F1C47DA,0,0.5,0.5,4294967295,0,0
Block,416,544,E3CE564E,0,1,0.5,4294967295,0,0
Block,432,560,38CE8095,0,0.5,1.5,4294967295,0,0
Block,400,544,AA3CF90F,0,0.5,2,4294967295,0,0
Block,368,400,2B7D0F00,0,0.5,1.5,4294967295,0,0
Block,336,432,1E94C4A2,0,1,0.5,4294967295,0,0
Block,288,496,A6B0C86F,0,1,0.5,4294967295,0,0
Block,304,512,02BADE8B,0,0.5,3,4294967295,0,0
Block,272,416,84DB9C7B,0,0.5,3,4294967295,0,0
Block,576,416,1458633A,0,0.5,1.5,4294967295,0,0
Block,592,352,A6FC8720,0,0.5,0.5,4294967295,0,0
Block,448,432,20A4E6C6,0,0.5,1,4294967295,0,0
Block,640,256,116ABAEF,0,0.5,1.5,4294967295,0,0
Block,624,240,5F775191,0,1,0.5,4294967295,0,0
Block,624,224,9AA94490,0,0.5,0.5,4294967295,0,0
Block,384,400,C6B73D9D,0,1.5,0.5,4294967295,0,0
Block,256,416,5E2D52D4,0,0.5,0.5,4294967295,0,0
Block,240,320,3428DFAD,0,0.5,1,4294967295,0,0
Block,240,304,CCADBF26,0,2.5,0.5,4294967295,0,0
Block,320,304,51145843,0,0.5,1.5,4294967295,0,0
Block,192,304,3F07D433,0,0.5,2,4294967295,0,0
Block,224,496,D2E6B06D,0,0.5,0.5,4294967295,0,0
Block,176,416,C9E2FCAB,0,0.5,3,4294967295,0,0
Block,192,496,E56D830D,0,1,0.5,4294967295,0,0
Block,144,416,201C7BD6,0,1,0.5,4294967295,0,0
Block,0,560,BD4AD975,0,1.5,0.5,4294967295,0,0
Block,32,576,68510B46,0,0.5,1,4294967295,0,0
Block,48,592,5B5491C9,0,1,0.5,4294967295,0,0
Block,0,464,165BA243,0,0.5,3,4294967295,0,0
Block,112,464,6230F290,0,0.5,1,4294967295,0,0
Block,96,432,4C79D877,0,1,0.5,4294967295,0,0
Block,112,496,74964361,0,2,0.5,4294967295,0,0
Block,112,448,7C3D071C,0,0.5,0.5,4294967295,0,0
Block,128,432,9906CD8B,0,1,0.5,4294967295,0,0
Block,144,384,E6921BDC,0,0.5,1,4294967295,0,0
Block,64,352,9B312095,0,0.5,2,4294967295,0,0
Block,32,400,293D261E,0,1,0.5,4294967295,0,0
Block,0,400,6CFCB140,0,0.5,2,4294967295,0,0
Block,16,400,9E75A6A5,0,0.5,0.5,4294967295,0,0
Block,64,304,DA9BAC29,0,0.5,1.5,4294967295,0,0
Block,80,304,464355F3,0,1.5,0.5,4294967295,0,0
Block,112,240,6879202A,0,0.5,2,4294967295,0,0
Block,176,224,479306A9,0,1.5,0.5,4294967295,0,0
Block,256,176,7188A657,0,1,0.5,4294967295,0,0
Block,272,192,45A7BAC4,0,0.5,3.5,4294967295,0,0
Block,176,128,D9BEF537,0,0.5,1,4294967295,0,0
Block,176,96,74EE947F,0,0.5,1,4294967295,0,0
Block,288,176,D8AE2455,0,1,0.5,4294967295,0,0
Block,304,192,EB117A99,0,0.5,1.5,4294967295,0,0
Block,288,208,0A70BB55,0,0.5,0.5,4294967295,0,0
Block,288,240,347E3078,0,1,0.5,4294967295,0,0
Block,352,96,0261DECC,0,0.5,1.5,4294967295,0,0
Block,336,80,ACF701C1,0,1,0.5,4294967295,0,0
Block,384,176,08278DF7,0,0.5,2,4294967295,0,0
Block,400,176,0F8DF844,0,1.5,0.5,4294967295,0,0
Block,400,224,1B83554D,0,1,0.5,4294967295,0,0
Block,432,192,1763E959,0,0.5,1.5,4294967295,0,0
Block,64,240,A12E92A1,0,1.5,0.5,4294967295,0,0
Block,80,160,B5450946,0,1,0.5,4294967295,0,0
Block,112,128,9F86FAAD,0,0.5,1.5,4294967295,0,0
Block,64,160,4AE1E304,0,0.5,2.5,4294967295,0,0
Block,64,48,3447853B,0,0.5,3.5,4294967295,0,0
Block,64,0,AAAA7774,0,0.5,1.5,4294967295,0,0
Block,368,0,FEA5B551,0,0.5,3,4294967295,0,0
Block,160,0,05F2B56A,0,0.5,0.5,4294967295,0,0
Block,144,0,6A810B85,0,0.5,0.5,4294967295,0,0
Block,336,336,D688CD9A,0,1,0.5,4294967295,0,0
Block,352,352,4511B433,0,0.5,0.5,4294967295,0,0
Block,416,0,CCBB9A8A,0,0.5,2.5,4294967295,0,0
Block,432,64,B76E6AFA,0,1.5,0.5,4294967295,0,0
Block,480,64,DD9B6DA7,0,0.5,2.5,4294967295,0,0
Block,496,128,C3C8928F,0,2,0.5,4294967295,0,0
Block,544,0,D7A5A829,0,0.5,4,4294967295,0,0
Block,592,0,7FFA1CCC,0,0.5,3.5,4294967295,0,0
Block,608,96,47ED76F3,0,3,0.5,4294967295,0,0
Block,688,112,36E5E52F,0,0.5,3.5,4294967295,0,0
Block,704,208,1E5D5402,0,2,0.5,4294967295,0,0
Block,752,176,93C08C90,0,0.5,1,4294967295,0,0
Block,752,160,3B51EDF9,0,1.5,0.5,4294967295,0,0
SavePointVeryHard,736,464,85E1BC1B,0,1,1,4294967295,0,0
CatharsisWater,720,432,89126087,0,0.5,1.25,4294967295,0,0
CatharsisWater,608,496,430336E1,0,1,0.5,4294967295,0,0
CatharsisWater,608,512,3BBE5173,0,0.5,2,4294967295,0,0
CatharsisWater,624,528,855BB5EC,0,0.5,1.5,4294967295,0,0
Water2,544,464,2B154BB6,0,0.5,2.5,4294967295,0,0
CatharsisWater,512,320,0E8E13A8,0,1,2.5,4294967295,0,0
CatharsisWater,544,336,DCAAD4FD,0,0.5,4,4294967295,0,0
CatharsisWater,416,472,D30C3E96,0,0.5,2.25,4294967295,0,0
Water2,432,512,D22E20AB,0,1,1,4294967295,0,0
Water2,448,544,9DE88AC4,0,0.5,2,4294967295,0,0
Water2,416,416,AFAE9AF2,0,0.5,1.75,4294967295,0,0
SavePointVeryHard,336,400,F8C64744,0,1,1,4294967295,0,0
CatharsisWater,464,576,06D8ADC5,0,1,1,4294967295,0,0
CatharsisWater,496,576,22C852F3,0,0.25,0.5,4294967295,0,0
Water2,560,320,88247B0E,0,1.25,0.5,4294967295,0,0
Water3,656,384,97A86617,0,0.5,2,4294967295,0,0
CatharsisWater,224,424,B735B957,0,0.5,2.25,4294967295,0,0
CatharsisWater,272,512,444F56CF,0,1,3,4294967295,0,0
Water2,112,544,5152B239,0,1,2,4294967295,0,0
Water2,128,384,07132FF8,0,0.5,1.5,4294967295,0,0
Water2,160,304,7DF7D7AE,0,1,1.5,4294967295,0,0
Water2,352,176,4FC8D243,0,1,2,4294967295,0,0
Water2,176,160,357D7B1F,0,0.5,2,4294967295,0,0
Water2,128,128,D2B298A2,0,1.5,0.5,4294967295,0,0
Water2,240,0,EE21E8BF,0,1,2,4294967295,0,0
Water3,336,0,EFDAAC2D,0,0.5,2.5,4294967295,0,0
Water2,320,208,B5765D19,0,1,1,4294967295,0,0
SpikeR,736,432,792CE5AF,0,1,1,4294967295,0,0
SpikeU,688,400,6D9161B8,0,1,1,4294967295,0,0
MiniSpikeDown,752,384,1F07184E,0,1,1,4294967295,0,0
SpikeL,656,432,FC5F711D,0,1,1,4294967295,0,0
SpikeU,624,480,2B32BE5D,0,1,1,4294967295,0,0
SpikeU,624,416,E5A26274,0,1,1,4294967295,0,0
SpikeR,656,544,1958480E,0,1,1,4294967295,0,0
MiniSpikeLeft,608,512,31951BF9,0,1,1,4294967295,0,0
SpikeR,560,464,F1B1D5C0,0,1,1,4294967295,0,0
MiniSpikeUp,544,448,82C9BC93,0,1,1,4294967295,0,0
MiniSpikeDown,544,544,627FBD43,0,1,1,4294967295,0,0
SpikeL,512,512,49BE84FA,0,1,1,4294967295,0,0
MiniSpikeDown,496,512,2D735060,0,1,1,4294967295,0,0
MiniSpikeUp,496,464,BEDFE4C8,0,1,1,4294967295,0,0
SpikeL,480,384,78BA393B,0,1,1,4294967295,0,0
SpikeR,512,384,5F318B9E,0,1,1,4294967295,0,0
SpikeL,464,480,3352DB6E,0,1,1,4294967295,0,0
SpikeL,512,304,AC76281E,0,1,1,4294967295,0,0
MiniSpikeLeft,752,432,07E6492A,0,1,1,4294967295,0,0
MiniSpikeDown,448,352,9D961F71,0,1,1,4294967295,0,0
MiniSpikeUp,448,288,29F05E65,0,1,1,4294967295,0,0
MiniSpikeUp,544,288,176E72F0,0,1,1,4294967295,0,0
SpikeU,688,528,E8E64561,0,1,1,4294967295,0,0
MiniSpikeRight,768,496,643E884C,0,1,1,4294967295,0,0
MiniSpikeUp,656,352,AF4CE0C5,0,1,1,4294967295,0,0
SpikeU,592,304,08620B63,0,1,1,4294967295,0,0
MiniSpikeDown,640,304,B5514A67,0,1,1,4294967295,0,0
MiniSpikeLeft,720,464,9359944C,0,1,1,4294967295,0,0
MiniSpikeLeft,416,464,0CF032E0,0,1,1,4294967295,0,0
SpikeU,416,512,D24A64D7,0,1,1,4294967295,0,0
MiniSpikeUp,496,576,4E3AC859,0,1,1,4294967295,0,0
MiniSpikeRight,448,544,77C4098B,0,1,1,4294967295,0,0
MiniSpikeUp,400,528,D52C1077,0,1,1,4294967295,0,0
MiniSpikeRight,384,432,4D39DD28,0,1,1,4294967295,0,0
MiniSpikeDown,368,448,988F3567,0,1,1,4294967295,0,0
SpikeR,320,496,05AE0DC4,0,1,1,4294967295,0,0
SpikeU,288,464,4862A5BF,0,1,1,4294967295,0,0
MiniSpikeUp,576,400,4B5218E6,0,1,1,4294967295,0,0
MiniSpikeDown,592,368,07B8C546,0,1,1,4294967295,0,0
MiniSpikeUp,432,448,6921D238,0,1,1,4294967295,0,0
MiniSpikeUp,448,416,A3217EF1,0,1,1,4294967295,0,0
SpikeL,592,224,E0523F4A,0,1,1,4294967295,0,0
MiniSpikeUp,672,304,2E6E8B91,0,1,1,4294967295,0,0
SpikeU,256,384,2EC8A32F,0,1,1,4294967295,0,0
SpikeR,256,320,24808A2B,0,1,1,4294967295,0,0
MiniSpikeDown,320,352,F744ED5F,0,1,1,4294967295,0,0
MiniSpikeDown,256,432,CE95FA17,0,1,1,4294967295,0,0
MiniSpikeLeft,224,416,482A7516,0,1,1,4294967295,0,0
MiniSpikeRight,240,416,3F831681,0,1,1,4294967295,0,0
SpikeR,208,304,C4B610DD,0,1,1,4294967295,0,0
MiniSpikeDown,192,368,2B963420,0,1,1,4294967295,0,0
MiniSpikeUp,224,480,31D80B72,0,1,1,4294967295,0,0
SpikeU,192,464,D4545271,0,1,1,4294967295,0,0
MiniSpikeUp,176,400,FFDA1366,0,1,1,4294967295,0,0
SpikeL,160,336,3423D525,0,1,1,4294967295,0,0
MiniSpikeLeft,272,512,A2F5C11F,0,1,1,4294967295,0,0
MiniSpikeRight,288,512,E13FD4D3,0,1,1,4294967295,0,0
SpikeR,224,576,3376AA6E,0,1,1,4294967295,0,0
SpikeL,176,512,E40091A9,0,1,1,4294967295,0,0
SpikeU,144,576,0F7A3C6F,0,1,1,4294967295,0,0
SpikeR,112,528,4AAF0784,0,1,1,4294967295,0,0
SpikeU,80,496,A8D89D74,0,1,1,4294967295,0,0
SpikeU,48,560,14906E15,0,1,1,4294967295,0,0
SpikeU,16,528,09A78DA1,0,1,1,4294967295,0,0
MiniSpikeUp,112,416,46A1F5F1,0,1,1,4294967295,0,0
MiniSpikeUp,96,416,C07676EE,0,1,1,4294967295,0,0
SpikeR,80,352,7B4BFEAC,0,1,1,4294967295,0,0
MiniSpikeUp,144,368,8F2CF393,0,1,1,4294967295,0,0
MiniSpikeUp,160,400,4878D7F0,0,1,1,4294967295,0,0
SpikeD,48,416,5032D009,0,1,1,4294967295,0,0
SpikeR,256,592,F77C7717,0,1,1,4294967295,0,0
SpikeL,224,592,4EDFF54E,0,1,1,4294967295,0,0
MiniSpikeUp,128,416,9EFEA908,0,1,1,4294967295,0,0
SpikeR,128,288,62781BDD,0,1,1,4294967295,0,0
MiniSpikeDown,176,240,0BBBB6E5,0,1,1,4294967295,0,0
MiniSpikeUp,192,288,7FFEC53C,0,1,1,4294967295,0,0
MiniSpikeRight,224,224,CA7A4437,0,1,1,4294967295,0,0
SpikeU,240,272,AAD9CB03,0,1,1,4294967295,0,0
SpikeU,192,192,9E422225,0,1,1,4294967295,0,0
MiniSpikeLeft,240,176,464DEEB0,0,1,1,4294967295,0,0
SpikeR,192,128,4BABE1A0,0,1,1,4294967295,0,0
SpikeU,256,144,659E80E0,0,1,1,4294967295,0,0
SpikeU,272,112,3E7B908F,0,1,1,4294967295,0,0
SpikeU,288,144,67F84D53,0,1,1,4294967295,0,0
SpikeU,336,176,A971B866,0,1,1,4294967295,0,0
SpikeD,336,208,11BF36E3,0,1,1,4294967295,0,0
MiniSpikeDown,336,96,57813675,0,1,1,4294967295,0,0
SpikeU,336,48,83256CBC,0,1,1,4294967295,0,0
MiniSpikeLeft,320,80,9D8183C6,0,1,1,4294967295,0,0
SpikeU,304,272,C9D1A674,0,1,1,4294967295,0,0
MiniSpikeUp,288,288,B7B51699,0,1,1,4294967295,0,0
MiniSpikeDown,352,144,EF9129F6,0,1,1,4294967295,0,0
MiniSpikeUp,176,208,774E261C,0,1,1,4294967295,0,0
MiniSpikeUp,112,224,C5A15338,0,1,1,4294967295,0,0
SpikeL,144,128,119F7676,0,1,1,4294967295,0,0
MiniSpikeUp,112,112,1F6EDEA8,0,1,1,4294967295,0,0
MiniSpikeDown,112,64,C5B95916,0,1,1,4294967295,0,0
MiniSpikeUp,176,80,BA651CBD,0,1,1,4294967295,0,0
SpikeR,192,96,D4F2CEAE,0,1,1,4294967295,0,0
SpikeD,224,32,5231EDE8,0,1,1,4294967295,0,0
SpikeD,208,0,2F90371A,0,1,1,4294967295,0,0
SpikeD,240,0,29F60E6D,0,1,1,4294967295,0,0
SpikeD,336,0,DB7F609E,0,1,1,4294967295,0,0
SpikeD,80,176,1DACF1B0,0,1,1,4294967295,0,0
MiniSpikeUp,112,48,AAE693A2,0,1,1,4294967295,0,0
MiniSpikeDown,160,16,7D55A684,0,1,1,4294967295,0,0
SpikeU,400,368,DB27A08E,0,1,1,4294967295,0,0
SpikeR,368,336,73EFDFF1,0,1,1,4294967295,0,0
MiniSpikeUp,368,384,5E0AF3BE,0,1,1,4294967295,0,0
MiniSpikeUp,384,384,E75B2E4B,0,1,1,4294967295,0,0
MiniSpikeUp,352,320,CC8C47AB,0,1,1,4294967295,0,0
MiniSpikeUp,336,320,562FADF5,0,1,1,4294967295,0,0
MiniSpikeUp,704,288,59EF7B6B,0,1,1,4294967295,0,0
SpikeU,720,272,60EAC273,0,1,1,4294967295,0,0
SpikeU,768,272,087111A2,0,1,1,4294967295,0,0
MiniSpikeUp,752,288,11E6CFAC,0,1,1,4294967295,0,0
MiniSpikeUp,624,208,87CF1174,0,1,1,4294967295,0,0
MiniSpikeUp,640,224,2B0C0E4D,0,1,1,4294967295,0,0
SpikeU,416,144,18A26B5E,0,1,1,4294967295,0,0
SpikeU,512,176,2A518A98,0,1,1,4294967295,0,0
SpikeD,512,208,A54A3F36,0,1,1,4294967295,0,0
WallJumpR,640,544,F550E362,0,1,1,4294967295,0,0
WallJumpR,400,544,8BD9C591,0,1,1,4294967295,0,0
WallJumpR,240,320,A4580B42,0,1,1,4294967295,0,0
WallJumpR,304,560,45151572,0,1,1,4294967295,0,0
WallJumpR,304,528,9DD41310,0,1,1,4294967295,0,0
WallJumpR,112,464,9F189AD3,0,1,1,4294967295,0,0
WallJumpR,176,96,F0B730AF,0,1,1,4294967295,0,0
Cherry,556,420,8F2A51E9,0,1,1,4294967295,0,0
Skinner,8,8,05616B98,0,1,1,4294967295,0,1
Platform,480,416,EE619CF2,0,0.5,1,4294967295,0,0
Platform,720,368,12DEC39E,0,0.5,1,4294967295,0,0
Platform,432,416,84431C4C,0,0.5,1,4294967295,0,0
Platform,208,336,9DC016BD,0,1,1,4294967295,0,0
Platform,80,528,7B797C1B,0,0.5,2,4294967295,0,0
Platform,208,240,BD922E85,0,1,1,4294967295,0,0
Platform,80,64,11C115F0,0,1,1,4294967295,0,0
Platform,384,64,1BA7311B,0,1,1,4294967295,0,0
AutoSaver,736,464,0FD94997,0,1,1,4294967295,0,0
MusicPlayer,496,16,ABA0855C,0,1,1,4294967295,0,1
PlayerStart,736,464,E51564F5,0,1,1,4294967295,0,0
