background34_cookie,688,96,0,32,32,32,0,1,1,4294967295
background34_cookie,688,64,0,32,32,32,0,1,1,4294967295
background34_cookie,720,64,0,32,32,32,0,1,1,4294967295
background34_cookie,528,0,0,32,32,32,0,1,1,4294967295
background34_cookie,528,32,0,32,32,32,0,1,1,4294967295
background34_cookie,624,176,0,0,32,32,0,1,1,4294967295
background34_cookie,496,192,0,0,32,32,0,1,1,4294967295
background34_cookie,496,224,0,0,32,32,0,1,1,4294967295
background34_cookie,432,224,0,0,32,32,0,1,1,4294967295
background34_cookie,432,256,0,0,32,32,0,1,1,4294967295
background34_cookie,432,288,0,0,32,32,0,1,1,4294967295
background34_cookie,384,256,0,0,32,32,0,1,1,4294967295
background34_cookie,560,144,32,32,32,32,0,1,1,4294967295
background34_cookie,656,288,0,32,32,32,0,1,1,4294967295
background34_cookie,656,320,0,32,32,32,0,1,1,4294967295
background34_cookie,688,320,0,32,32,32,0,1,1,4294967295
background34_cookie,560,384,0,32,32,32,0,1,1,4294967295
background34_cookie,592,384,0,32,32,32,0,1,1,4294967295
background34_cookie,528,384,32,32,32,32,0,1,1,4294967295
background34_cookie,672,432,0,32,32,32,0,1,1,4294967295
background34_cookie,576,512,0,32,32,32,0,1,1,4294967295
background34_cookie,576,544,0,32,32,32,0,1,1,4294967295
background34_cookie,608,512,0,32,32,32,0,1,1,4294967295
background34_cookie,432,416,0,32,32,32,0,1,1,4294967295
background34_cookie,464,416,0,32,32,32,0,1,1,4294967295
background34_cookie,464,448,0,32,32,32,0,1,1,4294967295
background34_cookie,384,400,0,32,32,32,0,1,1,4294967295
background34_cookie,352,528,0,32,32,32,0,1,1,4294967295
background34_cookie,384,512,32,32,32,32,0,1,1,4294967295
background34_cookie,320,432,0,32,32,32,0,1,1,4294967295
background34_cookie,320,464,0,32,32,32,0,1,1,4294967295
background34_cookie,320,480,32,32,32,32,0,1,1,4294967295
background34_cookie,272,448,32,32,32,32,0,1,1,4294967295
background34_cookie,240,464,0,32,32,32,0,1,1,4294967295
background34_cookie,288,592,0,32,32,32,0,1,1,4294967295
background34_cookie,320,592,0,32,32,32,0,1,1,4294967295
background34_cookie,112,448,0,32,32,32,0,1,1,4294967295
background34_cookie,80,384,0,32,32,32,0,1,1,4294967295
background34_cookie,112,336,0,32,32,32,0,1,1,4294967295
background34_cookie,240,176,0,0,32,32,0,1,1,4294967295
background34_cookie,272,176,0,0,32,32,0,1,1,4294967295
background34_cookie,272,208,0,0,32,32,0,1,1,4294967295
