Warp,272,144,B380B7CF,0,1,1,4294967295,0,1
Block,80,384,86D38E8F,0,1,1,4294967295,0,0
Block,240,176,6AE83207,0,1,1,4294967295,0,0
Block,272,176,1E738327,0,1,1,4294967295,0,0
Block,272,208,AD358604,0,1,1,4294967295,0,0
Block,112,336,D627F6AD,0,1,1,4294967295,0,0
Block,112,448,056607F4,0,1,1,4294967295,0,0
Block,240,464,D1A2489C,0,1,1,4294967295,0,0
MiniBlock,272,464,3B1497FA,0,1,1,4294967295,0,0
MiniBlock,288,464,45F32A9D,0,1,1,4294967295,0,0
Block,288,592,A0F3AEEB,0,1,1,4294967295,0,0
MiniBlock,320,496,1B684791,0,1,1,4294967295,0,0
MiniBlock,336,496,3502ECF9,0,1,1,4294967295,0,0
Block,320,432,41519258,0,1,1,4294967295,0,0
Block,320,464,AA6F8D1D,0,1,1,4294967295,0,0
Block,320,592,3153DA94,0,1,1,4294967295,0,0
Block,352,528,D14DAA74,0,1,1,4294967295,0,0
MiniBlock,400,528,72F9E03C,0,1,1,4294967295,0,0
MiniBlock,384,528,57D1DDC9,0,1,1,4294967295,0,0
Block,384,400,EBCB769D,0,1,1,4294967295,0,0
Block,384,256,FD4A87F0,0,1,1,4294967295,0,0
Block,432,288,244E0522,0,1,1,4294967295,0,0
Block,432,256,E4925C33,0,1,1,4294967295,0,0
Block,432,416,3DD9CCFF,0,1,1,4294967295,0,0
Block,464,448,8CC3CDF6,0,1,1,4294967295,0,0
Block,464,416,CF94C9BD,0,1,1,4294967295,0,0
MiniBlock,528,400,766477AD,0,1,1,4294967295,0,0
MiniBlock,544,400,AE6196A4,0,1,1,4294967295,0,0
Block,576,544,49C689FD,0,1,1,4294967295,0,0
Block,576,512,4CE951C8,0,1,1,4294967295,0,0
Block,528,0,E70C447D,0,1,1,4294967295,0,0
Block,528,32,1024BB31,0,1,1,4294967295,0,0
Block,720,64,E9A75D9F,0,1,1,4294967295,0,0
Block,688,64,F3F9EFD8,0,1,1,4294967295,0,0
Block,384,128,1AB467C9,0,1,1,4294967295,0,0
Block,384,96,C7725E92,0,1,1,4294967295,0,0
Block,384,64,E5C08C55,0,1,1,4294967295,0,0
Block,384,32,9A5EDDEB,0,1,1,4294967295,0,0
Block,384,0,D9DC5A18,0,1,1,4294967295,0,0
Block,416,0,56778C4F,0,1,1,4294967295,0,0
Block,448,112,CE1FEDCD,0,1,0.5,4294967295,0,0
MiniBlock,432,128,384FA288,0,1,1,4294967295,0,0
Block,496,224,B619E993,0,1,1,4294967295,0,0
Block,432,224,FF3BAC57,0,1,1,4294967295,0,0
Block,496,192,DE982A74,0,1,1,4294967295,0,0
MiniBlock,576,160,62FF01AF,0,1,1,4294967295,0,0
MiniBlock,560,160,4776D5B3,0,1,1,4294967295,0,0
Block,688,96,F2573443,0,1,1,4294967295,0,0
Block,560,176,53A36027,0,1,1,4294967295,0,0
Block,608,512,FC21B7FB,0,1,1,4294967295,0,0
Block,672,432,FD2261D3,0,1,1,4294967295,0,0
Block,560,384,205DC125,0,1,1,4294967295,0,0
Block,592,384,46E07246,0,1,1,4294967295,0,0
Block,624,176,3C83AD5E,0,1,1,4294967295,0,0
Block,688,320,0EA26340,0,1,1,4294967295,0,0
Block,656,320,D86F2E9A,0,1,1,4294967295,0,0
Block,656,288,C421D1A3,0,1,1,4294967295,0,0
MiniBlock,448,128,856B7977,0,1,1,4294967295,0,0
Water2,336,224,B3BE9DCA,0,1,1,4294967295,0,0
Water2,304,224,59A3B40B,0,1,1,4294967295,0,0
Water2,336,256,CAC2ADDD,0,1,1,4294967295,0,0
Water2,304,256,5155859B,0,1,1,4294967295,0,0
Water2,208,288,464D7E47,0,1,1,4294967295,0,0
Water2,208,320,EAD9ECC4,0,1,1,4294967295,0,0
Water2,384,576,9A9258FB,0,1,1,4294967295,0,0
Water2,384,544,5237F70D,0,1,1,4294967295,0,0
Water3,400,288,5615BAC1,0,1,1,4294967295,0,0
Water3,544,416,F5AF8D34,0,1,1,4294967295,0,0
Water3,464,224,8E71E29E,0,1,1,4294967295,0,0
Water2,656,144,357B479C,0,1,1.5,4294967295,0,0
Water2,656,112,36467C30,0,1,1,4294967295,0,0
Water2,592,176,58D45AE5,0,1,1,4294967295,0,0
SpikeU,240,144,B5F2C184,0,1,1,4294967295,0,0
SpikeU,80,352,225ED3B8,0,1,1,4294967295,0,0
SpikeD,80,416,73BFEAC8,0,1,1,4294967295,0,0
SpikeU,112,304,E07ABD6E,0,1,1,4294967295,0,0
SpikeD,240,208,36DD2F92,0,1,1,4294967295,0,0
SpikeL,336,208,B0418555,0,1,1,4294967295,0,0
SpikeR,304,208,EFA35125,0,1,1,4294967295,0,0
SpikeD,208,288,0E5AA303,0,1,1,4294967295,0,0
SpikeD,112,368,DAB81B86,0,1,1,4294967295,0,0
SpikeL,144,416,4F8959C1,0,1,1,4294967295,0,0
SpikeR,176,384,6C0395DA,0,1,1,4294967295,0,0
SpikeL,208,336,6755C14B,0,1,1,4294967295,0,0
SpikeR,240,368,C7DF9DE7,0,1,1,4294967295,0,0
SpikeU,240,432,3B89DA63,0,1,1,4294967295,0,0
SpikeU,288,560,C9B81B03,0,1,1,4294967295,0,0
SpikeD,272,480,5B2DCEEE,0,1,1,4294967295,0,0
SpikeL,304,272,B036812A,0,1,1,4294967295,0,0
SpikeR,336,272,1F3394BF,0,1,1,4294967295,0,0
SpikeD,304,400,CCDF7291,0,1,1,4294967295,0,0
SpikeU,304,368,304632E1,0,1,1,4294967295,0,0
SpikeU,320,400,F6244002,0,1,1,4294967295,0,0
SpikeU,352,496,82430527,0,1,1,4294967295,0,0
SpikeD,432,448,2512EE70,0,1,1,4294967295,0,0
SpikeU,384,496,95AFB295,0,1,1,4294967295,0,0
SpikeU,384,368,57DEF196,0,1,1,4294967295,0,0
SpikeD,384,288,366C6342,0,1,1,4294967295,0,0
SpikeD,432,320,4914A5BD,0,1,1,4294967295,0,0
SpikeD,496,256,30D84DBC,0,1,1,4294967295,0,0
SpikeU,432,384,B03A5293,0,1,1,4294967295,0,0
SpikeU,528,368,6BDF60C1,0,1,1,4294967295,0,0
SpikeD,528,416,74A8C819,0,1,1,4294967295,0,0
SpikeD,560,416,0EC9788E,0,1,1,4294967295,0,0
SpikeU,576,480,E0A4430C,0,1,1,4294967295,0,0
SpikeU,560,352,66CCF12B,0,1,1,4294967295,0,0
SpikeU,576,320,4501E9E1,0,1,1,4294967295,0,0
SpikeR,560,32,67111DA4,0,1,1,4294967295,0,0
SpikeD,528,64,445D4291,0,1,1,4294967295,0,0
SpikeU,720,32,794F3493,0,1,1,4294967295,0,0
SpikeU,688,32,81E62AF1,0,1,1,4294967295,0,0
SpikeD,384,160,79ABE35C,0,1,1,4294967295,0,0
SpikeR,448,0,2DF35DD5,0,1,1,4294967295,0,0
SpikeD,416,32,9ADFC4C8,0,1,1,4294967295,0,0
SpikeU,448,80,63ED820A,0,1,1,4294967295,0,0
SpikeU,432,192,A12D5700,0,1,1,4294967295,0,0
SpikeU,496,160,245F958F,0,1,1,4294967295,0,0
SpikeR,624,272,0C739D1D,0,1,1,4294967295,0,0
SpikeL,624,288,42604FF1,0,1,1,4294967295,0,0
SpikeU,560,128,89E68FBB,0,1,1,4294967295,0,0
SpikeR,528,224,998283C1,0,1,1,4294967295,0,0
SpikeL,656,96,7A786A68,0,1,1,4294967295,0,0
SpikeU,608,480,E3FF5E00,0,1,1,4294967295,0,0
SpikeD,672,464,391EF7A7,0,1,1,4294967295,0,0
SpikeU,672,400,356B8C93,0,1,1,4294967295,0,0
SpikeU,592,352,A7EAC901,0,1,1,4294967295,0,0
SpikeU,624,144,D5F08E32,0,1,1,4294967295,0,0
SpikeR,656,176,DBE517EC,0,1,1,4294967295,0,0
SpikeU,656,256,7CE40733,0,1,1,4294967295,0,0
WallJumpR,576,512,4E0D0F5F,0,1,1,4294967295,0,0
WallJumpR,560,176,C40E555B,0,1,1,4294967295,0,0
Cherry,720,160,B9B18568,0,1,1,4294967295,0,0
Cherry,704,192,9AAC3196,0,1,1,4294967295,0,0
Cherry,288,384,830F890B,0,1,1,4294967295,0,0
Cherry,336,336,60364D9A,0,1,1,4294967295,0,0
Cherry,416,448,18A8D4F2,0,1,1,4294967295,0,0
Cherry,400,208,BA0FB014,0,1,1,4294967295,0,0
Cherry,416,240,313FEE7C,0,1,1,4294967295,0,0
Cherry,736,400,6CCCAA4B,0,1,1,4294967295,0,0
Cherry,544,288,9626BD0E,0,1,1,4294967295,0,0
Cherry,560,320,8907BD39,0,1,1,4294967295,0,0
Cherry,480,272,8238B4FE,0,1,1,4294967295,0,0
Cherry,640,224,74E63D55,0,1,1,4294967295,0,0
Cherry,720,368,B4E0DD55,0,1,1,4294967295,0,0
TextDraw,128,144,AB22EF68,0,1,1,4294967295,0,1
Skinner,64,16,12A3D9F6,0,1,1,4294967295,0,1
SavePointVeryHard,464,384,39002735,0,1,1,4294967295,0,0
SavePointVeryHard,688,288,B3FFFCFC,0,1,1,4294967295,0,0
AutoSaver,688,288,58BBFC71,0,1,1,4294967295,0,0
PlayerStart,688,288,C360F684,0,1,1,4294967295,0,0
