Autotiler,16,32,006E9CF8,0,1,1,4294967295,0,1
Warp,672,112,555EE7DE,0,1,1,4294967295,0,0
Block,144,416,70B42AA4,0,0.5,2,4294967295,0,0
Block,160,464,37D53320,0,1,0.5,4294967295,0,0
Block,144,384,EF1D3411,0,0.5,1,4294967295,0,0
Block,96,416,9F012CB4,0,1,0.5,4294967295,0,0
Block,144,544,699CF180,0,0.5,0.5,4294967295,0,0
Block,192,464,C91D6F15,0,1,0.5,4294967295,0,0
Block,224,336,E2EA3EB7,0,0.5,4.5,4294967295,0,0
Block,288,512,C2F2883E,0,0.5,1,4294967295,0,0
Block,288,544,9AFF3CE6,0,0.5,2,4294967295,0,0
Block,192,304,2930A636,0,0.5,1,4294967295,0,0
Block,208,320,B2F7C551,0,1,0.5,4294967295,0,0
Block,48,320,F8254AA0,0,0.5,1,4294967295,0,0
Block,96,432,0BD791E0,0,0.5,1,4294967295,0,0
Block,64,480,7399DA4A,0,1,0.5,4294967295,0,0
Block,96,464,C7400945,0,0.5,1,4294967295,0,0
Block,16,416,73497B03,0,1,0.5,4294967295,0,0
Block,48,352,A3787B98,0,0.5,1,4294967295,0,0
Block,112,224,BB9C5F7D,0,0.5,2,4294967295,0,0
Block,160,544,B709FA34,0,0.5,2,4294967295,0,0
Block,240,464,687B19C0,0,1,0.5,4294967295,0,0
Block,144,480,B9C78743,0,0.5,0.5,4294967295,0,0
Block,304,400,E1E05C54,0,0.5,1,4294967295,0,0
Block,320,400,CC98A689,0,1,0.5,4294967295,0,0
Block,320,432,0A507FF3,0,1,0.5,4294967295,0,0
Block,352,400,3F240BAD,0,0.5,1.5,4294967295,0,0
Block,304,512,F6ED424B,0,0.5,0.5,4294967295,0,0
Block,304,592,BD9BDB21,0,0.5,0.5,4294967295,0,0
Block,432,544,CECA2FBE,0,1,0.5,4294967295,0,0
Block,432,560,D2E03AF6,0,0.5,1.5,4294967295,0,0
Block,464,512,4981C521,0,0.5,1.5,4294967295,0,0
Block,480,400,F41A68F2,0,1,1,4294967295,0,0
Block,560,464,0195E6D4,0,1,0.5,4294967295,0,0
Block,560,480,8A975B8C,0,0.5,3,4294967295,0,0
Block,528,576,B5AAD54E,0,1.5,0.5,4294967295,0,0
Block,528,592,79B7F82C,0,0.5,1,4294967295,0,0
Block,624,384,255983A8,0,0.5,4,4294967295,0,0
Block,640,496,55FE6292,0,1.5,0.5,4294967295,0,0
Block,416,304,8EAC297B,0,0.5,1,4294967295,0,0
Block,496,432,67E8D41D,0,0.5,1,4294967295,0,0
Block,432,320,0675DDBF,0,1,0.5,4294967295,0,0
Block,416,272,BAD82BEA,0,0.5,1,4294967295,0,0
Block,432,272,3FE08C25,0,1,0.5,4294967295,0,0
Block,464,272,3D723983,0,0.5,2,4294967295,0,0
Block,240,224,C780D412,0,0.5,1,4294967295,0,0
Block,256,240,139F8A73,0,1.5,0.5,4294967295,0,0
Block,240,208,8F072F16,0,0.5,0.5,4294967295,0,0
Block,256,208,0A97282A,0,0.5,0.5,4294967295,0,0
Block,48,304,8E99AE9F,0,1,0.5,4294967295,0,0
Block,80,272,A5CAC59A,0,0.5,1.5,4294967295,0,0
Block,0,352,9ABF07BB,0,0.5,2.5,4294967295,0,0
Block,272,256,CAE1E6C0,0,0.5,2,4294967295,0,0
Block,320,416,4DC048B9,0,0.5,0.5,4294967295,0,0
Block,64,208,57059D24,0,0.5,0.5,4294967295,0,0
Block,208,160,0D43D7F3,0,0.5,2,4294967295,0,0
Block,48,160,7FB877A8,0,0.5,2,4294967295,0,0
Block,32,160,11E81293,0,0.5,0.5,4294967295,0,0
Block,112,48,6E47C04E,0,0.5,1.5,4294967295,0,0
Block,128,48,09B53C84,0,1,0.5,4294967295,0,0
Block,160,48,2D69CF93,0,0.5,2,4294967295,0,0
Block,112,0,9EBFD578,0,0.5,1.5,4294967295,0,0
Block,304,112,97C3717F,0,0.5,4.5,4294967295,0,0
Block,176,0,0FC69063,0,0.5,1.5,4294967295,0,0
Block,160,32,2572FFC3,0,0.5,0.5,4294967295,0,0
Block,224,32,FB307448,0,1,0.5,4294967295,0,0
Block,304,80,A6A16720,0,0.5,1,4294967295,0,0
Block,336,112,2B67CEC9,0,2,0.5,4294967295,0,0
Block,400,0,79F183CD,0,0.5,4,4294967295,0,0
Block,400,176,455CBB7D,0,0.5,2,4294967295,0,0
Block,448,160,C57BB1BC,0,1,1,4294967295,0,0
Block,448,128,46A3AC1A,0,1,1,4294967295,0,0
Block,416,0,4CCB34B8,0,0.5,1.5,4294967295,0,0
Block,464,0,6DB111AB,0,0.5,1.5,4294967295,0,0
Block,544,128,39656F64,0,0.5,2,4294967295,0,0
Block,560,176,DE45B358,0,1.5,0.5,4294967295,0,0
Block,544,96,B5C2D084,0,0.5,1,4294967295,0,0
Block,544,0,925A4CF9,0,0.5,3,4294967295,0,0
Block,592,112,50FC8740,0,0.5,2,4294967295,0,0
Block,592,240,7FE2170E,0,0.5,1.5,4294967295,0,0
Block,608,240,02F1A615,0,1,0.5,4294967295,0,0
Block,592,288,F59CEA90,0,2.5,0.5,4294967295,0,0
Block,640,208,BA230BC0,0,0.5,1.5,4294967295,0,0
Block,656,208,D2EDBFEE,0,1,0.5,4294967295,0,0
Block,672,224,8439165B,0,0.5,2.5,4294967295,0,0
Block,496,272,DDFF5485,0,1,0.5,4294967295,0,0
Block,592,96,2BA86E6D,0,3.5,0.5,4294967295,0,0
Block,688,0,91670367,0,0.5,3,4294967295,0,0
SavePointVeryHard,160,432,DD1F25D5,0,1,1,4294967295,0,0
CatharsisWater,128,240,00ADE21D,0,1,2,4294967295,0,0
CatharsisWater,112,432,531F2D05,0,1,0.5625,4294967295,0,0
Water2,144,560,77A04EBE,0,0.5,1.5,4294967295,0,0
CatharsisWater,272,336,53769721,0,1,2.5,4294967295,0,0
CatharsisWater,304,432,840D48C1,0,0.5,2.5,4294967295,0,0
CatharsisWater,272,416,990EC3DA,0,1,1,4294967295,0,0
CatharsisWater,304,528,218E83FF,0,0.5,2,4294967295,0,0
Water2,432,512,E740FE1A,0,0.5,1,4294967295,0,0
Water1,576,480,9B214CB0,0,0.5,1.75,4294967295,0,0
SavePointVeryHard,48,272,FF82D135,0,1,1,4294967295,0,0
CatharsisWater,368,400,00BB9E8B,0,0.5,1.25,4294967295,0,0
Water2,96,167,CF470B60,0,0.5,1.34375,4294967295,0,0
Water2,128,104,D926ED62,0,0.5,0.75,4294967295,0,0
Water1,280,8,D97B8D19,0,1,0.25,4294967295,0,0
CatharsisWater,312,0,8459DCD3,0,0.25,2.5,4294967295,0,0
CatharsisWater,448,192,ABFF5B1C,0,1,2.5,4294967295,0,0
Water2,464,96,D70D2B51,0,0.5,1,4294967295,0,0
Water3,432,16,30A69ABF,0,1,1,4294967295,0,0
CatharsisWater,320,112,5AB27D7A,0,0.5,1.5,4294967295,0,0
CatharsisWater,320,160,02FB726A,0,0.5,0.75,4294967295,0,0
SpikeR,160,384,246B32DD,0,1,1,4294967295,0,0
MiniSpikeUp,144,368,985AD116,0,1,1,4294967295,0,0
SpikeL,192,336,96665571,0,1,1,4294967295,0,0
SpikeU,96,384,2FC00300,0,1,1,4294967295,0,0
SpikeU,192,432,A5B827FC,0,1,1,4294967295,0,0
SpikeD,240,480,C0094C44,0,1,1,4294967295,0,0
SpikeL,160,304,E96ADDE4,0,1,1,4294967295,0,0
SpikeU,64,448,C149C89C,0,1,1,4294967295,0,0
SpikeR,128,224,068ADB8B,0,1,1,4294967295,0,0
MiniSpikeLeft,128,464,66E512EC,0,1,1,4294967295,0,0
MiniSpikeLeft,128,480,236AC853,0,1,1,4294967295,0,0
SpikeL,176,544,85C04381,0,1,1,4294967295,0,0
SpikeR,208,544,B4A5DFF2,0,1,1,4294967295,0,0
MiniSpikeUp,256,448,6F55A98F,0,1,1,4294967295,0,0
MiniSpikeUp,240,448,81B2C5C8,0,1,1,4294967295,0,0
SpikeL,272,400,D89CE4F1,0,1,1,4294967295,0,0
SpikeU,304,368,C2FAD714,0,1,1,4294967295,0,0
SpikeR,272,320,19F2D4DF,0,1,1,4294967295,0,0
MiniSpikeLeft,256,304,AE6D0034,0,1,1,4294967295,0,0
MiniSpikeUp,304,496,1E992F44,0,1,1,4294967295,0,0
MiniSpikeRight,352,448,4B55DE06,0,1,1,4294967295,0,0
MiniSpikeLeft,336,448,4E4B5DB6,0,1,1,4294967295,0,0
MiniSpikeRight,304,576,60721ED2,0,1,1,4294967295,0,0
MiniSpikeRight,320,592,4464238F,0,1,1,4294967295,0,0
SpikeL,368,480,0F4EAF03,0,1,1,4294967295,0,0
SpikeU,400,448,F7272B1B,0,1,1,4294967295,0,0
SpikeU,432,512,E904DC2A,0,1,1,4294967295,0,0
SpikeL,464,432,1DA8470A,0,1,1,4294967295,0,0
MiniSpikeUp,464,496,851CF731,0,1,1,4294967295,0,0
SpikeL,528,496,6B6C8FB9,0,1,1,4294967295,0,0
SpikeU,560,432,DEC36D99,0,1,1,4294967295,0,0
MiniSpikeUp,528,560,1807E7C6,0,1,1,4294967295,0,0
MiniSpikeUp,544,560,65793959,0,1,1,4294967295,0,0
MiniSpikeRight,576,528,9989F7D6,0,1,1,4294967295,0,0
SpikeL,560,368,09FB5DEC,0,1,1,4294967295,0,0
SpikeL,592,384,898E74AF,0,1,1,4294967295,0,0
SpikeR,592,368,0F550DD1,0,1,1,4294967295,0,0
MiniSpikeUp,624,368,8D431F5C,0,1,1,4294967295,0,0
SpikeD,624,512,F8DDD495,0,1,1,4294967295,0,0
SpikeD,656,512,7642B42D,0,1,1,4294967295,0,0
MiniSpikeUp,496,384,941161BB,0,1,1,4294967295,0,0
SpikeR,480,304,440ECC67,0,1,1,4294967295,0,0
SpikeR,384,288,A5031904,0,1,1,4294967295,0,0
MiniSpikeUp,480,384,2095231A,0,1,1,4294967295,0,0
MiniSpikeUp,336,384,FAC68207,0,1,1,4294967295,0,0
MiniSpikeUp,352,384,E52225CC,0,1,1,4294967295,0,0
MiniSpikeRight,368,432,CCFDF375,0,1,1,4294967295,0,0
MiniSpikeLeft,368,288,5FB52C8E,0,1,1,4294967295,0,0
SpikeL,208,224,1A6E3CBF,0,1,1,4294967295,0,0
MiniSpikeUp,192,288,7F571D03,0,1,1,4294967295,0,0
MiniSpikeUp,208,304,4D646CE9,0,1,1,4294967295,0,0
MiniSpikeRight,96,272,D54EBBC6,0,1,1,4294967295,0,0
SpikeL,400,560,BB11B764,0,1,1,4294967295,0,0
SpikeD,416,336,8A067C80,0,1,1,4294967295,0,0
MiniSpikeUp,224,304,F1D20021,0,1,1,4294967295,0,0
MiniSpikeDown,448,336,77912AA9,0,1,1,4294967295,0,0
SpikeD,64,320,527884E5,0,1,1,4294967295,0,0
MiniSpikeRight,16,352,7144EAB2,0,1,1,4294967295,0,0
MiniSpikeLeft,32,304,891735DE,0,1,1,4294967295,0,0
MiniSpikeUp,0,336,854CC0C3,0,1,1,4294967295,0,0
MiniSpikeDown,304,432,489AD962,0,1,1,4294967295,0,0
MiniSpikeUp,80,256,BDF9C74A,0,1,1,4294967295,0,0
MiniSpikeDown,80,208,14956BE9,0,1,1,4294967295,0,0
MiniSpikeRight,96,160,36A50A15,0,1,1,4294967295,0,0
MiniSpikeUp,112,208,89EFD94C,0,1,1,4294967295,0,0
SpikeL,176,192,4A780428,0,1,1,4294967295,0,0
MiniSpikeDown,152,208,AA919634,0,1,1,4294967295,0,0
MiniSpikeUp,152,192,08A0C850,0,1,1,4294967295,0,0
MiniSpikeLeft,80,176,F830DC3B,0,1,1,4294967295,0,0
SpikeU,32,128,A738D1BC,0,1,1,4294967295,0,0
SpikeL,96,96,C3A7BE3B,0,1,1,4294967295,0,0
MiniSpikeRight,128,96,58DC8F34,0,1,1,4294967295,0,0
SpikeR,176,80,0ACDDCDC,0,1,1,4294967295,0,0
MiniSpikeUp,208,144,D4CD98B6,0,1,1,4294967295,0,0
MiniSpikeLeft,240,168,067FD006,0,1,1,4294967295,0,0
MiniSpikeRight,256,168,5A87DB61,0,1,1,4294967295,0,0
SpikeL,272,112,4B9D04E9,0,1,1,4294967295,0,0
MiniSpikeUp,272,224,C7E475C3,0,1,1,4294967295,0,0
MiniSpikeUp,288,224,07E2512E,0,1,1,4294967295,0,0
SpikeD,224,48,FFE46818,0,1,1,4294967295,0,0
MiniSpikeDown,272,0,A6BE2E50,0,1,1,4294967295,0,0
MiniSpikeDown,304,0,C9DBA395,0,1,1,4294967295,0,0
MiniSpikeUp,304,64,36F54F54,0,1,1,4294967295,0,0
SpikeU,336,80,04A06EF0,0,1,1,4294967295,0,0
SpikeU,352,48,29BBB7BD,0,1,1,4294967295,0,0
SpikeU,368,80,5E875834,0,1,1,4294967295,0,0
MiniSpikeLeft,256,56,37C48770,0,1,1,4294967295,0,0
MiniSpikeRight,272,56,47DF93C9,0,1,1,4294967295,0,0
SpikeR,320,224,94D402FC,0,1,1,4294967295,0,0
SpikeL,368,208,40630DFC,0,1,1,4294967295,0,0
MiniSpikeUp,416,256,CDD3DDCE,0,1,1,4294967295,0,0
MiniSpikeUp,432,256,B3CAF51A,0,1,1,4294967295,0,0
MiniSpikeUp,400,160,F25221B6,0,1,1,4294967295,0,0
MiniSpikeUp,448,256,AB56E26D,0,1,1,4294967295,0,0
MiniSpikeUp,464,256,7EC394E5,0,1,1,4294967295,0,0
MiniSpikeLeft,352,240,D430C551,0,1,1,4294967295,0,0
MiniSpikeRight,368,240,A00971E6,0,1,1,4294967295,0,0
SpikeU,448,96,BC5922EA,0,1,1,4294967295,0,0
SpikeR,432,0,7054BCC4,0,1,1,4294967295,0,0
MiniSpikeDown,416,48,F4C3C071,0,1,1,4294967295,0,0
SpikeL,512,160,417B124B,0,1,1,4294967295,0,0
MiniSpikeRight,416,192,DED6B03E,0,1,1,4294967295,0,0
SpikeU,496,240,7C6CD150,0,1,1,4294967295,0,0
MiniSpikeDown,544,192,251DC097,0,1,1,4294967295,0,0
MiniSpikeDown,560,192,C668A682,0,1,1,4294967295,0,0
SpikeU,640,176,02CA7DF3,0,1,1,4294967295,0,0
SpikeD,640,112,97F2B897,0,1,1,4294967295,0,0
SpikeU,640,464,E26310A6,0,1,1,4294967295,0,0
MiniSpikeUp,672,480,6FDCC0A2,0,1,1,4294967295,0,0
MiniSpikeUp,672,192,78E391FB,0,1,1,4294967295,0,0
MiniSpikeLeft,192,160,E176EB0D,0,1,1,4294967295,0,0
MiniSpikeLeft,192,176,BF84FA3E,0,1,1,4294967295,0,0
MiniSpikeUp,80,192,EA65326E,0,1,1,4294967295,0,0
MiniSpikeDown,144,176,D08F0E00,0,1,1,4294967295,0,0
MiniSpikeUp,144,160,EE3BF904,0,1,1,4294967295,0,0
MiniSpikeRight,320,152,4AB3D648,0,1,1,4294967295,0,0
WallJumpL,272,528,B98EADE1,0,1,1,4294967295,0,0
WallJumpL,448,512,2C4D9395,0,1,1,4294967295,0,0
WallJumpL,480,432,FC4CBFC2,0,1,1,4294967295,0,0
WallJumpR,416,304,819A1010,0,1,1,4294967295,0,0
WallJumpL,336,400,45F83152,0,1,1,4294967295,0,0
WallJumpR,528,576,BF21C6CB,0,1,1,4294967295,0,0
WallJumpL,192,160,26405177,0,1,1,4294967295,0,0
WallJumpL,288,192,EC453B26,0,1,1,4294967295,0,0
WallJumpR,400,176,A97C39C0,0,1,1,4294967295,0,0
WallJumpL,448,160,368F6ABF,0,1,1,4294967295,0,0
Skinner,8,8,05616B98,0,1,1,4294967295,0,1
Platform,240,288,2D5E420E,0,0.5,3,4294967295,0,0
Platform,384,320,8B31DC44,0,1,1,4294967295,0,0
Platform,128,64,83AB1200,0,0.5,1,4294967295,0,0
AutoSaver,160,432,3D6F7600,0,1,1,4294967295,0,0
MusicPlayer,752,344,1654E601,0,1,1,4294967295,0,1
PlayerStart,160,432,055CC536,0,1,1,4294967295,0,0
