Warp,768,336,F5400615,0,1,1,4294967295,0,0
MiniBlock,704,336,D5AEC4DF,0,1,1,4294967295,0,0
MiniBlock,688,336,CB63C030,0,1,1,4294967295,0,0
Block,752,368,538B2C4B,0,1,1,4294967295,0,0
Block,688,432,D3F0F2F6,0,1,1,4294967295,0,0
MiniBlock,672,336,723CC9A9,0,1,1,4294967295,0,0
MiniBlock,672,352,2718775F,0,1,1,4294967295,0,0
Block,624,432,8200910C,0,1,1,4294967295,0,0
Block,592,432,E73BA2A8,0,1,1,4294967295,0,0
Block,592,400,38E6B28C,0,1,1,4294967295,0,0
Block,592,368,8EAA00FD,0,1,1,4294967295,0,0
Block,640,336,A6BD7CFA,0,1,1,4294967295,0,0
Block,768,304,E5B66A99,0,1,1,4294967295,0,0
Block,768,272,23E78ADE,0,1,1,4294967295,0,0
Block,768,240,27A7759D,0,1,1,4294967295,0,0
Block,768,208,4A9C7F2F,0,1,1,4294967295,0,0
Block,704,304,91AD5900,0,1,1,4294967295,0,0
Block,672,304,D66102A7,0,1,1,4294967295,0,0
Block,640,304,BD62B263,0,1,1,4294967295,0,0
Block,592,336,B8A4C55F,0,1,1,4294967295,0,0
Block,592,304,F8CFA153,0,1,1,4294967295,0,0
Block,592,272,D7D456F9,0,1,1,4294967295,0,0
Block,592,240,F2DFC4C0,0,1,1,4294967295,0,0
Block,592,208,16240350,0,1,1,4294967295,0,0
Block,768,176,299FB28A,0,1,1,4294967295,0,0
Block,624,176,55CB1BDD,0,1,1,4294967295,0,0
Block,624,144,0E67A8A7,0,1,1,4294967295,0,0
Block,624,112,368A66C5,0,1,1,4294967295,0,0
Block,624,80,B934C1E8,0,1,1,4294967295,0,0
MiniBlock,656,192,5EFC80F2,0,1,1,4294967295,0,0
MiniBlock,672,192,5D456038,0,1,1,4294967295,0,0
MiniBlock,688,192,D94CA524,0,1,1,4294967295,0,0
Block,704,176,7556F003,0,1,1,4294967295,0,0
Block,704,144,AD377B31,0,1,1,4294967295,0,0
Block,704,112,7F49FA04,0,1,1,4294967295,0,0
Block,624,48,3D0D0FDD,0,1,1,4294967295,0,0
Block,592,176,4A63C51E,0,1,1,4294967295,0,0
Block,544,64,BB79FE08,0,1,1,4294967295,0,0
Block,544,96,5CE48B29,0,1,1,4294967295,0,0
MiniBlock,496,256,9D9D3035,0,1,1,4294967295,0,0
MiniBlock,496,240,9069588B,0,1,1,4294967295,0,0
MiniBlock,496,224,EDEAE30C,0,1,1,4294967295,0,0
MiniBlock,496,208,3F3D0417,0,1,1,4294967295,0,0
Block,496,176,E1E2787A,0,1,1,4294967295,0,0
Block,448,0,D00C1F1E,0,1,1,4294967295,0,0
Block,512,64,46BC7D8A,0,1,1,4294967295,0,0
Block,448,240,6AFBAA7A,0,1,1,4294967295,0,0
Block,416,240,DE139591,0,1,1,4294967295,0,0
Block,416,208,FA735428,0,1,1,4294967295,0,0
Block,448,176,975E78D7,0,1,1,4294967295,0,0
Block,448,144,A37B6491,0,1,1,4294967295,0,0
Block,416,176,C75FDAA6,0,1,1,4294967295,0,0
Block,416,32,F3D67349,0,1,1,4294967295,0,0
Block,416,0,8B594A1E,0,1,1,4294967295,0,0
Block,32,192,06DB7807,0,1,1,4294967295,0,0
Block,0,-16,0D00177B,0,1,1,4294967295,0,0
Block,0,48,3593C581,0,1,1,4294967295,0,0
Block,0,16,5F519262,0,1,1,4294967295,0,0
Block,384,64,A39FEEB8,0,1,1,4294967295,0,0
Block,384,32,8CAE93CB,0,1,1,4294967295,0,0
Block,320,0,510AB840,0,1,1,4294967295,0,0
Block,224,80,4A37C9BD,0,1,1,4294967295,0,0
Block,176,0,002CF10E,0,1,1,4294967295,0,0
MiniBlock,224,176,1ED93F48,0,1,1,4294967295,0,0
MiniBlock,208,176,3AFDAB54,0,1,1,4294967295,0,0
Block,352,496,21F5AFD1,0,1,1,4294967295,0,0
Block,352,464,FA6AAAB5,0,1,1,4294967295,0,0
Block,352,432,3C5E457A,0,1,1,4294967295,0,0
Block,240,176,0BF4FCFA,0,1,1,4294967295,0,0
Block,320,176,9692A074,0,1,1,4294967295,0,0
Block,320,144,80E646E5,0,1,1,4294967295,0,0
Block,240,208,2B36B8C2,0,1,1,4294967295,0,0
Block,336,288,23183DA0,0,1,1,4294967295,0,0
Block,352,400,196F9F59,0,1,1,4294967295,0,0
MiniBlock,304,384,F9E00327,0,1,1,4294967295,0,0
MiniBlock,288,384,FC53D687,0,1,1,4294967295,0,0
MiniBlock,272,384,5636B072,0,1,1,4294967295,0,0
Block,288,400,B6BAEAD5,0,1,1,4294967295,0,0
MiniBlock,240,512,D04A0E62,0,1,1,4294967295,0,0
MiniBlock,240,496,8F1483F8,0,1,1,4294967295,0,0
MiniBlock,240,480,6FBF07BB,0,1,1,4294967295,0,0
MiniBlock,64,304,993A7876,0,1,1,4294967295,0,0
MiniBlock,64,288,057988EE,0,1,1,4294967295,0,0
MiniBlock,64,272,51B25F2A,0,1,1,4294967295,0,0
MiniBlock,64,256,BCA69636,0,1,1,4294967295,0,0
MiniBlock,64,240,4763B773,0,1,1,4294967295,0,0
MiniBlock,64,224,8EA8D261,0,1,1,4294967295,0,0
MiniBlock,64,208,DCB4031B,0,1,1,4294967295,0,0
MiniBlock,64,192,91D2F50D,0,1,1,4294967295,0,0
Block,80,192,57238217,0,1,1,4294967295,0,0
Block,112,192,D5A21DF0,0,1,1,4294967295,0,0
Block,48,368,16B82F9F,0,1,1,4294967295,0,0
Block,80,288,E97D89C8,0,1,1,4294967295,0,0
Block,240,336,08647A48,0,1,1,4294967295,0,0
Block,240,368,7BC7AE11,0,1,1,4294967295,0,0
Block,240,304,F68A9081,0,1,1,4294967295,0,0
Block,16,448,A2A4EB52,0,1,1,4294967295,0,0
Water2,480,112,F5A37EA6,0,1,1,4294967295,0,0
Water2,480,80,822CC412,0,1,1,4294967295,0,0
Water3,464,32,564DC5D0,0,1,1,4294967295,0,0
Water2,416,144,21F25026,0,1,1,4294967295,0,0
Water2,416,112,940059A8,0,1,1,4294967295,0,0
Water2,416,80,1722CE1F,0,1,1,4294967295,0,0
Water2,96,56,8DC7CDB3,0,1,1.5,4294967295,0,0
Water3,176,64,2970F12E,0,1,1,4294967295,0,0
Water3,176,32,BACE53BE,0,1,1,4294967295,0,0
Water3,256,400,E691E163,0,1,1,4294967295,0,0
Water2,256,488,5721C88B,0,0.5,1.25,4294967295,0,0
Water2,112,272,8EE0A6CD,0,1,1,4294967295,0,0
Water2,112,304,45324FDA,0,1,1,4294967295,0,0
Water2,208,320,C18914C4,0,1,1,4294967295,0,0
Water2,208,352,EE199A88,0,1,1,4294967295,0,0
Water2,144,376,D84714B4,0,1,1.75,4294967295,0,0
SpikeL,288,0,562ABAB7,0,1,1,4294967295,0,0
SpikeU,48,336,AF81B5F6,0,1,1,4294967295,0,0
SpikeL,720,368,A6DAD2E7,0,1,1,4294967295,0,0
SpikeU,688,400,C727D9A0,0,1,1,4294967295,0,0
SpikeU,640,272,43C74728,0,1,1,4294967295,0,0
SpikeU,704,272,8E64DE40,0,1,1,4294967295,0,0
SpikeU,672,272,73168CB7,0,1,1,4294967295,0,0
SpikeU,720,-16,48E155C5,0,1,1,4294967295,0,0
MiniSpikeUp,656,176,FCB45A2C,0,1,1,4294967295,0,0
SpikeU,672,160,B858ED06,0,1,1,4294967295,0,0
SpikeL,736,96,9DEF0AAD,0,1,1,4294967295,0,0
SpikeU,704,80,60011F5D,0,1,1,4294967295,0,0
SpikeL,688,16,2EC1278D,0,1,1,4294967295,0,0
SpikeD,656,80,15659A99,0,1,1,4294967295,0,0
SpikeU,512,32,76E6CD41,0,1,1,4294967295,0,0
SpikeU,528,0,7D90C1B2,0,1,1,4294967295,0,0
SpikeU,544,32,58BE3D7F,0,1,1,4294967295,0,0
SpikeL,592,48,3594F63F,0,1,1,4294967295,0,0
SpikeR,576,96,71E111D3,0,1,1,4294967295,0,0
SpikeD,544,128,D139F5B2,0,1,1,4294967295,0,0
SpikeU,496,144,7D003DC4,0,1,1,4294967295,0,0
SpikeD,448,32,799964D2,0,1,1,4294967295,0,0
SpikeL,480,64,6BC1D163,0,1,1,4294967295,0,0
SpikeU,448,112,199E8882,0,1,1,4294967295,0,0
SpikeU,416,144,6E1C246C,0,1,1,4294967295,0,0
SpikeR,416,64,F579D372,0,1,1,4294967295,0,0
SpikeD,384,96,22FF85B2,0,1,1,4294967295,0,0
MiniSpikeUp,64,176,ED046342,0,1,1,4294967295,0,0
SpikeU,32,160,9329B3DE,0,1,1,4294967295,0,0
SpikeR,32,48,294C33A2,0,1,1,4294967295,0,0
MiniSpikeRight,80,112,D3B635BD,0,1,1,4294967295,0,0
MiniSpikeLeft,64,112,81AD6648,0,1,1,4294967295,0,0
MiniSpikeRight,112,48,94538006,0,1,1,4294967295,0,0
MiniSpikeLeft,96,48,2CA38060,0,1,1,4294967295,0,0
MiniSpikeLeft,96,96,92219F91,0,1,1,4294967295,0,0
MiniSpikeRight,112,96,782C1240,0,1,1,4294967295,0,0
SpikeR,288,96,2EC31F0D,0,1,1,4294967295,0,0
SpikeL,256,96,14FFF55D,0,1,1,4294967295,0,0
SpikeU,320,112,9CF63BEE,0,1,1,4294967295,0,0
SpikeU,224,48,EE4BB3FB,0,1,1,4294967295,0,0
MiniSpikeLeft,176,32,6811D461,0,1,1,4294967295,0,0
MiniSpikeRight,192,32,DFDE24B4,0,1,1,4294967295,0,0
SpikeL,192,80,357BF0B2,0,1,1,4294967295,0,0
SpikeR,160,80,D1E3DBD4,0,1,1,4294967295,0,0
SpikeU,208,144,B9DB433B,0,1,1,4294967295,0,0
SpikeL,128,112,ED1A4BB5,0,1,1,4294967295,0,0
SpikeU,112,160,55AB895A,0,1,1,4294967295,0,0
SpikeD,368,352,E726B85B,0,1,1,4294967295,0,0
SpikeU,368,320,91E0E3C4,0,1,1,4294967295,0,0
SpikeD,352,528,A8761F9A,0,1,1,4294967295,0,0
SpikeR,352,144,B73201D8,0,1,1,4294967295,0,0
SpikeL,288,176,15063BB6,0,1,1,4294967295,0,0
SpikeD,320,208,5811BF51,0,1,1,4294967295,0,0
MiniSpikeDown,240,528,050B12EE,0,1,1,4294967295,0,0
MiniSpikeUp,272,368,2D72C548,0,1,1,4294967295,0,0
SpikeR,272,240,B408F2C3,0,1,1,4294967295,0,0
SpikeL,304,288,7F5FBC72,0,1,1,4294967295,0,0
SpikeU,288,352,3F425A88,0,1,1,4294967295,0,0
MiniSpikeRight,256,480,584F29F2,0,1,1,4294967295,0,0
MiniSpikeUp,240,464,8FAF0ACC,0,1,1,4294967295,0,0
SpikeD,240,400,D78A4D7A,0,1,1,4294967295,0,0
SpikeR,144,416,B45C56C0,0,1,1,4294967295,0,0
SpikeR,80,368,4AFAE5AB,0,1,1,4294967295,0,0
SpikeD,112,272,3868B212,0,1,1,4294967295,0,0
SpikeU,240,272,4DC8A433,0,1,1,4294967295,0,0
SpikeL,208,368,9F66C236,0,1,1,4294967295,0,0
SpikeL,208,304,DDC49397,0,1,1,4294967295,0,0
SpikeU,176,416,EECF3E22,0,1,1,4294967295,0,0
SpikeL,112,416,1AE69354,0,1,1,4294967295,0,0
MiniSpikeRight,160,368,2857D3A8,0,1,1,4294967295,0,0
MiniSpikeLeft,144,368,5E91D29D,0,1,1,4294967295,0,0
SpikeR,112,320,9A9C6B9F,0,1,1,4294967295,0,0
SpikeL,80,352,EB560D26,0,1,1,4294967295,0,0
WallJumpL,224,80,744067A7,0,1,1,4294967295,0,0
WallJumpL,224,496,32F73191,0,1,1,4294967295,0,0
Cherry,368,224,2B01E885,0,1,1,4294967295,0,0
Cherry,384,256,0FF79300,0,1,1,4294967295,0,0
Cherry,400,224,0DFAD861,0,1,1,4294967295,0,0
Cherry,752,320,ABBB3E9B,0,1,1,4294967295,0,0
Cherry,496,48,84E78E35,0,1,1,4294967295,0,0
SavePointVeryHard,624,400,B1728FB2,0,1,1,4294967295,0,0
SavePointVeryHard,448,208,97DCB95F,0,1,1,4294967295,0,0
SavePointVeryHard,240,144,D916A1B5,0,1,1,4294967295,0,0
SavePointVeryHard,16,416,746FF48A,0,1,1,4294967295,0,0
Skinner,512,352,202046E3,0,1,1,4294967295,0,1
TextDraw,464,496,BC65CE45,0,1,1,4294967295,0,1
PlayerStart,16,416,5C4C6A10,0,1,1,4294967295,0,0
