Autotiler,16,160,A193A50B,0,1,1,4294967295,0,1
Warp,640,112,F34FDEAC,0,1,1,4294967295,0,1
Block,240,368,46778774,0,1,1,4294967295,0,0
Block,240,400,37194037,0,1,1,4294967295,0,0
Block,608,0,F7E40F31,0,1,1,4294967295,0,0
Block,608,32,21D72FD5,0,1,1,4294967295,0,0
Block,608,64,E4813BBB,0,1,1,4294967295,0,0
Block,640,144,1C646F9C,0,1,1,4294967295,0,0
Block,640,176,865D6283,0,1,1,4294967295,0,0
Block,608,176,CA653EC2,0,1,1,4294967295,0,0
Block,288,0,C077EA2D,0,1,1,4294967295,0,0
Block,288,32,9E29A4A6,0,1,1,4294967295,0,0
Block,288,64,606587CC,0,1,1,4294967295,0,0
Block,416,96,26EEF282,0,1,1,4294967295,0,0
Block,384,96,ED2B3A24,0,1,1,4294967295,0,0
Block,320,64,30E78013,0,1,1,4294967295,0,0
Block,144,80,1585FD37,0,1,1,4294967295,0,0
Block,240,160,10F36160,0,1,1,4294967295,0,0
Block,144,112,DD051878,0,1,1,4294967295,0,0
Block,64,208,B1897B42,0,1,1,4294967295,0,0
Block,320,256,86415751,0,1,1,4294967295,0,0
Block,288,256,B000B0D1,0,1,1,4294967295,0,0
Block,320,224,7A217748,0,1,1,4294967295,0,0
Block,784,384,DFE135AA,0,1,1,4294967295,0,0
Block,32,400,7D806FF0,0,1,1,4294967295,0,0
Block,32,368,2459B36A,0,1,1,4294967295,0,0
Block,128,432,A57852D1,0,1,1,4294967295,0,0
Block,192,576,F35738C3,0,1,1,4294967295,0,0
Block,208,240,76C5E14C,0,1,1,4294967295,0,0
Block,176,240,E63B858D,0,1,1,4294967295,0,0
Block,144,240,66FBE734,0,1,1,4294967295,0,0
Block,144,272,392601C6,0,1,1,4294967295,0,0
Block,128,400,909A9201,0,1,1,4294967295,0,0
Block,128,368,4ED67F70,0,1,1,4294967295,0,0
Block,160,368,0BB3B8D3,0,1,1,4294967295,0,0
Block,272,368,577B00CD,0,1,1,4294967295,0,0
Block,272,400,DB665732,0,1,1,4294967295,0,0
Block,272,432,B6717F88,0,1,1,4294967295,0,0
Block,240,432,AE9FB686,0,1,1,4294967295,0,0
Block,320,512,CCD03747,0,1,1,4294967295,0,0
Block,320,544,5E57FFCB,0,1,1,4294967295,0,0
Block,352,544,6A5FA86A,0,1,1,4294967295,0,0
Block,416,480,D034A60C,0,1,1,4294967295,0,0
Block,416,448,DD9C6069,0,1,1,4294967295,0,0
Block,464,528,9F02BFB5,0,1,1,4294967295,0,0
Block,432,528,6F711F44,0,1,1,4294967295,0,0
Block,512,496,A29CC852,0,1,1,4294967295,0,0
Block,464,496,F4103320,0,1,1,4294967295,0,0
Block,512,464,E2802A4C,0,1,1,4294967295,0,0
Block,512,432,0F149A2B,0,1,1,4294967295,0,0
Block,432,224,E3576678,0,1,1,4294967295,0,0
Block,432,320,D5AC2C13,0,1,1,4294967295,0,0
Block,528,160,D93E19EA,0,1,1,4294967295,0,0
Block,464,320,9A10B2DD,0,1,1,4294967295,0,0
Block,576,208,DF6755CE,0,1,1,4294967295,0,0
Block,576,176,E59B8A80,0,1,1,4294967295,0,0
Block,752,272,D31BC56B,0,1,1,4294967295,0,0
Block,688,320,879BF3A2,0,1,1,4294967295,0,0
Block,528,368,5314C5C2,0,1,1,4294967295,0,0
Block,528,336,F4036D6C,0,1,1,4294967295,0,0
Block,560,368,DF8EBB7B,0,1,1,4294967295,0,0
Block,544,464,4466A9B7,0,1,1,4294967295,0,0
Water3,592,320,CE78DDBE,0,1,1,4294967295,0,0
Water2,752,368,6CF529CC,0,1,1,4294967295,0,0
Water2,176,272,105F2B28,0,1,1,4294967295,0,0
Water2,240,464,5A9F01B5,0,1,1,4294967295,0,0
Water2,240,496,CB880158,0,1,1,4294967295,0,0
Water3,384,464,058AC26C,0,1,1,4294967295,0,0
Water2,416,416,95F45DC8,0,1,1,4294967295,0,0
Water2,416,384,32C88959,0,1,1,4294967295,0,0
Water2,752,304,8253201E,0,1,1,4294967295,0,0
Water2,752,336,11BD795C,0,1,1,4294967295,0,0
Water3,592,352,8D4773EF,0,1,1,4294967295,0,0
Water3,112,224,F9C7B917,0,0.5,1.75,4294967295,0,0
WallJumpR,192,576,C7691D24,0,1,1,4294967295,0,0
WallJumpR,240,432,B428C888,0,1,1,4294967295,0,0
WallJumpR,512,496,3A51B754,0,1,1,4294967295,0,0
SpikeU,240,336,738EE6D3,0,1,1,4294967295,0,0
SpikeL,576,64,449512D5,0,1,1,4294967295,0,0
SpikeU,528,128,212A803A,0,1,1,4294967295,0,0
SpikeU,576,144,BFCD9A87,0,1,1,4294967295,0,0
SpikeU,416,64,606DD104,0,1,1,4294967295,0,0
SpikeU,384,64,0B051BA1,0,1,1,4294967295,0,0
SpikeD,288,96,27FF3B67,0,1,1,4294967295,0,0
SpikeU,320,32,5E18B202,0,1,1,4294967295,0,0
SpikeD,432,256,89D10394,0,1,1,4294967295,0,0
SpikeD,416,128,5FD77F46,0,1,1,4294967295,0,0
SpikeD,400,160,C253875F,0,1,1,4294967295,0,0
SpikeD,384,128,988395A4,0,1,1,4294967295,0,0
SpikeD,320,96,1BB68056,0,1,1,4294967295,0,0
SpikeU,320,192,5512AEDA,0,1,1,4294967295,0,0
SpikeU,144,48,2D5F6CAD,0,1,1,4294967295,0,0
SpikeR,176,80,8C2AEDF9,0,1,1,4294967295,0,0
SpikeR,208,96,222868FD,0,1,1,4294967295,0,0
SpikeR,176,112,DD566414,0,1,1,4294967295,0,0
SpikeU,208,208,5D91A80C,0,1,1,4294967295,0,0
SpikeU,176,208,BFAC69FA,0,1,1,4294967295,0,0
SpikeU,144,208,BE4BDD0C,0,1,1,4294967295,0,0
SpikeL,32,208,CF210C8E,0,1,1,4294967295,0,0
SpikeR,96,208,3219A7FB,0,1,1,4294967295,0,0
SpikeD,64,240,3773EA52,0,1,1,4294967295,0,0
SpikeR,96,304,908DA386,0,1,1,4294967295,0,0
SpikeL,64,304,D2967B8E,0,1,1,4294967295,0,0
SpikeD,80,512,EB0AAD8D,0,1,1,4294967295,0,0
SpikeU,80,480,6E6E3C90,0,1,1,4294967295,0,0
SpikeU,288,224,79B7E284,0,1,1,4294967295,0,0
SpikeR,352,224,37F32649,0,1,1,4294967295,0,0
SpikeL,256,256,676F2290,0,1,1,4294967295,0,0
SpikeD,320,288,AE8988D6,0,1,1,4294967295,0,0
SpikeD,288,288,82F5795A,0,1,1,4294967295,0,0
SpikeD,304,320,5F12801D,0,1,1,4294967295,0,0
SpikeU,752,240,E08C6640,0,1,1,4294967295,0,0
SpikeU,784,352,485B13EE,0,1,1,4294967295,0,0
SpikeL,752,384,A25152ED,0,1,1,4294967295,0,0
SpikeD,32,432,E3CC9332,0,1,1,4294967295,0,0
SpikeR,64,368,504AC5ED,0,1,1,4294967295,0,0
SpikeL,96,416,A628365A,0,1,1,4294967295,0,0
SpikeD,144,304,2DF9015D,0,1,1,4294967295,0,0
SpikeU,192,544,A2793EFB,0,1,1,4294967295,0,0
SpikeD,192,272,2FE514F5,0,1,1,4294967295,0,0
SpikeU,128,336,5551FD73,0,1,1,4294967295,0,0
SpikeR,192,368,16A0241E,0,1,1,4294967295,0,0
SpikeU,368,336,52DA2F12,0,1,1,4294967295,0,0
SpikeU,272,336,432E7228,0,1,1,4294967295,0,0
SpikeD,240,464,E923332C,0,1,1,4294967295,0,0
SpikeD,272,464,FEACC3A3,0,1,1,4294967295,0,0
SpikeD,256,496,DE500A38,0,1,1,4294967295,0,0
SpikeU,320,480,5F3A5965,0,1,1,4294967295,0,0
SpikeU,352,512,0ED7A81E,0,1,1,4294967295,0,0
SpikeD,368,368,E49A33C0,0,1,1,4294967295,0,0
SpikeL,384,448,29742378,0,1,1,4294967295,0,0
SpikeU,416,416,67B27DDB,0,1,1,4294967295,0,0
SpikeU,432,384,6593EEAD,0,1,1,4294967295,0,0
SpikeD,432,416,87983F88,0,1,1,4294967295,0,0
SpikeU,464,464,3990B0F5,0,1,1,4294967295,0,0
SpikeU,512,400,E49739E4,0,1,1,4294967295,0,0
SpikeD,528,400,214AC0FF,0,1,1,4294967295,0,0
SpikeR,464,224,3F15CB4A,0,1,1,4294967295,0,0
SpikeD,528,192,5BE04EC3,0,1,1,4294967295,0,0
SpikeL,496,160,59E3EF85,0,1,1,4294967295,0,0
SpikeU,464,288,AD884699,0,1,1,4294967295,0,0
SpikeR,608,208,4E552ECB,0,1,1,4294967295,0,0
SpikeD,576,240,522F3785,0,1,1,4294967295,0,0
SpikeL,720,272,B99FE71C,0,1,1,4294967295,0,0
SpikeD,752,304,730E4EDC,0,1,1,4294967295,0,0
SpikeR,624,304,CDF9C4F2,0,1,1,4294967295,0,0
SpikeL,592,304,2C922DAD,0,1,1,4294967295,0,0
SpikeD,640,416,898DED9B,0,1,1,4294967295,0,0
SpikeU,640,384,C911B553,0,1,1,4294967295,0,0
SpikeU,528,304,C53D6B39,0,1,1,4294967295,0,0
SpikeU,560,336,B4F04D33,0,1,1,4294967295,0,0
SpikeR,592,368,868865DB,0,1,1,4294967295,0,0
SpikeU,288,576,D9F32F86,0,1,1,4294967295,0,0
SpikeL,112,264,A2C570A6,0,1,1,4294967295,0,0
SpikeL,656,320,D466E4B6,0,1,1,4294967295,0,0
Skinner,80,64,9E37E12C,0,1,1,4294967295,0,1
TextDraw,688,32,B75E1529,0,1,1,4294967295,0,1
Platform,96,448,D945C64B,0,1,1,4294967295,0,0
Cherry,592,336,1FF01D24,0,1,1,4294967295,0,0
Cherry,352,176,B6FA9B18,0,1,1,4294967295,0,0
Cherry,432,200,89A3FBD8,0,1,1,4294967295,0,0
Cherry,496,368,4BC3FCCB,0,1,1,4294967295,0,0
Cherry,704,368,B19CA782,0,1,1,4294967295,0,0
SavePointVeryHard,160,336,9696D742,0,1,1,4294967295,0,0
SavePointVeryHard,544,432,8BCA7FC2,0,1,1,4294967295,0,0
AutoSaver,544,432,BF1B5DE4,0,1,1,4294967295,0,0
PlayerStart,544,432,FEFBBBBB,0,1,1,4294967295,0,0
