background126_block,-32,272,0,0,32,32,0,1,1,4294967295
background127_miniblock,448,560,0,0,16,16,0,1,1,4294967295
background127_miniblock,448,544,0,0,16,16,0,1,1,4294967295
background127_miniblock,496,432,0,0,16,16,0,1,1,4294967295
background127_miniblock,496,416,0,0,16,16,0,1,1,4294967295
background127_miniblock,608,288,0,0,16,16,0,1,1,4294967295
background127_miniblock,608,304,0,0,16,16,0,1,1,4294967295
background127_miniblock,432,408,0,0,16,16,0,1,1,4294967295
background127_miniblock,432,64,0,0,16,16,0,1,1,4294967295
background127_miniblock,448,64,0,0,16,16,0,1,1,4294967295
background127_miniblock,432,80,0,0,16,16,0,1,1,4294967295
background127_miniblock,432,96,0,0,16,16,0,1,1,4294967295
background127_miniblock,432,112,0,0,16,16,0,1,1,4294967295
background127_miniblock,432,128,0,0,16,16,0,1,1,4294967295
background127_miniblock,448,144,0,0,16,16,0,1,1,4294967295
background127_miniblock,432,144,0,0,16,16,0,1,1,4294967295
background127_miniblock,416,144,0,0,16,16,0,1,1,4294967295
background127_miniblock,416,160,0,0,16,16,0,1,1,4294967295
background127_miniblock,416,176,0,0,16,16,0,1,1,4294967295
background127_miniblock,400,176,0,0,16,16,0,1,1,4294967295
background127_miniblock,576,192,0,0,16,16,0,1,1,4294967295
background127_miniblock,240,192,0,0,16,16,0,1,1,4294967295
background127_miniblock,256,192,0,0,16,16,0,1,1,4294967295
background127_miniblock,272,192,0,0,16,16,0,1,1,4294967295
background127_miniblock,288,192,0,0,16,16,0,1,1,4294967295
background127_miniblock,304,192,0,0,16,16,0,1,1,4294967295
background127_miniblock,176,256,0,0,16,16,0,1,1,4294967295
background127_miniblock,176,272,0,0,16,16,0,1,1,4294967295
background127_miniblock,176,288,0,0,16,16,0,1,1,4294967295
background130_e8df9e3cfc9addb2761c6d423dfc777e_5938561317224475653,0,336,0,0,274,339,0,1,1,4294967295
