Autotiler,-32,272,A4139E3A,0,1,1,4294967295,0,1
Warp,48,304,5AE96B6C,0,1,1,4294967295,0,0
Block,16,16,4C8A17DD,0,1,1,4294967295,0,0
Block,512,432,8479284A,0,1,1,4294967295,0,0
MiniBlock,496,432,4D43F85A,0,1,1,4294967295,0,0
Block,448,576,D12F1E9D,0,1,1,4294967295,0,0
MiniBlock,448,560,D8FADA7F,0,1,1,4294967295,0,0
Block,544,432,EB253EEC,0,1,1,4294967295,0,0
Block,544,400,DA9D41F5,0,1,1,4294967295,0,0
Block,544,368,8AD4F55B,0,1,1,4294967295,0,0
MiniBlock,496,416,68E6B33F,0,1,1,4294967295,0,0
Block,544,336,B79B429F,0,1,1,4294967295,0,0
Block,368,448,383D0638,0,1,1,4294967295,0,0
Block,368,480,3F9C26A9,0,1,1,4294967295,0,0
Block,336,448,F4BD20F6,0,1,1,4294967295,0,0
Block,336,416,DCD12C96,0,1,1,4294967295,0,0
Block,336,384,A6A3D351,0,1,1,4294967295,0,0
Block,400,320,2DC5C187,0,1,1,4294967295,0,0
MiniBlock,448,544,4F46CF2B,0,1,1,4294967295,0,0
Block,560,544,67084CED,0,1,1,4294967295,0,0
Block,560,576,FD1DCB8D,0,1,1,4294967295,0,0
Block,592,576,4BD49940,0,1,1,4294967295,0,0
Block,656,480,84DBE102,0,1,1,4294967295,0,0
Block,656,448,E9F607A6,0,1,1,4294967295,0,0
Block,720,464,23077E20,0,1,1,4294967295,0,0
Block,768,544,D1F89262,0,1,1,4294967295,0,0
Block,768,576,9E4AD8E7,0,1,1,4294967295,0,0
Block,704,352,53974230,0,1,1,4294967295,0,0
Block,768,256,84C5DBD5,0,1,1,4294967295,0,0
Block,704,192,B628FC84,0,1,1,4294967295,0,0
Block,736,192,3333A588,0,1,1,4294967295,0,0
Block,768,192,F7F29243,0,1,1,4294967295,0,0
Block,672,192,5332A430,0,1,1,4294967295,0,0
Block,672,224,6FF22028,0,1,1,4294967295,0,0
MiniBlock,608,288,1183413A,0,1,1,4294967295,0,0
MiniBlock,608,304,88C0881D,0,1,1,4294967295,0,0
Block,464,256,D7E120DF,0,1,1,4294967295,0,0
Block,432,256,CFF8F066,0,1,1,4294967295,0,0
Block,400,256,9EA4019E,0,1,1,4294967295,0,0
Block,400,288,66D16D2F,0,1,1,4294967295,0,0
Block,544,192,7DD909FC,0,1,1,4294967295,0,0
Block,544,160,86CCD957,0,1,1,4294967295,0,0
MiniBlock,432,408,3BBD4A5D,0,1,1,4294967295,0,0
Block,576,48,18A27793,0,1,1,4294967295,0,0
Block,608,48,47AF7CB4,0,1,1,4294967295,0,0
Block,704,160,41F4841F,0,1,1,4294967295,0,0
Block,480,96,43F662FF,0,1,1,4294967295,0,0
MiniBlock,448,64,3F58B18C,0,1,1,4294967295,0,0
MiniBlock,432,64,1C482540,0,1,1,4294967295,0,0
MiniBlock,432,80,87C99887,0,1,1,4294967295,0,0
MiniBlock,432,96,963DE083,0,1,1,4294967295,0,0
MiniBlock,432,112,2A99AF5C,0,1,1,4294967295,0,0
MiniBlock,432,128,17F82E25,0,1,1,4294967295,0,0
MiniBlock,432,144,A3AA0726,0,1,1,4294967295,0,0
MiniBlock,448,144,26CD7D35,0,1,1,4294967295,0,0
Block,320,0,79B897CC,0,1,1,4294967295,0,0
Block,320,32,FBF63D45,0,1,1,4294967295,0,0
MiniBlock,416,144,6AD61C3A,0,1,1,4294967295,0,0
MiniBlock,416,160,23A94439,0,1,1,4294967295,0,0
MiniBlock,416,176,F5AFB7CE,0,1,1,4294967295,0,0
MiniBlock,400,176,D3B286CA,0,1,1,4294967295,0,0
Block,432,160,D4001A0D,0,1,1,4294967295,0,0
Block,288,128,508D0D78,0,1,1,4294967295,0,0
Block,240,160,ECA22DBD,0,1,1,4294967295,0,0
Block,288,160,89E448D8,0,1,1,4294967295,0,0
Block,288,-16,77716030,0,1,1,4294967295,0,0
MiniBlock,576,192,1345ADBC,0,1,1,4294967295,0,0
MiniBlock,240,192,5DD08413,0,1,1,4294967295,0,0
MiniBlock,256,192,69E4A8FB,0,1,1,4294967295,0,0
MiniBlock,272,192,2607B2E0,0,1,1,4294967295,0,0
MiniBlock,288,192,E5B7D661,0,1,1,4294967295,0,0
MiniBlock,304,192,A916DD53,0,1,1,4294967295,0,0
Block,144,-16,3DF14523,0,1,1,4294967295,0,0
Block,160,192,6EDE5CB8,0,1,1,4294967295,0,0
Block,192,192,D644A729,0,1,1,4294967295,0,0
Block,160,224,A3D579F8,0,1,1,4294967295,0,0
Block,16,80,CF0D8436,0,1,1,4294967295,0,0
Block,16,48,3C4D9A27,0,1,1,4294967295,0,0
Block,32,208,E21AEDA8,0,1,1,4294967295,0,0
Block,80,256,6F8B7637,0,1,1,4294967295,0,0
Block,-16,240,7E774B0C,0,1,1,4294967295,0,0
Block,-16,272,36F4993E,0,1,1,4294967295,0,0
Block,-16,304,D67DCF57,0,1,1,4294967295,0,0
Block,16,304,29B3C4F9,0,1,1,4294967295,0,0
MiniBlock,176,256,BF6202EC,0,1,1,4294967295,0,0
MiniBlock,176,272,3152B605,0,1,1,4294967295,0,0
MiniBlock,176,288,D5D3CA8E,0,1,1,4294967295,0,0
Block,224,320,4C4BA39E,0,1,1,4294967295,0,0
Block,256,320,9877EEB9,0,1,1,4294967295,0,0
Block,256,288,F904124B,0,1,1,4294967295,0,0
Water3,464,432,B657C70E,0,1,1.5,4294967295,0,0
Water3,496,448,B3347148,0,0.5,0.5,4294967295,0,0
SavePointVeryHard,512,400,8504E409,0,1,1,4294967295,0,0
CatharsisWater,448,416,806DD8C1,0,0.5,2,4294967295,0,0
Water2,416,352,DD027461,0,0.5,1.25,4294967295,0,0
CatharsisWater,416,392,E035C789,0,0.5,2.5,4294967295,0,0
CatharsisWater,624,496,AB1B1483,0,1,2.5,4294967295,0,0
Water2,720,384,3F2D1338,0,0.5,2.5,4294967295,0,0
Water3,656,176,AC9E1BB8,0,0.5,2,4294967295,0,0
CatharsisWater,640,176,6FC6B60E,0,0.5,2,4294967295,0,0
CatharsisWater,688,256,53AE4CD2,0,0.5,4,4294967295,0,0
CatharsisWater,704,224,E6C02E1A,0,0.5,3,4294967295,0,0
CatharsisWater,432,424,16BBF9D4,0,0.5,1.75,4294967295,0,0
SavePointVeryHard,768,224,485E5F39,0,1,1,4294967295,0,0
Water3,640,48,F894540D,0,1.25,1,4294967295,0,0
Water3,448,80,A313222A,0,0.5,2,4294967295,0,0
Water3,352,0,C91E5D0F,0,1,2.5,4294967295,0,0
Water2,320,64,743A45ED,0,1,1,4294967295,0,0
Water2,352,80,6918E61F,0,1,0.5,4294967295,0,0
Water3,176,160,9C02DDA5,0,1,1,4294967295,0,0
Water2,80,64,EFCAC286,0,1,1,4294967295,0,0
Water2,80,96,DAEA75FD,0,1,1,4294967295,0,0
Water2,80,128,1CB854C7,0,1,1,4294967295,0,0
Water3,192,224,56E34FBD,0,1,1,4294967295,0,0
Water3,192,256,4ED86D70,0,1,1,4294967295,0,0
SpikeL,464,464,76413675,0,1,1,4294967295,0,0
MiniSpikeRight,496,496,4B383490,0,1,1,4294967295,0,0
SpikeU,400,568,FD32D935,0,1,1,4294967295,0,0
SpikeD,400,600,941818FF,0,1,1,4294967295,0,0
SpikeL,464,416,0F1E4AB9,0,1,1,4294967295,0,0
SpikeD,464,336,A030A70A,0,1,1,4294967295,0,0
MiniSpikeUp,496,400,A97A0BA3,0,1,1,4294967295,0,0
SpikeR,432,320,C945FBA5,0,1,1,4294967295,0,0
SpikeL,512,336,DCB7F292,0,1,1,4294967295,0,0
SpikeU,544,304,9DC5EA00,0,1,1,4294967295,0,0
MiniSpikeRight,448,408,590BD925,0,1,1,4294967295,0,0
SpikeR,400,456,05575A89,0,1,1,4294967295,0,0
SpikeU,368,416,2D33634A,0,1,1,4294967295,0,0
SpikeD,368,512,A1ECFA0C,0,1,1,4294967295,0,0
SpikeU,336,352,90ED6157,0,1,1,4294967295,0,0
MiniSpikeLeft,416,384,763593BF,0,1,1,4294967295,0,0
MiniSpikeRight,432,384,CFB9C8C4,0,1,1,4294967295,0,0
MiniSpikeLeft,448,528,B95FF10F,0,1,1,4294967295,0,0
MiniSpikeRight,464,528,BC8EF47F,0,1,1,4294967295,0,0
SpikeU,560,512,90C43C47,0,1,1,4294967295,0,0
SpikeR,576,432,B2C679D8,0,1,1,4294967295,0,0
SpikeR,592,544,1DE26EFE,0,1,1,4294967295,0,0
SpikeL,624,480,ED5DD6C9,0,1,1,4294967295,0,0
SpikeR,624,560,2F9C481B,0,1,1,4294967295,0,0
SpikeU,656,416,9EDC27D3,0,1,1,4294967295,0,0
SpikeL,688,464,AF505F6C,0,1,1,4294967295,0,0
SpikeD,720,496,5C55CFB2,0,1,1,4294967295,0,0
SpikeL,768,464,C258AFE0,0,1,1,4294967295,0,0
MiniSpikeUp,720,448,56923B00,0,1,1,4294967295,0,0
MiniSpikeUp,736,448,DEA23AB2,0,1,1,4294967295,0,0
MiniSpikeDown,544,464,C9D5EAAC,0,1,1,4294967295,0,0
SpikeR,736,352,12CEFA33,0,1,1,4294967295,0,0
SpikeU,704,320,134FCC82,0,1,1,4294967295,0,0
SpikeL,736,256,63602548,0,1,1,4294967295,0,0
SpikeR,624,288,E22BD010,0,1,1,4294967295,0,0
SpikeL,640,224,E2CCC676,0,1,1,4294967295,0,0
MiniSpikeUp,608,272,8EF08D76,0,1,1,4294967295,0,0
SpikeL,608,160,0E2DE83D,0,1,1,4294967295,0,0
SpikeD,544,224,24C6ACB5,0,1,1,4294967295,0,0
SpikeL,512,160,13F0FD0B,0,1,1,4294967295,0,0
SpikeL,480,176,415EAF94,0,1,1,4294967295,0,0
SpikeL,512,192,02096BF5,0,1,1,4294967295,0,0
SpikeR,640,160,0FF11E8D,0,1,1,4294967295,0,0
MiniSpikeDown,672,256,31B5C159,0,1,1,4294967295,0,0
SpikeD,688,320,FC7F6768,0,1,1,4294967295,0,0
MiniSpikeDown,608,320,8E332249,0,1,1,4294967295,0,0
MiniSpikeLeft,768,368,61EB92FB,0,1,1,4294967295,0,0
MiniSpikeRight,784,368,184A28B5,0,1,1,4294967295,0,0
SpikeL,544,48,C968B880,0,1,1,4294967295,0,0
MiniSpikeDown,576,80,57787E32,0,1,1,4294967295,0,0
MiniSpikeDown,592,80,D873650E,0,1,1,4294967295,0,0
MiniSpikeDown,608,80,5FC13B10,0,1,1,4294967295,0,0
MiniSpikeDown,624,80,8F919A11,0,1,1,4294967295,0,0
MiniSpikeUp,608,32,128EBAE7,0,1,1,4294967295,0,0
MiniSpikeUp,624,32,984540C6,0,1,1,4294967295,0,0
SpikeL,648,48,E4E91DFC,0,1,1,4294967295,0,0
SpikeR,680,48,269104EF,0,1,1,4294967295,0,0
SpikeU,672,160,16A42876,0,1,1,4294967295,0,0
SpikeU,704,128,8CF37982,0,1,1,4294967295,0,0
SpikeU,752,160,CA07CE5C,0,1,1,4294967295,0,0
SpikeU,768,128,12A11051,0,1,1,4294967295,0,0
SpikeU,784,160,B88C75DA,0,1,1,4294967295,0,0
SpikeD,736,0,BC6C8283,0,1,1,4294967295,0,0
SpikeU,752,0,72703AC1,0,1,1,4294967295,0,0
SpikeD,496,0,E6DC5462,0,1,1,4294967295,0,0
SpikeU,480,64,8B34EB5E,0,1,1,4294967295,0,0
SpikeD,480,128,D22BFC5E,0,1,1,4294967295,0,0
SpikeU,432,32,7EDF7553,0,1,1,4294967295,0,0
MiniSpikeUp,448,128,D7F66077,0,1,1,4294967295,0,0
SpikeR,384,64,4A8A8E78,0,1,1,4294967295,0,0
SpikeL,352,64,33FDF568,0,1,1,4294967295,0,0
SpikeD,352,0,6750EFA5,0,1,1,4294967295,0,0
MiniSpikeUp,416,128,DC626D91,0,1,1,4294967295,0,0
MiniSpikeUp,400,160,35012815,0,1,1,4294967295,0,0
SpikeR,320,128,68A59DBD,0,1,1,4294967295,0,0
SpikeU,288,96,1244C721,0,1,1,4294967295,0,0
SpikeU,240,128,080D81F0,0,1,1,4294967295,0,0
MiniSpikeLeft,344,208,63F64C3E,0,1,1,4294967295,0,0
MiniSpikeRight,360,208,C7B7DEFA,0,1,1,4294967295,0,0
SpikeD,288,16,0DA10052,0,1,1,4294967295,0,0
MiniSpikeDown,576,208,C8B51CD6,0,1,1,4294967295,0,0
MiniSpikeUp,576,176,ECD2CF1D,0,1,1,4294967295,0,0
MiniSpikeRight,544,64,B2BCDD81,0,1,1,4294967295,0,0
MiniSpikeUp,272,176,09E33A39,0,1,1,4294967295,0,0
SpikeU,192,160,A5CD5B4E,0,1,1,4294967295,0,0
SpikeR,176,96,32954916,0,1,1,4294967295,0,0
SpikeU,160,160,2EDD97C7,0,1,1,4294967295,0,0
SpikeR,176,-16,32001E1F,0,1,1,4294967295,0,0
SpikeR,112,64,E0ABC54F,0,1,1,4294967295,0,0
SpikeL,48,112,6F095C61,0,1,1,4294967295,0,0
SpikeR,80,144,E05C9302,0,1,1,4294967295,0,0
SpikeD,144,16,30A44682,0,1,1,4294967295,0,0
SpikeL,112,-16,94CFC0D6,0,1,1,4294967295,0,0
SpikeU,80,224,132FA4F7,0,1,1,4294967295,0,0
SpikeU,16,-16,37C5B823,0,1,1,4294967295,0,0
SpikeU,32,176,FA4236F1,0,1,1,4294967295,0,0
SpikeL,48,256,A284680D,0,1,1,4294967295,0,0
SpikeU,-16,208,E175E845,0,1,1,4294967295,0,0
SpikeR,112,256,73324F8E,0,1,1,4294967295,0,0
SpikeR,192,272,6A5553A7,0,1,1,4294967295,0,0
SpikeU,224,288,A683F802,0,1,1,4294967295,0,0
SpikeU,256,256,28D19D94,0,1,1,4294967295,0,0
MiniSpikeLeft,696,64,BAA7712A,0,1,1,4294967295,0,0
MiniSpikeUp,96,48,A72B58FA,0,1,1,4294967295,0,0
MiniSpikeUp,80,48,A9A902BE,0,1,1,4294967295,0,0
SpikeL,368,320,D3CBB25E,0,1,1,4294967295,0,0
MiniSpikeDown,80,288,48EDE14E,0,1,1,4294967295,0,0
MiniSpikeDown,96,288,C2A3A95F,0,1,1,4294967295,0,0
SpikeD,432,192,89ACADE3,0,1,1,4294967295,0,0
Signpost,400,224,3E1DB79E,0,1,1,4294967295,0,1
MiniSpikeLeft,464,240,89415A7D,0,1,1,4294967295,0,0
MiniSpikeRight,480,240,4DEFD4FC,0,1,1,4294967295,0,0
WallJumpR,560,544,DA9613D4,0,1,1,4294967295,0,0
WallJumpL,656,480,97A4C784,0,1,1,4294967295,0,0
WallJumpR,704,352,6AE9D3E1,0,1,1,4294967295,0,0
WallJumpR,608,288,2F5CBE15,0,1,1,4294967295,0,0
WallJumpR,432,64,6B34ED77,0,1,1,4294967295,0,0
WallJumpR,160,224,906C8D77,0,1,1,4294967295,0,0
Cherry,752,432,A420AB09,0,1,1,4294967295,0,0
Cherry,552,144,6006369E,0,1,1,4294967295,0,0
Cherry,544,112,C4060847,0,1,1,4294967295,0,0
Cherry,752,80,E52071DA,0,1,1,4294967295,0,0
Cherry,640,272,ED30C461,0,1,1,4294967295,0,0
Cherry,336,192,21251E6A,0,1,1,4294967295,0,0
Cherry,384,192,F3071EE0,0,1,1,4294967295,0,0
Cherry,208,48,6EFF52A3,0,1,1,4294967295,0,0
Cherry,160,144,02F3EB2E,0,1,1,4294967295,0,0
Cherry,160,288,A0234501,0,1,1,4294967295,0,0
Cherry,272,224,D8C9C5C2,0,1,1,4294967295,0,0
Cherry,592,384,BF11CF78,0,1,1,4294967295,0,0
Cherry,480,168,4AFC3872,0,1,1,4294967295,0,0
Cherry,512,320,BF7BF473,0,1,1,4294967295,0,0
Skinner,16,8,0512B973,0,1,1,4294967295,0,1
Platform,688,496,D495FABC,0,1,1,4294967295,0,0
Platform,768,80,DA6CF2B8,0,0.5,2,4294967295,0,0
Platform,144,96,1DB95A9B,0,1,1,4294967295,0,0
Platform,768,320,32182D2E,0,1,1,4294967295,0,0
AutoSaver,512,400,419434B9,0,1,1,4294967295,0,0
PlayerStart,512,400,F08AAA44,0,1,1,4294967295,0,0
