DepthHueShift,176,496,314D929A,0,1,1,4294967295,0,1
SavePointVeryHard,464,80,907D92DD,0,1,1,4294967295,0,0
SavePointVeryHard,544,448,31080211,0,1,1,4294967295,0,0
Warp,192,0,FAFF3896,0,1,1,4294967295,0,0
DepthShaderReset,48,400,9E4FD5F1,0,1,1,4294967295,0,1
Block,144,48,219EE1E5,0,1,1,4294967295,0,0
Block,144,80,1F4BC061,0,1,1,4294967295,0,0
Block,240,128,CC1DC37C,0,1,1,4294967295,0,0
Block,288,144,B7558AEA,0,1,1,4294967295,0,0
Block,752,416,9C1CA389,0,1,1,4294967295,0,0
Block,752,448,2C782202,0,1,1,4294967295,0,0
Block,368,448,B11CDFBE,0,1,1,4294967295,0,0
Block,368,416,C90E52C8,0,1,1,4294967295,0,0
Block,416,592,E2DEF5CA,0,1,1,4294967295,0,0
Block,448,576,21E73C99,0,1,1,4294967295,0,0
Block,448,560,912DC038,0,1,1,4294967295,0,0
Block,416,560,2E5D47D4,0,1,1,4294967295,0,0
Block,416,352,F730CCDD,0,1,1,4294967295,0,0
Block,224,-16,053CB092,0,1,1,4294967295,0,0
Block,224,16,95864168,0,1,1,4294967295,0,0
Block,320,64,C06A9A7D,0,1,1,4294967295,0,0
Block,320,96,F3AA72A0,0,1,1,4294967295,0,0
Block,320,128,6FBB0915,0,1,1,4294967295,0,0
Block,208,208,6DB99D82,0,1,1,4294967295,0,0
Block,208,176,D65E56DD,0,1,1,4294967295,0,0
Block,224,320,A44D4C64,0,1,1,4294967295,0,0
Block,336,272,3EAC59AB,0,1,1,4294967295,0,0
Block,240,208,4CA0CF2F,0,1,1,4294967295,0,0
Block,320,160,23065D81,0,1,1,4294967295,0,0
Block,192,384,0B35F253,0,1,1,4294967295,0,0
Block,224,384,F1288A77,0,1,1,4294967295,0,0
Block,224,352,D97084B0,0,1,1,4294967295,0,0
Block,368,384,B6120AD0,0,1,1,4294967295,0,0
Block,368,352,DE294CDC,0,1,1,4294967295,0,0
Block,448,528,60EC205F,0,1,1,4294967295,0,0
Block,448,496,01B857DC,0,1,1,4294967295,0,0
Block,544,544,5C319F81,0,1,1,4294967295,0,0
Block,544,512,16093325,0,1,1,4294967295,0,0
Block,672,512,22C475A4,0,1,1,4294967295,0,0
Block,640,512,8233243E,0,1,1,4294967295,0,0
Block,416,320,ECA7D90B,0,1,1,4294967295,0,0
Block,448,352,32101EEA,0,1,1,4294967295,0,0
Block,416,32,AA427D47,0,1,1,4294967295,0,0
Block,416,0,31141899,0,1,1,4294967295,0,0
Block,464,208,3A995B5F,0,1,1,4294967295,0,0
Block,464,176,33E3569C,0,1,1,4294967295,0,0
Block,464,144,84A7B4B6,0,1,1,4294967295,0,0
Block,464,112,87F96FD8,0,1,1,4294967295,0,0
Block,720,160,E72060E0,0,1,1,4294967295,0,0
Block,720,128,716174C3,0,1,1,4294967295,0,0
Block,496,208,2C3ACC1E,0,1,1,4294967295,0,0
Block,528,208,6F8B86D9,0,1,1,4294967295,0,0
Block,592,176,B0140CEE,0,1,1,4294967295,0,0
Block,688,240,E5C4714F,0,1,1,4294967295,0,0
Block,688,400,F8D08409,0,1,1,4294967295,0,0
Block,688,368,1C0C4BA1,0,1,1,4294967295,0,0
Block,688,336,4E13DC07,0,1,1,4294967295,0,0
Block,656,400,C0AE46C4,0,1,1,4294967295,0,0
Block,576,336,5D83DED3,0,1,1,4294967295,0,0
Block,608,368,72F86C4E,0,1,1,4294967295,0,0
Block,576,400,35BA3497,0,1,1,4294967295,0,0
Block,576,368,D4FF2D3D,0,1,1,4294967295,0,0
Block,480,320,98DF3841,0,1,1,4294967295,0,0
Block,480,352,BA1814D0,0,1,1,4294967295,0,0
Block,480,384,F84A4179,0,1,1,4294967295,0,0
Block,544,480,58EF907B,0,1,1,4294967295,0,0
Block,208,496,41D46B5C,0,1,1,4294967295,0,0
Water2,256,384,07401607,0,1,1,4294967295,0,0
Water2,720,368,AA1E167E,0,1,1,4294967295,0,0
Water2,720,400,344EBFF6,0,1,1,4294967295,0,0
Water2,672,544,19D287B7,0,1,1,4294967295,0,0
Water2,640,544,9F16CB52,0,1,1,4294967295,0,0
Water2,672,576,46A57E72,0,1,1,4294967295,0,0
Water2,640,576,87CD1668,0,1,1,4294967295,0,0
Water2,512,240,9DFCE4A2,0,1,1,4294967295,0,0
Water2,512,272,99861EF5,0,1,1,4294967295,0,0
Water2,512,304,4702BC17,0,1,1,4294967295,0,0
CatharsisWater,0,80,BBB1634D,0,2.5,1,4294967295,0,0
objDepression,96,512,766FD136,0,1,1,4294967295,0,0
MiniSpikeUp,192,32,929C94B0,0,1,1,4294967295,0,0
MiniSpikeUp,208,32,24E7C807,0,1,1,4294967295,0,0
SpikeL,48,80,22954647,0,1,1,4294967295,0,0
SpikeD,208,48,F6DB0B6C,0,1,1,4294967295,0,0
SpikeR,80,80,10DB5F5C,0,1,1,4294967295,0,0
SpikeD,144,112,8680A3EF,0,1,1,4294967295,0,0
SpikeR,176,80,758B39F8,0,1,1,4294967295,0,0
MiniSpikeUp,304,128,4E4485F1,0,1,1,4294967295,0,0
MiniSpikeUp,288,128,0FC9CB8C,0,1,1,4294967295,0,0
MiniSpikeUp,256,112,AD9CDB62,0,1,1,4294967295,0,0
MiniSpikeUp,240,112,AC7C1393,0,1,1,4294967295,0,0
MiniSpikeDown,304,176,FC7BDA41,0,1,1,4294967295,0,0
SpikeD,240,160,EDB3B4E2,0,1,1,4294967295,0,0
SpikeL,336,384,234C095C,0,1,1,4294967295,0,0
SpikeL,336,352,C7516DA3,0,1,1,4294967295,0,0
MiniSpikeDown,368,480,EFEF1E3F,0,1,1,4294967295,0,0
MiniSpikeDown,384,480,03842858,0,1,1,4294967295,0,0
MiniSpikeLeft,400,528,627445DE,0,1,1,4294967295,0,0
MiniSpikeRight,416,528,2D5B9707,0,1,1,4294967295,0,0
SpikeR,720,240,2FC04799,0,1,1,4294967295,0,0
SpikeU,752,384,C5BDF37C,0,1,1,4294967295,0,0
MiniSpikeDown,192,48,5C72BF63,0,1,1,4294967295,0,0
MiniSpikeDown,240,48,AAD16F63,0,1,1,4294967295,0,0
SpikeD,208,240,FE663DF2,0,1,1,4294967295,0,0
SpikeR,256,16,AEB8C7A1,0,1,1,4294967295,0,0
SpikeL,288,64,03423F22,0,1,1,4294967295,0,0
SpikeU,320,32,ECFDCEB3,0,1,1,4294967295,0,0
SpikeL,384,32,BAE52E45,0,1,1,4294967295,0,0
SpikeU,384,112,BCEA3974,0,1,1,4294967295,0,0
SpikeD,384,144,50CA0B27,0,1,1,4294967295,0,0
MiniSpikeUp,352,256,9C07D59E,0,1,1,4294967295,0,0
SpikeU,208,144,1A8C3A7B,0,1,1,4294967295,0,0
SpikeL,176,176,A79472C3,0,1,1,4294967295,0,0
SpikeL,176,208,7CA95D50,0,1,1,4294967295,0,0
SpikeL,144,192,6181E6BE,0,1,1,4294967295,0,0
SpikeR,272,208,EF1EE0BE,0,1,1,4294967295,0,0
MiniSpikeRight,368,272,B81A4B47,0,1,1,4294967295,0,0
MiniSpikeRight,368,288,9AE0353D,0,1,1,4294967295,0,0
SpikeD,240,240,D236445D,0,1,1,4294967295,0,0
SpikeD,320,192,391F782F,0,1,1,4294967295,0,0
SpikeU,192,352,2D97A7A3,0,1,1,4294967295,0,0
SpikeD,192,416,AE41306D,0,1,1,4294967295,0,0
SpikeD,224,416,D9695CFD,0,1,1,4294967295,0,0
SpikeU,272,352,9C663FC8,0,1,1,4294967295,0,0
SpikeD,272,384,8D27BE53,0,1,1,4294967295,0,0
SpikeU,368,320,8E7EAF22,0,1,1,4294967295,0,0
MiniSpikeDown,416,384,4FFEB61D,0,1,1,4294967295,0,0
MiniSpikeDown,432,384,0F1483C7,0,1,1,4294967295,0,0
SpikeL,400,192,8BAA2F64,0,1,1,4294967295,0,0
SpikeU,448,464,DA72B401,0,1,1,4294967295,0,0
SpikeL,432,176,DA59B3ED,0,1,1,4294967295,0,0
SpikeL,432,208,1DB72241,0,1,1,4294967295,0,0
SpikeU,720,96,98F3667E,0,1,1,4294967295,0,0
MiniSpikeLeft,736,464,83B20066,0,1,1,4294967295,0,0
SpikeR,704,512,6C017BF9,0,1,1,4294967295,0,0
SpikeD,656,544,A6F50992,0,1,1,4294967295,0,0
SpikeL,512,544,4E85A1DB,0,1,1,4294967295,0,0
SpikeU,672,480,EEFE66D4,0,1,1,4294967295,0,0
SpikeU,640,480,A24F91BC,0,1,1,4294967295,0,0
MiniSpikeDown,496,240,D7D6AC40,0,1,1,4294967295,0,0
MiniSpikeDown,464,240,F63FA904,0,1,1,4294967295,0,0
MiniSpikeDown,480,240,261E9DD0,0,1,1,4294967295,0,0
SpikeU,416,288,2E8D1A07,0,1,1,4294967295,0,0
SpikeU,448,320,D51F1722,0,1,1,4294967295,0,0
SpikeD,448,384,D9EA1AA6,0,1,1,4294967295,0,0
SpikeD,416,64,8B5B1C64,0,1,1,4294967295,0,0
SpikeD,448,0,69AEFD7E,0,1,1,4294967295,0,0
SpikeD,464,32,720A79B9,0,1,1,4294967295,0,0
SpikeD,480,0,F9BEEDCE,0,1,1,4294967295,0,0
SpikeD,720,192,25779EA7,0,1,1,4294967295,0,0
SpikeL,512,48,DF92E468,0,1,1,4294967295,0,0
SpikeR,544,48,AB198BDA,0,1,1,4294967295,0,0
MiniSpikeLeft,576,112,0C4266FA,0,1,1,4294967295,0,0
MiniSpikeRight,592,112,D4F9A556,0,1,1,4294967295,0,0
MiniSpikeUp,496,192,A5DDBFDB,0,1,1,4294967295,0,0
MiniSpikeUp,512,192,D0DD0CE5,0,1,1,4294967295,0,0
MiniSpikeUp,528,192,442EB8FB,0,1,1,4294967295,0,0
MiniSpikeUp,544,192,78912160,0,1,1,4294967295,0,0
MiniSpikeDown,544,240,D9AD4B14,0,1,1,4294967295,0,0
SpikeR,560,208,B628BED7,0,1,1,4294967295,0,0
MiniSpikeDown,592,208,119EAE15,0,1,1,4294967295,0,0
MiniSpikeDown,608,208,5052AE95,0,1,1,4294967295,0,0
MiniSpikeUp,608,160,3AE335E3,0,1,1,4294967295,0,0
MiniSpikeUp,592,160,BD63328C,0,1,1,4294967295,0,0
SpikeL,688,128,FE6F29FA,0,1,1,4294967295,0,0
SpikeL,624,176,C9B62C5E,0,1,1,4294967295,0,0
SpikeR,656,176,3B4B2867,0,1,1,4294967295,0,0
SpikeL,656,240,00DD03A1,0,1,1,4294967295,0,0
SpikeD,688,272,C03B7329,0,1,1,4294967295,0,0
SpikeU,656,368,A63163EA,0,1,1,4294967295,0,0
SpikeR,480,496,BC068F81,0,1,1,4294967295,0,0
SpikeD,512,240,EACFD707,0,1,1,4294967295,0,0
SpikeU,608,336,243E504B,0,1,1,4294967295,0,0
SpikeU,576,304,37168C6F,0,1,1,4294967295,0,0
SpikeD,608,400,386DA80D,0,1,1,4294967295,0,0
SpikeD,576,432,0A90971B,0,1,1,4294967295,0,0
SpikeU,480,288,A9EA9979,0,1,1,4294967295,0,0
SpikeR,512,320,82548605,0,1,1,4294967295,0,0
SpikeD,480,416,6F364B15,0,1,1,4294967295,0,0
SpikeD,112,0,1F5123C9,0,1,1,4294967295,0,0
WallJumpR,416,352,FE8D7E68,0,1,1,4294967295,0,0
WallJumpR,592,176,3DA3D649,0,1,1,4294967295,0,0
WallJumpL,208,496,40930E6E,0,1,1,4294967295,0,0
Cherry,160,336,BF399552,0,1,1,4294967295,0,0
Cherry,144,240,2DE1781D,0,1,1,4294967295,0,0
Cherry,144,304,FF1014EB,0,1,1,4294967295,0,0
Cherry,160,272,0E2622BF,0,1,1,4294967295,0,0
Cherry,336,256,A97A312C,0,1,1,4294967295,0,0
Cherry,592,480,0E1E370C,0,1,1,4294967295,0,0
Cherry,640,144,3969CE43,0,1,1,4294967295,0,0
Cherry,240,576,3A5ABB82,0,1,1,4294967295,0,0
Platform,704,544,D8DC243A,0,1,1,4294967295,0,0
GravFlip,48,112,D72DE0AB,0,1,1,4294967295,0,0
GravNormal,112,80,6A2BE0DE,0,1,1,4294967295,0,0
GravFlip,176,112,FCF97637,0,1,1,4294967295,0,0
GravFlip,304,296,7F950C32,0,1,1,4294967295,0,0
GravNormal,304,368,1A0610DD,0,1,1,4294967295,0,0
GravFlip,512,80,5A59B4F7,0,1,1,4294967295,0,0
GravNormal,592,128,9FC9FC03,0,1,1,4294967295,0,0
GravFlip,656,128,62BB6F39,0,1,1,4294967295,0,0
GravNormal,512,352,6C281375,0,1,1,4294967295,0,0
GravFlip,448,416,6BB42C0E,0,1,1,4294967295,0,0
Skinner,80,272,19752B2A,0,1,1,4294967295,0,1
TextDraw,80,512,0570F9A6,0,1,1,4294967295,0,1
PlayerStart,544,448,F641D5CA,0,1,1,4294967295,0,0
