Autotiler,32,32,5B9D7923,0,1,1,4294967295,0,1
Warp,240,256,537DC863,0,1,1,4294967295,0,0
Block,384,512,416F7119,0,1,1,4294967295,0,0
Block,400,416,18BC734D,0,1,0.5,4294967295,0,0
Block,400,384,EAEF0ABD,0,1,1,4294967295,0,0
Block,368,416,B360BE52,0,1,0.5,4294967295,0,0
Block,384,480,7074A0C8,0,0.5,1,4294967295,0,0
Block,448,512,4F846D55,0,1,1,4294967295,0,0
Block,400,352,031C6BBE,0,1,1,4294967295,0,0
Block,464,368,8DFD60B8,0,1,1,4294967295,0,0
Block,480,512,612846E8,0,1,1,4294967295,0,0
Block,528,464,4A0E6846,0,1,1,4294967295,0,0
Block,560,416,17183FB0,0,0.5,2.5,4294967295,0,0
Block,528,336,2605223F,0,1,1,4294967295,0,0
Block,592,528,28D782A8,0,1,1,4294967295,0,0
Block,624,432,7E78CF9F,0,0.5,0.5,4294967295,0,0
Block,656,528,6F6E6707,0,1,1,4294967295,0,0
Block,688,432,1A311648,0,1,1,4294967295,0,0
Block,720,448,058243AD,0,1,0.5,4294967295,0,0
Block,688,400,2AF3E489,0,1,1,4294967295,0,0
Block,752,320,FE194883,0,1,1,4294967295,0,0
Block,480,480,F5EA5BFD,0,1,1,4294967295,0,0
Block,528,496,C636BEB6,0,0.5,0.5,4294967295,0,0
Block,544,576,D13FBA04,0,1,1,4294967295,0,0
Block,464,400,D83B425A,0,0.5,0.5,4294967295,0,0
Block,496,544,E47518E2,0,0.5,2,4294967295,0,0
Block,592,560,A06B0E08,0,0.5,1.5,4294967295,0,0
Block,656,560,95AAA86A,0,1,1,4294967295,0,0
Block,656,592,A8B58AB5,0,1,0.5,4294967295,0,0
Block,672,208,8DD1A33B,0,1,1,4294967295,0,0
Block,608,272,0A2FA4D3,0,1,1,4294967295,0,0
Block,576,144,AD2B0484,0,1.5,0.5,4294967295,0,0
Block,544,256,34081931,0,0.5,2.5,4294967295,0,0
Block,432,352,D31A6593,0,1,0.5,4294967295,0,0
Block,320,352,8316BD66,0,0.5,4,4294967295,0,0
Block,608,160,076D8D18,0,0.5,1.5,4294967295,0,0
Block,384,128,C1C28270,0,1,1,4294967295,0,0
Block,512,240,3686F949,0,0.5,1,4294967295,0,0
Block,512,224,966217FD,0,1,0.5,4294967295,0,0
Block,528,240,9FC2D330,0,0.5,3,4294967295,0,0
Block,608,304,68358901,0,2,0.5,4294967295,0,0
Block,640,320,D6E93326,0,1,1,4294967295,0,0
Block,400,48,F3A6457D,0,1,1,4294967295,0,0
Block,528,0,8B50602A,0,1,2.5,4294967295,0,0
Block,448,224,74FE1D5A,0,1,1,4294967295,0,0
Block,432,272,B1C5ED16,0,1,0.5,4294967295,0,0
Block,448,256,27DE4687,0,1,0.5,4294967295,0,0
Block,400,80,49E1E695,0,0.5,1.5,4294967295,0,0
Block,384,160,F8014AA3,0,1,0.5,4294967295,0,0
Block,320,176,64FEE94A,0,1,0.5,4294967295,0,0
Block,320,160,B45A70C5,0,1,0.5,4294967295,0,0
Block,304,176,C4CA53BA,0,0.5,0.5,4294967295,0,0
Block,336,192,09A30863,0,0.5,4,4294967295,0,0
Block,576,96,793C41D4,0,1,1.5,4294967295,0,0
Block,608,320,E6CD61F9,0,1,1,4294967295,0,0
Block,320,64,C8F22BFF,0,1,0.5,4294967295,0,0
Block,304,64,AF71350F,0,0.5,3.5,4294967295,0,0
Block,256,112,2B1875F1,0,1,1,4294967295,0,0
Block,240,0,6FB7A5B3,0,1,0.5,4294967295,0,0
Block,256,144,49B6DF12,0,1.5,0.5,4294967295,0,0
Block,208,80,724B15E4,0,0.5,1,4294967295,0,0
Block,160,112,F06E0DAF,0,1,1,4294967295,0,0
Block,96,16,2CBEDEA9,0,1,1,4294967295,0,0
Block,160,144,B05D5D3B,0,0.5,2.5,4294967295,0,0
Block,96,128,F3BCA1F5,0,0.5,0.5,4294967295,0,0
Block,208,48,12810FBC,0,0.5,1,4294967295,0,0
Block,96,0,39192236,0,1,0.5,4294967295,0,0
Block,144,0,B1D7617C,0,0.5,1,4294967295,0,0
Block,96,144,CEA86865,0,1,2,4294967295,0,0
Block,64,144,CB275CC9,0,1,1,4294967295,0,0
Block,16,16,6BB5E55F,0,1,1,4294967295,0,0
Block,16,0,4258C854,0,1,0.5,4294967295,0,0
Block,16,48,167FD07C,0,0.5,0.5,4294967295,0,0
Block,32,256,32057B01,0,1,1,4294967295,0,0
Block,64,256,EAAE5270,0,0.5,1,4294967295,0,0
Block,192,208,15BA75C8,0,1,1,4294967295,0,0
Block,96,384,34B933C2,0,1,1,4294967295,0,0
Block,144,272,85795EBA,0,1.5,1,4294967295,0,0
Block,144,256,C039A309,0,0.5,0.5,4294967295,0,0
Block,32,288,F4E6A406,0,2.5,0.5,4294967295,0,0
MiniBlock,232,0,2AFC4BB0,0,0.5,0.5,4294967295,0,0
Water2,576,432,E6990BB5,0,1,2,4294967295,0,0
Water3,608,464,3D0A491B,0,0.5,2,4294967295,0,0
Water3,472,152,B5AAF101,0,1.75,1.25,4294967295,0,0
SavePointVeryHard,368,384,6FDAC42E,0,1,1,4294967295,0,0
CatharsisWater,464,144,0523BBF6,0,0.25,1.5,4294967295,0,0
CatharsisWater,432,224,C9E00DB3,0,0.5,1.5,4294967295,0,0
SavePointVeryHard,320,128,C7FF3ED4,0,1,1,4294967295,0,0
Water2,528,80,630DB626,0,0.5,2.25,4294967295,0,0
Water3,472,144,88DC1047,0,0.25,0.25,4294967295,0,0
CatharsisWater,528,152,7F9D5799,0,0.5,2.25,4294967295,0,0
Water3,288,112,CBE4228D,0,0.5,1,4294967295,0,0
Water3,240,16,D7A426BB,0,0.5,1,4294967295,0,0
CatharsisWater,128,136,9903891C,0,0.5,2.25,4294967295,0,0
CatharsisWater,48,32,25C835A9,0,1,1,4294967295,0,0
CatharsisWater,32,48,F2026AB8,0,0.5,0.5,4294967295,0,0
Water3,64,192,6E62A1A5,0,1,0.5,4294967295,0,0
CatharsisWater,48,176,B1561B3A,0,0.5,2.5,4294967295,0,0
CatharsisWater,64,208,4429A747,0,0.5,1.5,4294967295,0,0
CatharsisWater,80,208,51AE7EB4,0,1,2,4294967295,0,0
CatharsisWater,112,208,7841C0BC,0,0.5,2.75,4294967295,0,0
CatharsisWater,144,176,5E245500,0,0.5,1,4294967295,0,0
SpikeL,368,352,B2CD33CF,0,1,1,4294967295,0,0
MiniSpikeUp,400,496,C94C07FC,0,1,1,4294967295,0,0
MiniSpikeUp,384,464,5146EA93,0,1,1,4294967295,0,0
SpikeU,448,480,EAAC9023,0,1,1,4294967295,0,0
WallJumpR,448,512,BF48BAE7,0,1,1,4294967295,0,0
WallJumpL,400,384,30E82BD1,0,1,1,4294967295,0,0
SpikeL,432,368,C29DE871,0,1,1,4294967295,0,0
MiniSpikeUp,464,352,0323C77F,0,1,1,4294967295,0,0
SpikeL,352,480,8737EF1F,0,1,1,4294967295,0,0
MiniSpikeDown,464,416,B28356E1,0,1,1,4294967295,0,0
SpikeD,528,368,9E949965,0,1,1,4294967295,0,0
WallJumpL,464,368,38BD85B4,0,1,1,4294967295,0,0
SpikeU,480,448,F0DD0623,0,1,1,4294967295,0,0
SpikeU,528,432,8265386F,0,1,1,4294967295,0,0
SpikeD,592,464,27020AFB,0,1,1,4294967295,0,0
SpikeU,592,432,B30A042E,0,1,1,4294967295,0,0
MiniSpikeUp,560,400,2D984984,0,1,1,4294967295,0,0
MiniSpikeUp,592,496,DCDB3A09,0,1,1,4294967295,0,0
MiniSpikeUp,624,416,676F4615,0,1,1,4294967295,0,0
SpikeL,656,432,C4386C42,0,1,1,4294967295,0,0
SpikeU,656,496,E2165A2C,0,1,1,4294967295,0,0
SpikeD,704,464,DC84F59A,0,1,1,4294967295,0,0
WallJumpL,656,528,C1B42826,0,1,1,4294967295,0,0
SpikeU,688,368,4922121B,0,1,1,4294967295,0,0
SpikeR,720,400,83326B75,0,1,1,4294967295,0,0
SpikeL,720,320,731343FD,0,1,1,4294967295,0,0
SpikeD,752,352,0344BD9C,0,1,1,4294967295,0,0
SpikeL,688,304,1A05262D,0,1,1,4294967295,0,0
SpikeR,720,304,5700A730,0,1,1,4294967295,0,0
MiniSpikeUp,544,560,1000C033,0,1,1,4294967295,0,0
MiniSpikeUp,560,560,A1ECB57D,0,1,1,4294967295,0,0
WallJumpR,544,576,C8199D34,0,1,1,4294967295,0,0
SpikeL,496,336,D4EF6971,0,1,1,4294967295,0,0
SpikeD,464,544,4C58384D,0,1,1,4294967295,0,0
MiniSpikeDown,592,512,A73C1A21,0,1,1,4294967295,0,0
MiniSpikeDown,544,496,659E06CB,0,1,1,4294967295,0,0
MiniSpikeDown,560,496,4421B7F5,0,1,1,4294967295,0,0
SpikeD,672,240,E4522797,0,1,1,4294967295,0,0
SpikeR,704,208,4CA9A385,0,1,1,4294967295,0,0
SpikeL,640,208,34C728E0,0,1,1,4294967295,0,0
SpikeU,672,176,BA18D7C3,0,1,1,4294967295,0,0
MiniSpikeUp,480,352,27C47798,0,1,1,4294967295,0,0
SpikeR,336,352,742C0724,0,1,1,4294967295,0,0
MiniSpikeDown,320,480,338006D9,0,1,1,4294967295,0,0
WallJumpR,448,224,3DCDCBD9,0,1,1,4294967295,0,0
SpikeU,560,160,12BDAF7E,0,1,1,4294967295,0,0
SpikeD,576,160,3B169DEE,0,1,1,4294967295,0,0
SpikeD,464,192,62792248,0,1,1,4294967295,0,0
SpikeU,512,192,3A4F315E,0,1,1,4294967295,0,0
SpikeU,640,272,BFAF5F98,0,1,1,4294967295,0,0
SpikeD,640,352,6E97371D,0,1,1,4294967295,0,0
MiniSpikeLeft,512,144,A423D174,0,1,1,4294967295,0,0
MiniSpikeRight,528,144,E3235517,0,1,1,4294967295,0,0
SpikeR,432,48,86E2B7CA,0,1,1,4294967295,0,0
SpikeR,448,128,B6380D51,0,1,1,4294967295,0,0
SpikeU,448,192,F32B87D8,0,1,1,4294967295,0,0
MiniSpikeUp,432,256,9888C277,0,1,1,4294967295,0,0
SpikeR,352,288,F9D066DB,0,1,1,4294967295,0,0
MiniSpikeUp,400,336,AF9F8E23,0,1,1,4294967295,0,0
MiniSpikeUp,448,336,351FFC06,0,1,1,4294967295,0,0
SpikeU,416,320,22950B35,0,1,1,4294967295,0,0
SpikeL,544,96,131C48FB,0,1,1,4294967295,0,0
SpikeU,576,64,374AD313,0,1,1,4294967295,0,0
MiniSpikeUp,608,128,3507B571,0,1,1,4294967295,0,0
MiniSpikeUp,496,160,60730F6A,0,1,1,4294967295,0,0
MiniSpikeDown,496,176,B88D9743,0,1,1,4294967295,0,0
MiniSpikeLeft,480,144,066D176C,0,1,1,4294967295,0,0
MiniSpikeRight,496,144,10EAC2A7,0,1,1,4294967295,0,0
SpikeL,496,48,F0ED3718,0,1,1,4294967295,0,0
SpikeD,608,352,D3E9295D,0,1,1,4294967295,0,0
SpikeR,544,224,9F0993A5,0,1,1,4294967295,0,0
MiniSpikeLeft,384,48,E6AA03A1,0,1,1,4294967295,0,0
MiniSpikeUp,384,112,5561E368,0,1,1,4294967295,0,0
MiniSpikeRight,358,80,BDD3335C,0,1,1,4294967295,0,0
MiniSpikeLeft,342,80,22D200AF,0,1,1,4294967295,0,0
SpikeU,320,32,223675D2,0,1,1,4294967295,0,0
MiniSpikeUp,304,48,EAB395B5,0,1,1,4294967295,0,0
SpikeR,272,-16,6D0C3617,0,1,1,4294967295,0,0
SpikeD,240,16,4CFB3A21,0,1,1,4294967295,0,0
SpikeU,256,80,12EB26FF,0,1,1,4294967295,0,0
SpikeL,224,112,E79381F4,0,1,1,4294967295,0,0
MiniSpikeUp,288,128,18AA982F,0,1,1,4294967295,0,0
MiniSpikeUp,400,32,BE71F52E,0,1,1,4294967295,0,0
MiniSpikeUp,416,32,63B58482,0,1,1,4294967295,0,0
MiniSpikeUp,256,32,91581C83,0,1,1,4294967295,0,0
SpikeL,160,80,5F51258B,0,1,1,4294967295,0,0
MiniSpikeUp,96,112,CE48842F,0,1,1,4294967295,0,0
MiniSpikeRight,208,32,D0E6FD5F,0,1,1,4294967295,0,0
MiniSpikeLeft,192,32,02020FD0,0,1,1,4294967295,0,0
MiniSpikeDown,144,32,B4733F69,0,1,1,4294967295,0,0
MiniSpikeRight,192,112,2A223BEA,0,1,1,4294967295,0,0
WallJumpR,96,16,936683B9,0,1,1,4294967295,0,0
WallJumpL,96,176,746FEF12,0,1,1,4294967295,0,0
SpikeL,128,192,75673D64,0,1,1,4294967295,0,0
MiniSpikeRight,128,128,3A0EAAA1,0,1,1,4294967295,0,0
MiniSpikeLeft,112,128,339CEC02,0,1,1,4294967295,0,0
SpikeU,64,112,CF986B24,0,1,1,4294967295,0,0
SpikeR,48,16,50FBDCF7,0,1,1,4294967295,0,0
SpikeL,32,160,D06160D0,0,1,1,4294967295,0,0
SpikeU,32,224,D947C342,0,1,1,4294967295,0,0
MiniSpikeRight,0,256,0924AF2C,0,1,1,4294967295,0,0
MiniSpikeLeft,16,256,3C5C9A7E,0,1,1,4294967295,0,0
MiniSpikeUp,64,240,77AD88B4,0,1,1,4294967295,0,0
SpikeL,64,176,FDD0FD9D,0,1,1,4294967295,0,0
MiniSpikeDown,96,208,E9D8505E,0,1,1,4294967295,0,0
SpikeR,80,256,4D57534E,0,1,1,4294967295,0,0
SpikeU,96,352,668C5381,0,1,1,4294967295,0,0
WallJumpL,96,384,1C0D0112,0,1,1,4294967295,0,0
MiniSpikeUp,176,256,25E6912C,0,1,1,4294967295,0,0
MiniSpikeUp,160,256,32C34165,0,1,1,4294967295,0,0
MiniSpikeUp,144,240,7CE9345F,0,1,1,4294967295,0,0
MiniSpikeRight,112,288,3BE5162D,0,1,1,4294967295,0,0
MiniSpikeUp,320,336,A0FA7C18,0,1,1,4294967295,0,0
MiniSpikeLeft,320,304,FEF031B7,0,1,1,4294967295,0,0
MiniSpikeLeft,216,-8,5A39542D,0,1,1,4294967295,0,0
MiniSpikeDown,192,240,A571E8B1,0,1,1,4294967295,0,0
MiniSpikeDown,208,240,7AB06DCB,0,1,1,4294967295,0,0
SpikeR,192,272,FB24ABB3,0,1,1,4294967295,0,0
Platform,432,416,92C1CEE4,0,1,1,4294967295,0,0
Platform,496,368,E198867C,0,0.5,2,4294967295,0,0
Platform,544,80,AAAA8AAB,0,0.5,1,4294967295,0,0
Platform,80,0,1D57C89C,0,0.5,3,4294967295,0,0
TextDraw,680,24,43632D4F,0,1,1,4294967295,0,1
AutoSaver,368,384,A6171770,0,1,1,4294967295,0,0
PlayerStart,368,384,74DC562E,0,1,1,4294967295,0,0
