Warp,32,368,142AC786,0,1,1,4294967295,0,0
Block,640,224,0BE648C7,0,1,1,4294967295,0,0
Block,720,64,F0F2219D,0,1,1,4294967295,0,0
Block,720,96,E8774655,0,1,1,4294967295,0,0
Block,512,224,BB120452,0,1,1,4294967295,0,0
Block,512,256,C50C4A52,0,1,1,4294967295,0,0
Block,576,304,44D0C4F4,0,1,1,4294967295,0,0
Block,592,400,05B992A5,0,1,1,4294967295,0,0
Block,464,368,1731983D,0,1,0.5,4294967295,0,0
Block,720,128,243BBBA6,0,1,1,4294967295,0,0
Block,720,160,97D64C77,0,1,1,4294967295,0,0
Block,720,192,5D6A2C6B,0,1,1,4294967295,0,0
Block,720,224,D5A96820,0,1,1,4294967295,0,0
Block,720,256,9292215B,0,1,1,4294967295,0,0
Block,720,288,9244FD61,0,1,1,4294967295,0,0
Block,720,320,67656ACA,0,1,1,4294967295,0,0
Block,560,0,4B1819CE,0,1,1,4294967295,0,0
Block,592,0,B28856AA,0,1,1,4294967295,0,0
Block,624,0,6B3AF2A2,0,1,1,4294967295,0,0
Block,720,0,00AC144B,0,1,1,4294967295,0,0
Block,720,32,8A94E77F,0,1,1,4294967295,0,0
Block,464,128,A8303521,0,1,1,4294967295,0,0
Block,496,128,886D4018,0,1,1,4294967295,0,0
Block,528,128,C49CF01E,0,1,1,4294967295,0,0
Block,560,128,8BB38A9D,0,1,1,4294967295,0,0
Block,464,96,0AA0C427,0,1,1,4294967295,0,0
Block,464,64,F9B93094,0,1,1,4294967295,0,0
Block,464,32,BA84D54B,0,1,1,4294967295,0,0
Block,464,0,D02414B2,0,1,1,4294967295,0,0
Block,496,0,42D92C6B,0,1,1,4294967295,0,0
Block,528,0,9DBF8C31,0,1,1,4294967295,0,0
Block,688,288,661A547F,0,1,1,4294967295,0,0
Block,688,320,DAA035B6,0,1,1,4294967295,0,0
Block,592,432,6D1C53A8,0,1,1,4294967295,0,0
Block,592,464,AB5FC2F8,0,1,1,4294967295,0,0
Block,560,464,9A267F10,0,1,1,4294967295,0,0
Block,432,128,3500F818,0,1,1,4294967295,0,0
Block,432,160,88E4CA64,0,1,1,4294967295,0,0
Block,432,192,8A69B42F,0,1,1,4294967295,0,0
Block,432,224,0B147AB4,0,1,1,4294967295,0,0
Block,432,256,62247744,0,1,1,4294967295,0,0
Block,432,288,0246EB34,0,1,1,4294967295,0,0
Block,432,320,0E76BAE5,0,1,1,4294967295,0,0
Block,432,352,D835276C,0,1,1,4294967295,0,0
Block,512,400,881AEFC5,0,1,1,4294967295,0,0
Block,512,432,C4B03CCA,0,1,1,4294967295,0,0
Block,512,464,0AB4A8F1,0,1,1,4294967295,0,0
Block,512,496,4C0C00FE,0,1,1,4294967295,0,0
Block,416,496,25BDAB16,0,1,1,4294967295,0,0
Block,448,496,23898686,0,1,1,4294967295,0,0
Block,384,432,1B46A1DC,0,1,1,4294967295,0,0
Block,384,464,A6E194E7,0,1,1,4294967295,0,0
Block,384,496,A700A4EB,0,1,1,4294967295,0,0
Block,368,352,BCD9080E,0,1,1,4294967295,0,0
Block,624,480,737399B1,0,1,0.5,4294967295,0,0
Block,656,480,731B1ABD,0,1,0.5,4294967295,0,0
Block,688,352,5BDAD7C3,0,1,1,4294967295,0,0
Block,688,384,5916024C,0,1,1,4294967295,0,0
Block,688,416,3B89AEF7,0,1,1,4294967295,0,0
Block,688,448,8682F5E1,0,1,1,4294967295,0,0
Block,688,480,463AB986,0,1,0.5,4294967295,0,0
Block,448,528,0FB12CF4,0,1,1,4294967295,0,0
Block,512,528,19DECD58,0,1,1,4294967295,0,0
Block,480,320,9688D435,0,0.5,1.5,4294967295,0,0
Block,256,224,7F1DB6C7,0,1,1,4294967295,0,0
Block,368,192,ECB01451,0,1,1,4294967295,0,0
Block,368,160,54753827,0,1,1,4294967295,0,0
Block,368,128,18ECEAD6,0,1,1,4294967295,0,0
Block,368,32,452C9020,0,1,1,4294967295,0,0
Block,336,32,C82B69D2,0,1,1,4294967295,0,0
Block,304,32,13AA8B0D,0,1,1,4294967295,0,0
Block,272,32,4E9BDBA5,0,1,1,4294967295,0,0
Block,240,32,22F5053E,0,1,1,4294967295,0,0
Block,384,64,D1FADB9E,0,0.5,2,4294967295,0,0
Block,224,112,824E2A60,0,1,1,4294967295,0,0
Block,240,320,EAB9BDA1,0,0.5,1.5,4294967295,0,0
Block,192,368,94410D70,0,1,1,4294967295,0,0
Block,160,368,099FD306,0,1,1,4294967295,0,0
Block,160,336,AD7794D3,0,1,1,4294967295,0,0
Block,240,224,43B9F832,0,0.5,1,4294967295,0,0
Block,160,192,E0D130D2,0,1,1,4294967295,0,0
Block,160,224,C9050E9E,0,1,1,4294967295,0,0
Block,288,352,52A9557F,0,0.5,1,4294967295,0,0
Block,336,224,D6326C37,0,1,1,4294967295,0,0
Block,368,224,C553400E,0,1,1,4294967295,0,0
Block,400,224,067A964B,0,1,1,4294967295,0,0
Block,208,464,F8EF0D57,0,1,1,4294967295,0,0
Block,288,384,7AB7E2B8,0,1,1,4294967295,0,0
Block,288,416,1E170A57,0,1,1,4294967295,0,0
Block,288,448,F4C965AB,0,1,1,4294967295,0,0
Block,144,496,CCBB7822,0,1,1,4294967295,0,0
Block,144,528,601CAAB4,0,1,1,4294967295,0,0
Block,176,528,F8635BA3,0,1,1,4294967295,0,0
Block,208,528,B1273FE9,0,1,1,4294967295,0,0
Block,208,496,5F775F40,0,1,1,4294967295,0,0
Block,96,336,7A046BF4,0,1,1,4294967295,0,0
Block,96,368,904990AB,0,1,1,4294967295,0,0
Block,96,400,EE84B1EC,0,1,1,4294967295,0,0
Block,32,400,CF5F65B2,0,1,1,4294967295,0,0
Block,32,432,769225E7,0,1,1,4294967295,0,0
Block,32,464,3B28ABDC,0,1,1,4294967295,0,0
Block,32,496,FFB7EBA7,0,1,1,4294967295,0,0
Block,32,528,94CA5DB0,0,1,1,4294967295,0,0
Block,32,560,994424B3,0,1,1,4294967295,0,0
Block,144,560,5EBCE562,0,1,1,4294967295,0,0
Block,144,592,01A5EBD5,0,1,1,4294967295,0,0
Block,32,592,408E491D,0,1,1,4294967295,0,0
Block,64,528,BE060C2D,0,1,1,4294967295,0,0
Block,144,32,F4F6E30B,0,1,1,4294967295,0,0
Block,144,64,195D3E45,0,1,1,4294967295,0,0
Block,144,96,FAA85DAB,0,1,1,4294967295,0,0
Block,144,128,03860D35,0,1,1,4294967295,0,0
Block,208,32,648775B5,0,1,1,4294967295,0,0
Block,176,32,B3AC5206,0,1,1,4294967295,0,0
Block,0,336,5DE2B715,0,1,1,4294967295,0,0
Block,0,368,1164A37E,0,1,1,4294967295,0,0
Block,0,400,DB78450A,0,1,1,4294967295,0,0
SavePointVeryHard,528,96,FC94F7D7,0,1,1,4294967295,0,0
Water2,656,80,4C5EC9F4,0,1,2,4294967295,0,0
CatharsisWater,688,0,57B4AD1E,0,0.5,4.5,4294967295,0,0
SavePointVeryHard,400,328,1990FE8B,0,1,1,4294967295,0,0
Water2,512,288,24D8A81F,0,1,3.5,4294967295,0,0
Water2,336,256,357B191E,0,0.5,1,4294967295,0,0
Water2,288,224,3BBE6627,0,1.5,0.5,4294967295,0,0
Water2,352,144,6F6FF207,0,0.5,2.5,4294967295,0,0
Water2,320,128,7ABFC021,0,1.5,0.5,4294967295,0,0
CatharsisWater,288,144,6B106FD7,0,1,1,4294967295,0,0
Water2,208,336,E4AB497A,0,1,1,4294967295,0,0
CatharsisWater,208,400,305348CD,0,0.5,1.75,4294967295,0,0
Water2,64,408,E8771AB8,0,1,0.5,4294967295,0,0
SpikeU,560,96,DF436E91,0,1,1,4294967295,0,0
SpikeL,656,128,AAE15E7A,0,1,1,4294967295,0,0
SpikeR,656,64,6AF390B1,0,1,1,4294967295,0,0
SpikeR,688,128,BD8E8245,0,1,1,4294967295,0,0
SpikeR,656,0,792E1B34,0,1,1,4294967295,0,0
SpikeU,640,192,71FB11B4,0,1,1,4294967295,0,0
SpikeD,512,288,35319002,0,1,1,4294967295,0,0
SpikeL,480,240,39944B9A,0,1,1,4294967295,0,0
SpikeD,560,32,1C156200,0,1,1,4294967295,0,0
SpikeU,576,272,5A588501,0,1,1,4294967295,0,0
SpikeL,656,320,1C27FFB9,0,1,1,4294967295,0,0
SpikeU,688,256,55840252,0,1,1,4294967295,0,0
SpikeU,592,368,BC5284AF,0,1,1,4294967295,0,0
SpikeR,624,400,809808BB,0,1,1,4294967295,0,0
SpikeU,560,432,BE31810A,0,1,1,4294967295,0,0
WallJumpR,592,400,10C4C0B9,0,1,1,4294967295,0,0
SpikeD,640,256,F3C1D69F,0,1,1,4294967295,0,0
SpikeL,624,32,84F895F9,0,1,1,4294967295,0,0
WallJumpL,512,224,61EE90CD,0,1,1,4294967295,0,0
SpikeD,560,160,9CED4B8C,0,1,1,4294967295,0,0
WallJumpL,576,304,4BDF9921,0,1,1,4294967295,0,0
MiniSpikeLeft,624,224,116D87BE,0,1,1,4294967295,0,0
MiniSpikeLeft,624,240,FE3D3D9F,0,1,1,4294967295,0,0
SpikeU,512,368,D39835A8,0,1,1,4294967295,0,0
SpikeU,448,464,6E58C116,0,1,1,4294967295,0,0
SpikeU,384,400,BD9B7C94,0,1,1,4294967295,0,0
MiniSpikeLeft,544,472,C005668E,0,1,1,4294967295,0,0
MiniSpikeUp,624,464,634BC325,0,1,1,4294967295,0,0
MiniSpikeUp,640,464,F7FB2652,0,1,1,4294967295,0,0
MiniSpikeUp,656,464,371F4EEA,0,1,1,4294967295,0,0
MiniSpikeUp,672,464,432C05D6,0,1,1,4294967295,0,0
MiniSpikeDown,656,192,5EF070F6,0,1,1,4294967295,0,0
MiniSpikeUp,464,352,0B72CD1D,0,1,1,4294967295,0,0
MiniSpikeUp,480,304,3DD75F01,0,1,1,4294967295,0,0
SpikeU,416,464,1B83DEBB,0,1,1,4294967295,0,0
WallJumpR,512,496,476A93E8,0,1,1,4294967295,0,0
MiniSpikeLeft,480,552,DE901910,0,1,1,4294967295,0,0
MiniSpikeRight,496,552,2AF19288,0,1,1,4294967295,0,0
SpikeD,448,384,77672F51,0,1,1,4294967295,0,0
MiniSpikeUp,512,208,F560D546,0,1,1,4294967295,0,0
MiniSpikeUp,528,208,3CABBD7B,0,1,1,4294967295,0,0
SpikeU,368,320,A95838E4,0,1,1,4294967295,0,0
SpikeD,368,256,DF3AA7A1,0,1,1,4294967295,0,0
SpikeD,336,256,EB1125B6,0,1,1,4294967295,0,0
SpikeD,288,304,F96ECF1C,0,1,1,4294967295,0,0
SpikeR,304,352,027891C5,0,1,1,4294967295,0,0
SpikeR,288,224,3CE306C3,0,1,1,4294967295,0,0
SpikeU,288,272,ED629F6A,0,1,1,4294967295,0,0
SpikeU,256,192,934A6020,0,1,1,4294967295,0,0
SpikeL,288,160,84D2EF2E,0,1,1,4294967295,0,0
SpikeR,320,128,6DC7F5D4,0,1,1,4294967295,0,0
SpikeU,336,192,BD5841ED,0,1,1,4294967295,0,0
SpikeR,256,112,8D03A1BA,0,1,1,4294967295,0,0
SpikeU,224,80,F291A122,0,1,1,4294967295,0,0
SpikeR,288,64,093A546D,0,1,1,4294967295,0,0
MiniSpikeLeft,272,64,0DA36914,0,1,1.0625,4294967295,0,0
MiniSpikeLeft,272,80,2BE69AF2,0,1,1,4294967295,0,0
SpikeU,192,336,6AB474E1,0,1,1,4294967295,0,0
MiniSpikeUp,288,336,9EBB5250,0,1,1,4294967295,0,0
MiniSpikeLeft,240,256,20B3BBFC,0,1,1,4294967295,0,0
MiniSpikeRight,256,256,ACE3F62C,0,1,1,4294967295,0,0
MiniSpikeUp,240,304,0734B7E7,0,1,1,4294967295,0,0
MiniSpikeUp,240,208,85F46A18,0,1,1,4294967295,0,0
SpikeU,160,160,6A58D0CC,0,1,1,4294967295,0,0
SpikeU,160,304,AE124459,0,1,1,4294967295,0,0
SpikeL,336,352,DE3A8647,0,1,1,4294967295,0,0
MiniSpikeLeft,208,448,7EC5473B,0,1,1,4294967295,0,0
MiniSpikeRight,224,448,AF8F7DED,0,1,1,4294967295,0,0
SpikeR,240,464,8DDCE9D8,0,1,1,4294967295,0,0
WallJumpR,208,464,003FD35D,0,1,1,4294967295,0,0
SpikeU,176,496,7E7B0060,0,1,1,4294967295,0,0
SpikeU,144,464,29D81CDE,0,1,1,4294967295,0,0
WallJumpR,160,368,F03C7189,0,1,1,4294967295,0,0
MiniSpikeDown,160,400,97730C7F,0,1,1,4294967295,0,0
MiniSpikeDown,176,400,651529B6,0,1,1,4294967295,0,0
SpikeR,128,336,E5DF4405,0,1,1,4294967295,0,0
WallJumpR,144,496,EF405CA5,0,1,1,4294967295,0,0
SpikeD,96,432,F9CBDBD2,0,1,1,4294967295,0,0
SpikeU,64,496,E5BB65DA,0,1,1,4294967295,0,0
SpikeD,144,160,58600A75,0,1,1,4294967295,0,0
MiniSpikeLeft,352,63,1F385867,0,1,1,4294967295,0,0
MiniSpikeRight,368,63,E526E3A4,0,1,1,4294967295,0,0
SpikeL,208,225,6C05EF39,0,1,1,4294967295,0,0
SpikeR,96,528,C26FA913,0,1,1,4294967295,0,0
MiniSpikeUp,272,336,473A9A0C,0,1,1,4294967295,0,0
MiniSpikeDown,208,144,95426634,0,1,1,4294967295,0,0
MiniSpikeUp,208,128,D378C4E1,0,1,1,4294967295,0,0
MiniSpikeDown,64,408,551B19AB,0,1,1,4294967295,0,0
MiniSpikeUp,64,392,1235D1B0,0,1,1,4294967295,0,0
MiniSpikeUp,352,176,1EDAD885,0,1,1,4294967295,0,0
MiniSpikeDown,352,192,4C6A9F78,0,1,1,4294967295,0,0
SpikeR,32,336,FD99A6E5,0,1,1,4294967295,0,0
SpikeL,64,336,8E61BC3B,0,1,1,4294967295,0,0
Platform,672,32,4B345F16,0,0.5,2,4294967295,0,0
CherryWhite,608,112,78E4B5C7,0,1,1,4294967295,0,0
CherryWhite,560,320,457BE7C3,0,1,1,4294967295,0,0
Platform,672,224,19B42755,0,1,1,4294967295,0,0
CherryWhite,656,304,CE05AC91,0,1,1,4294967295,0,0
CherryWhite,584,352,2CB554A7,0,1,1,4294967295,0,0
Platform,576,368,440FCCDA,0,0.5,4,4294967295,0,0
Platform,400,360,0C19831F,0,1,1,4294967295,0,0
Platform,256,352,B44E9DF1,0,1,1,4294967295,0,0
CherryWhite,272,448,74F8ED5D,0,1,1,4294967295,0,0
CherryWhite,176,288,8AD6276C,0,1,1,4294967295,0,0
Platform,144,368,45812C69,0,0.5,2,4294967295,0,0
PlayerStart,528,96,269F2E3A,0,1,1,4294967295,0,0
