background34_cookie,128,448,0,0,32,32,0,1,1,4294967295
background34_cookie,128,480,0,0,32,32,0,1,1,4294967295
background34_cookie,160,480,0,0,32,32,0,1,1,4294967295
background34_cookie,96,384,0,0,32,32,0,1,1,4294967295
background34_cookie,96,416,0,0,32,32,0,1,1,4294967295
background34_cookie,96,448,0,0,32,32,0,1,1,4294967295
background34_cookie,96,480,0,0,32,32,0,1,1,4294967295
background34_cookie,240,480,0,64,32,32,0,1,1,4294967295
background34_cookie,272,384,0,0,32,32,0,1,1,4294967295
background34_cookie,64,448,0,0,32,32,0,1,1,4294967295
background34_cookie,64,480,0,0,32,32,0,1,1,4294967295
background34_cookie,128,272,0,0,32,32,0,1,1,4294967295
background34_cookie,160,272,0,0,32,32,0,1,1,4294967295
background34_cookie,160,304,0,0,32,32,0,1,1,4294967295
background34_cookie,32,256,0,0,32,32,0,1,1,4294967295
background34_cookie,64,256,0,0,32,32,0,1,1,4294967295
background34_cookie,96,128,0,0,32,32,0,1,1,4294967295
background34_cookie,160,240,0,0,32,32,0,1,1,4294967295
background34_cookie,224,576,0,0,32,32,0,1,1,4294967295
background34_cookie,256,576,0,0,32,32,0,1,1,4294967295
background34_cookie,304,384,0,0,32,32,0,1,1,4294967295
background34_cookie,304,416,0,0,32,32,0,1,1,4294967295
background34_cookie,304,448,0,0,32,32,0,1,1,4294967295
background34_cookie,256,320,0,64,32,32,0,1,1,4294967295
background34_cookie,256,352,0,64,32,32,0,1,1,4294967295
background34_cookie,256,288,32,32,32,32,0,1,1,4294967295
background34_cookie,176,112,32,32,32,32,0,1,1,4294967295
background34_cookie,208,112,0,0,32,32,0,1,1,4294967295
background34_cookie,240,112,0,0,32,32,0,1,1,4294967295
background34_cookie,272,112,0,0,32,32,0,1,1,4294967295
background34_cookie,144,112,0,0,32,32,0,1,1,4294967295
background34_cookie,336,-16,0,0,32,32,0,1,1,4294967295
background34_cookie,336,16,0,0,32,32,0,1,1,4294967295
background34_cookie,336,48,0,0,32,32,0,1,1,4294967295
background34_cookie,336,80,0,0,32,32,0,1,1,4294967295
background34_cookie,336,224,0,0,32,32,0,1,1,4294967295
background34_cookie,336,256,0,0,32,32,0,1,1,4294967295
background34_cookie,368,256,0,0,32,32,0,1,1,4294967295
background34_cookie,368,224,0,0,32,32,0,1,1,4294967295
background34_cookie,432,176,0,0,32,32,0,1,1,4294967295
background34_cookie,432,208,0,0,32,32,0,1,1,4294967295
background34_cookie,512,80,0,0,32,32,0,1,1,4294967295
background34_cookie,512,112,0,0,32,32,0,1,1,4294967295
background34_cookie,544,112,0,0,32,32,0,1,1,4294967295
background34_cookie,544,144,0,0,32,32,0,1,1,4294967295
background34_cookie,544,176,0,0,32,32,0,1,1,4294967295
background34_cookie,544,208,0,0,32,32,0,1,1,4294967295
background34_cookie,336,288,0,0,32,32,0,1,1,4294967295
background34_cookie,336,320,0,0,32,32,0,1,1,4294967295
background34_cookie,336,352,0,0,32,32,0,1,1,4294967295
background34_cookie,336,384,0,0,32,32,0,1,1,4294967295
background34_cookie,448,48,0,0,32,32,0,1,1,4294967295
background34_cookie,448,64,32,32,32,32,0,1,1,4294967295
background34_cookie,368,80,0,0,32,32,0,1,1,4294967295
background34_cookie,432,64,32,64,32,32,0,1,1,4294967295
background34_cookie,432,144,32,32,32,32,0,1,1,4294967295
background34_cookie,624,64,0,0,32,32,0,1,1,4294967295
background34_cookie,624,96,0,0,32,32,0,1,1,4294967295
background34_cookie,624,128,0,0,32,32,0,1,1,4294967295
background34_cookie,656,64,0,0,32,32,0,1,1,4294967295
background34_cookie,656,32,0,0,32,32,0,1,1,4294967295
background34_cookie,656,0,0,0,32,32,0,1,1,4294967295
background34_cookie,592,0,32,0,32,32,0,1,1,4294967295
background34_cookie,480,352,0,0,32,32,0,1,1,4294967295
background34_cookie,512,352,0,0,32,32,0,1,1,4294967295
background34_cookie,624,160,0,0,32,32,0,1,1,4294967295
background34_cookie,624,192,0,0,32,32,0,1,1,4294967295
background34_cookie,592,224,0,0,32,32,0,1,1,4294967295
background34_cookie,624,224,0,0,32,32,0,1,1,4294967295
background34_cookie,608,256,0,0,32,32,0,1,1,4294967295
background34_cookie,608,288,0,0,32,32,0,1,1,4294967295
background34_cookie,608,320,0,0,32,32,0,1,1,4294967295
background34_cookie,608,352,0,0,32,32,0,1,1,4294967295
background34_cookie,512,384,0,0,32,32,0,1,1,4294967295
background34_cookie,480,448,0,0,32,32,0,1,1,4294967295
background34_cookie,480,480,0,0,32,32,0,1,1,4294967295
background34_cookie,480,512,0,0,32,32,0,1,1,4294967295
background34_cookie,480,544,0,0,32,32,0,1,1,4294967295
background34_cookie,480,576,0,0,32,32,0,1,1,4294967295
background34_cookie,368,56,0,0,32,32,0,1,0.75,4294967295
background34_cookie,496,384,32,64,32,32,0,1,1,4294967295
background34_cookie,576,448,0,0,32,32,0,1,1,4294967295
background34_cookie,544,544,0,0,32,32,0,1,1,4294967295
background168_Answer_to_Life,672,208,0,0,160,98,0,0.6,0.65306122,4294967295
background34_cookie,672,480,0,0,32,32,0,1,1,4294967295
background34_cookie,672,512,0,0,32,32,0,1,1,4294967295
