DepthHueShift,0,0,041AA3B3,0,1,1,4294967295,0,1
Warp,672,544,2765D8D2,0,1,1,4294967295,0,0
DepthShaderReset,0,32,8874991F,0,1,1,4294967295,0,1
Block,128,448,48DCA3A9,0,1,1,4294967295,0,0
Block,128,480,4E628FD4,0,1,1,4294967295,0,0
Block,160,480,6432E56D,0,1,1,4294967295,0,0
Block,96,384,318D7687,0,1,1,4294967295,0,0
Block,96,416,1D6336C5,0,1,1,4294967295,0,0
Block,96,448,13BD98B7,0,1,1,4294967295,0,0
Block,96,480,A5BFB3CB,0,1,1,4294967295,0,0
Block,256,480,45CD1DCB,0,0.5,1,4294967295,0,0
Block,272,384,51640AA9,0,1,1,4294967295,0,0
Block,64,448,96965236,0,1,1,4294967295,0,0
Block,64,480,F72DEB83,0,1,1,4294967295,0,0
Block,160,272,4A5E31AD,0,1,1,4294967295,0,0
Block,160,304,3A127628,0,1,1,4294967295,0,0
Block,128,272,56A3DFDB,0,1,1,4294967295,0,0
Block,64,256,DF666D91,0,1,1,4294967295,0,0
Block,32,256,D6520D13,0,1,1,4294967295,0,0
Block,96,128,39BEEEAF,0,1,1,4294967295,0,0
Block,160,240,F9D4DF1C,0,1,1,4294967295,0,0
Block,224,576,6CD1F39A,0,1,1,4294967295,0,0
Block,256,576,CD4C0D9E,0,1,1,4294967295,0,0
Block,304,384,A31D8497,0,1,1,4294967295,0,0
Block,304,416,B7FD3C6C,0,1,1,4294967295,0,0
Block,304,448,87765E01,0,1,1,4294967295,0,0
Block,256,304,AC38159B,0,1,0.5,4294967295,0,0
Block,272,320,3DABACB4,0,0.5,2,4294967295,0,0
Block,208,112,E1B466C4,0,1,1,4294967295,0,0
Block,240,112,0842E6B9,0,1,1,4294967295,0,0
Block,272,112,D3514D5C,0,1,1,4294967295,0,0
Block,176,128,C242A898,0,1,0.5,4294967295,0,0
Block,144,112,C0B756B1,0,1,1,4294967295,0,0
Block,336,224,A5C37DA3,0,1,1,4294967295,0,0
Block,368,224,988408ED,0,1,1,4294967295,0,0
Block,336,80,35D5C904,0,1,1,4294967295,0,0
Block,336,48,7468D7B9,0,1,1,4294967295,0,0
Block,336,16,E90606F4,0,1,1,4294967295,0,0
Block,336,-16,4BE1AD96,0,1,1,4294967295,0,0
Block,336,256,8F24D941,0,1,1,4294967295,0,0
Block,368,256,DB5FCA75,0,1,1,4294967295,0,0
Block,432,208,590E976C,0,1,1,4294967295,0,0
Block,432,176,2F1DB89E,0,1,1,4294967295,0,0
Block,512,80,C95B48E0,0,1,1,4294967295,0,0
Block,512,112,116CFD73,0,1,1,4294967295,0,0
Block,544,112,3F979E9B,0,1,1,4294967295,0,0
Block,544,144,3F319D96,0,1,1,4294967295,0,0
Block,544,176,FD82BE4A,0,1,1,4294967295,0,0
Block,544,208,8C09F079,0,1,1,4294967295,0,0
Block,336,288,E6F2941D,0,1,1,4294967295,0,0
Block,336,320,AC7BB1C6,0,1,1,4294967295,0,0
Block,336,352,C23E428B,0,1,1,4294967295,0,0
Block,336,384,2B728507,0,1,1,4294967295,0,0
Block,448,48,4FA4D6E3,0,1,1,4294967295,0,0
Block,448,80,540B2AD1,0,1,0.5,4294967295,0,0
Block,368,56,A74094BB,0,1,0.75,4294967295,0,0
Block,368,80,B11B3F97,0,1,1,4294967295,0,0
Block,432,64,5C90A4D0,0,0.5,1,4294967295,0,0
Block,432,160,3D3C3965,0,1,0.5,4294967295,0,0
Block,624,64,1BEC1B40,0,1,1,4294967295,0,0
Block,624,96,2D00DAF6,0,1,1,4294967295,0,0
Block,624,128,DAF85973,0,1,1,4294967295,0,0
Block,656,0,023C0F19,0,1,1,4294967295,0,0
Block,656,32,463231A1,0,1,1,4294967295,0,0
Block,656,64,B18BB277,0,1,1,4294967295,0,0
Block,592,0,C60CDC1A,0,1,0.5,4294967295,0,0
Block,592,224,7F0D77B0,0,1,1,4294967295,0,0
Block,624,224,AB0F4DFB,0,1,1,4294967295,0,0
Block,624,160,70EAC529,0,1,1,4294967295,0,0
Block,624,192,35EC2057,0,1,1,4294967295,0,0
Block,608,352,F68E4D32,0,1,1,4294967295,0,0
Block,608,320,5A29CBEB,0,1,1,4294967295,0,0
Block,608,288,C8DE49C3,0,1,1,4294967295,0,0
Block,608,256,9400EACB,0,1,1,4294967295,0,0
Block,480,352,6C9E330E,0,1,1,4294967295,0,0
Block,512,352,45E0146A,0,1,1,4294967295,0,0
Block,512,384,09B38B90,0,1,1,4294967295,0,0
Block,480,448,4564F272,0,1,1,4294967295,0,0
Block,480,480,17EC3B7E,0,1,1,4294967295,0,0
Block,480,512,4AEDF71A,0,1,1,4294967295,0,0
Block,480,544,3CCAEF98,0,1,1,4294967295,0,0
Block,480,576,06CD6EB5,0,1,1,4294967295,0,0
Block,496,384,759D8792,0,0.5,1,4294967295,0,0
Block,544,544,FF1C6EAF,0,1,1,4294967295,0,0
Block,576,448,1DE78454,0,1,1,4294967295,0,0
Block,672,480,3E4EE662,0,1,1,4294967295,0,0
Block,672,512,AFA9D1AD,0,1,1,4294967295,0,0
SutokuraWater,224,480,24602AD6,0,1,3,4294967295,0,0
Water2,288,416,7B8F68CE,0,0.5,2.5,4294967295,0,0
CatharsisWater,192,400,2D9127F7,0,1,3,4294967295,0,0
Water2,32,288,B782EEAF,0,0.5,2,4294967295,0,0
Water2,48,224,4397DC14,0,1,1,4294967295,0,0
Water2,0,272,7AF8DE66,0,1,0.5,4294967295,0,0
SutokuraWater,144,144,52B0F40A,0,0.5,4,4294967295,0,0
Water2,128,384,D0F71A0C,0,1,2,4294967295,0,0
SutokuraWater,256,208,82C0246E,0,1,3,4294967295,0,0
Water3,192,304,A37C6EE0,0,2,0.5,4294967295,0,0
SavePointVeryHard,176,96,F7B95FF3,0,1,1,4294967295,0,0
SavePointVeryHard,64,416,D2D782FC,0,1,1,4294967295,0,0
Water2,336,128,1AF8F34F,0,1,3,4294967295,0,0
SutokuraWater,368,128,75152198,0,1,3,4294967295,0,0
Water3,480,64,43D0812A,0,1,1,4294967295,0,0
CatharsisWater,480,0,ECA3DE08,0,1,2,4294967295,0,0
Water3,624,0,6E8F333F,0,1,2,4294967295,0,0
SutokuraWater,576,128,95B271E7,0,1.5,3,4294967295,0,0
Water2,448,368,A708C6CF,0,1,3,4294967295,0,0
SavePointVeryHard,480,416,DAC89C1D,0,1,1,4294967295,0,0
SpikeL,192,384,E2EBAECD,0,1,1,4294967295,0,0
SpikeU,224,352,5F23ABF3,0,1,1,4294967295,0,0
SpikeU,128,416,19CD38AE,0,1,1,4294967295,0,0
SpikeU,96,352,34A6F5E0,0,1,1,4294967295,0,0
SpikeU,224,544,37C21A7F,0,1,1,4294967295,0,0
SpikeR,272,480,9F8D4B49,0,1,1,4294967295,0,0
MiniSpikeUp,256,464,81DF5ADB,0,1,1,4294967295,0,0
SpikeR,192,480,B45E1AF8,0,1,1,4294967295,0,0
SpikeU,160,448,0D572BD7,0,1,1,4294967295,0,0
SpikeR,192,304,717EA362,0,1,1,4294967295,0,0
SpikeL,64,384,9B3397C0,0,1,1,4294967295,0,0
SpikeR,32,336,718EEDDE,0,1,1,4294967295,0,0
SpikeR,0,352,0E0FD3BF,0,1,1,4294967295,0,0
SpikeR,0,320,7232EA08,0,1,1,4294967295,0,0
SpikeD,64,288,01B69ED8,0,1,1,4294967295,0,0
SpikeU,32,224,89D9EE6A,0,1,1,4294967295,0,0
SpikeU,64,224,0E6FD525,0,1,1,4294967295,0,0
SpikeU,128,240,5231515D,0,1,1,4294967295,0,0
SpikeD,128,304,893B6074,0,1,1,4294967295,0,0
SpikeR,-16,256,3D80C35E,0,1,1,4294967295,0,0
SpikeD,96,160,2D8E450E,0,1,1,4294967295,0,0
SpikeU,256,272,4AD7D35F,0,1,1,4294967295,0,0
SpikeL,256,192,3EDC3E96,0,1,1,4294967295,0,0
SpikeR,288,192,8457347B,0,1,1,4294967295,0,0
SpikeU,288,352,900B02D6,0,1,1,4294967295,0,0
MiniSpikeUp,320,368,8D944393,0,1,1,4294967295,0,0
SpikeR,240,80,7EEC52B2,0,1,1,4294967295,0,0
SpikeL,208,80,C3214E39,0,1,1,4294967295,0,0
SpikeU,160,208,BBA78B9D,0,1,1,4294967295,0,0
SpikeU,96,96,F0BDD3F3,0,1,1,4294967295,0,0
SpikeD,64,512,C2248A88,0,1,1,4294967295,0,0
SpikeD,80,544,6B91A629,0,1,1,4294967295,0,0
SpikeD,96,512,C10F268B,0,1,1,4294967295,0,0
SpikeD,208,0,180041CA,0,1,1,4294967295,0,0
SpikeD,240,0,50AF588E,0,1,1,4294967295,0,0
SpikeU,272,80,A8968B05,0,1,1,4294967295,0,0
SpikeL,336,112,B31D3257,0,1,1,4294967295,0,0
SpikeR,368,112,0B8D0038,0,1,1,4294967295,0,0
SpikeU,336,192,E84511CC,0,1,1,4294967295,0,0
SpikeU,368,192,745A5AC1,0,1,1,4294967295,0,0
SpikeL,304,16,3A45DF6A,0,1,1,4294967295,0,0
SpikeU,432,128,4C9E06E9,0,1,1,4294967295,0,0
SpikeR,480,48,9603CA5D,0,1,1,4294967295,0,0
SpikeL,464,240,42C4DFA1,0,1,1,4294967295,0,0
SpikeR,496,240,1BD665CC,0,1,1,4294967295,0,0
SpikeD,432,240,F903A4EF,0,1,1,4294967295,0,0
SpikeR,368,304,F962733A,0,1,1,4294967295,0,0
MiniSpikeUp,448,32,3340DC86,0,1,1,4294967295,0,0
MiniSpikeUp,464,32,10E0508B,0,1,1,4294967295,0,0
MiniSpikeUp,432,48,CEB3EE05,0,1,1,4294967295,0,0
SpikeR,544,80,D146894E,0,1,1,4294967295,0,0
SpikeR,576,112,90E90647,0,1,1,4294967295,0,0
SpikeL,544,64,8ADBDB77,0,1,1,4294967295,0,0
SpikeU,624,32,32B91DE9,0,1,1,4294967295,0,0
SpikeU,592,192,DC705551,0,1,1,4294967295,0,0
SpikeU,512,320,0FC4B7EE,0,1,1,4294967295,0,0
SpikeL,544,416,771EF7F9,0,1,1,4294967295,0,0
SpikeR,576,416,07659304,0,1,1,4294967295,0,0
SpikeD,608,384,A8FEF4CB,0,1,1,4294967295,0,0
SpikeU,480,320,502679C2,0,1,1,4294967295,0,0
SpikeL,448,352,41AF817E,0,1,1,4294967295,0,0
SpikeL,448,448,C9720C8A,0,1,1,4294967295,0,0
SpikeR,512,448,EBAD9BFC,0,1,1,4294967295,0,0
SpikeL,640,480,300A2B17,0,1,1,4294967295,0,0
SpikeR,608,448,584CEEB0,0,1,1,4294967295,0,0
WallJumpL,368,224,A0DF515D,0,1,1,4294967295,0,0
WallJumpL,432,176,93A5C895,0,1,1,4294967295,0,0
WallJumpL,512,352,E58863C2,0,1,1,4294967295,0,0
WallJumpL,512,384,F4CE70E2,0,1,1,4294967295,0,0
CherryEmerald,96,336,CF5CDC00,0,1,1,4294967295,0,0
CherryEmerald,288,160,EF68953D,0,1,1,4294967295,0,0
CherryEmerald,528,224,2E841C54,0,1,1,4294967295,0,0
CherryEmerald,432,288,1BBA1478,0,1,1,4294967295,0,0
CherryEmerald,416,320,81C63AF4,0,1,1,4294967295,0,0
CherryEmerald,624,432,DABA1D67,0,1,1,4294967295,0,0
CherryEmerald,624,544,0F8BE1CD,0,1,1,4294967295,0,0
PlayerStart,64,416,BE1ED55A,0,1,1,4294967295,0,0
