background63_block,224,176,0,0,32,32,0,1,1,4294967295
background63_block,160,304,0,0,32,32,0,1,1,4294967295
background63_block,128,304,0,0,32,32,0,1,1,4294967295
background63_block,192,304,0,0,32,32,0,1,1,4294967295
background63_block,224,208,0,0,32,32,0,1,1,4294967295
background63_block,272,272,0,0,32,32,0,1,1,4294967295
background63_block,192,336,0,0,32,32,0,1,1,4294967295
background63_block,224,336,0,0,32,32,0,1,1,4294967295
background63_block,288,160,0,0,32,32,0,0.5,1,4294967295
background63_block,352,272,0,0,32,32,0,1,1,4294967295
background63_block,352,240,0,0,32,32,0,1,1,4294967295
background63_block,288,192,0,0,32,32,0,1,1,4294967295
background63_block,288,384,0,0,32,32,0,1,1,4294967295
background63_block,320,384,0,0,32,32,0,1,1,4294967295
background63_block,400,320,0,0,32,32,0,1,1,4294967295
background63_block,368,416,0,0,32,32,0,1,1,4294967295
background63_block,400,352,0,0,32,32,0,0.5,1,4294967295
background63_block,400,384,0,0,32,32,0,0.5,1,4294967295
background63_block,400,416,0,0,32,32,0,0.5,1,4294967295
background63_block,160,448,0,0,32,32,0,1,1,4294967295
background63_block,160,480,0,0,32,32,0,1,1,4294967295
background63_block,192,480,0,0,32,32,0,1,1,4294967295
background63_block,224,368,0,0,32,32,0,1,1,4294967295
background63_block,288,512,0,0,32,32,0,1,1,4294967295
background63_block,288,544,0,0,32,32,0,1,1,4294967295
background63_block,352,544,0,0,32,32,0,1,1,4294967295
background63_block,288,576,0,0,32,32,0,1,1,4294967295
background63_block,320,576,0,0,32,32,0,1,1,4294967295
background63_block,352,576,0,0,32,32,0,1,1,4294967295
background63_block,160,512,0,0,32,32,0,1,1,4294967295
background63_block,160,544,0,0,32,32,0,1,1,4294967295
background63_block,96,272,0,0,32,32,0,1,1,4294967295
background63_block,96,304,0,0,32,32,0,1,1,4294967295
background63_block,32,352,0,0,32,32,0,1,1,4294967295
background63_block,32,320,0,0,32,32,0,1,1,4294967295
background63_block,96,208,0,0,32,32,0,1,1,4294967295
background63_block,96,240,0,0,32,32,0,1,1,4294967295
background63_block,-16,144,0,0,32,32,0,1,1,4294967295
background63_block,64,112,0,0,32,32,0,1,1,4294967295
background63_block,64,144,0,0,32,32,0,0.5,1,4294967295
background63_block,32,384,0,0,32,32,0,1,1,4294967295
background63_block,32,416,0,0,32,32,0,1,1,4294967295
background63_block,128,336,0,0,32,32,0,0.5,1,4294967295
background63_block,32,448,0,0,32,32,0,1,1,4294967295
background63_block,64,448,0,0,32,32,0,1,1,4294967295
background63_block,96,336,0,0,32,32,0,0.5,0.5,4294967295
background63_block,64,80,0,0,32,32,0,1,1,4294967295
background63_block,96,80,0,0,32,32,0,1,1,4294967295
background63_block,224,48,0,0,32,32,0,1,1,4294967295
background63_block,224,16,0,0,32,32,0,1,1,4294967295
background63_block,320,48,0,0,32,32,0,1,1,4294967295
background63_block,320,16,0,0,32,32,0,1,1,4294967295
background63_block,352,-8,0,0,32,32,0,1,1,4294967295
background63_block,432,16,0,0,32,32,0,1,1,4294967295
background63_block,432,112,0,0,32,32,0,1,1,4294967295
background63_block,352,176,0,0,32,32,0,1,1,4294967295
background63_block,384,240,0,0,32,32,0,1,1,4294967295
background63_block,448,160,0,0,32,32,0,1,1,4294967295
background63_block,16,-16,0,0,32,32,0,1,1,4294967295
background63_block,224,-16,0,0,32,32,0,1,1,4294967295
background63_block,432,-16,0,0,32,32,0,1,1,4294967295
background63_block,416,304,0,0,32,32,0,1,0.5,4294967295
background63_block,496,128,0,0,32,32,0,1,1,4294967295
background63_block,528,128,0,0,32,32,0,1,1,4294967295
background63_block,528,160,0,0,32,32,0,1,1,4294967295
background63_block,528,192,0,0,32,32,0,1,1,4294967295
background63_block,496,0,0,0,32,32,0,1,1,4294967295
background63_block,528,0,0,0,32,32,0,1,1,4294967295
background63_block,528,224,0,0,32,32,0,1,1,4294967295
background63_block,560,0,0,0,32,32,0,1,1,4294967295
background63_block,560,32,0,0,32,32,0,1,1,4294967295
background63_block,624,192,0,0,32,32,0,1,1,4294967295
background63_block,624,224,0,0,32,32,0,1,1,4294967295
background63_block,672,112,0,0,32,32,0,1,1,4294967295
background63_block,672,144,0,0,32,32,0,1,1,4294967295
background63_block,640,-16,0,0,32,32,0,1,1,4294967295
background63_block,640,16,0,0,32,32,0,1,1,4294967295
background63_block,784,-16,0,0,32,32,0,1,1,4294967295
background63_block,784,16,0,0,32,32,0,1,1,4294967295
background63_block,784,48,0,0,32,32,0,1,1,4294967295
background63_block,784,80,0,0,32,32,0,1,1,4294967295
background63_block,784,112,0,0,32,32,0,1,1,4294967295
background63_block,752,80,0,0,32,32,0,1,1,4294967295
background63_block,752,112,0,0,32,32,0,1,1,4294967295
background63_block,752,144,0,0,32,32,0,0.5,1,4294967295
background63_block,752,176,0,0,32,32,0,0.5,1,4294967295
background63_block,704,256,0,0,32,32,0,1,1,4294967295
background63_block,704,288,0,0,32,32,0,1,1,4294967295
background63_block,704,320,0,0,32,32,0,1,1,4294967295
background63_block,672,320,0,0,32,32,0,1,1,4294967295
background63_block,768,336,0,0,32,32,0,1,1,4294967295
background63_block,768,368,0,0,32,32,0,1,1,4294967295
background63_block,608,400,0,0,32,32,0,1,1,4294967295
background63_block,608,432,0,0,32,32,0,1,1,4294967295
background63_block,640,432,0,0,32,32,0,1,1,4294967295
background63_block,704,448,0,0,32,32,0,1,1,4294967295
background63_block,544,288,0,0,32,32,0,1,1,4294967295
background63_block,544,320,0,0,32,32,0,1,1,4294967295
background63_block,512,416,0,0,32,32,0,1,1,4294967295
background63_block,512,320,0,0,32,32,0,1,1,4294967295
background63_block,512,288,0,0,32,32,0,1,1,4294967295
background63_block,384,448,0,0,32,32,0,1,1,4294967295
background63_block,384,480,0,0,32,32,0,1,1,4294967295
background63_block,448,192,0,0,32,32,0,1,0.5,4294967295
