Block,176,272,0CF6AD01,0,1,1,4294967295,0,0
Block,208,272,428E16E7,0,1,1,4294967295,0,0
Block,240,272,B504BC9B,0,1,1,4294967295,0,0
Block,272,272,E4BC239A,0,1,1,4294967295,0,0
Block,240,160,1B02304C,0,1,1,4294967295,0,0
WallJumpL,240,160,364B989B,0,1,1,4294967295,0,0
SpikeL,272,144,950EB8A8,0,1,1,4294967295,0,0
Skinner,192,544,B2C6FE25,0,1,1,4294967295,0,1
MusicPlayer,240,496,D89573D3,0,1,1,4294967295,0,1
TextDraw,144,32,BCAF41E9,0,1,1,4294967295,0,1
Platform,272,176,17E12F4B,0,1,1,4294967295,0,0
PlayerStart,176,240,2EEC95CF,0,1,1,4294967295,0,0
