background63_block,112,400,0,0,32,32,0,1,1,4294967295
background63_block,64,480,0,0,32,32,0,1,1,4294967295
background63_block,64,512,0,0,32,32,0,1,1,4294967295
background63_block,64,544,0,0,32,32,0,1,1,4294967295
background63_block,32,544,0,0,32,32,0,1,1,4294967295
background63_block,128,528,0,0,32,32,0,1,1,4294967295
background63_block,176,400,0,0,32,32,0,1,1,4294967295
background63_block,176,432,0,0,32,32,0,1,1,4294967295
background63_block,112,368,0,0,32,32,0,1,1,4294967295
background63_block,224,272,0,0,32,32,0,1,1,4294967295
background63_block,224,304,0,0,32,32,0,1,1,4294967295
background63_block,288,384,0,0,32,32,0,1,1,4294967295
background63_block,0,272,0,0,32,32,0,1,1,4294967295
background63_block,0,304,0,0,32,32,0,1,1,4294967295
background63_block,224,176,0,0,32,32,0,1,1,4294967295
background63_block,272,208,0,0,32,32,0,1,1,4294967295
background63_block,304,208,0,0,32,32,0,1,1,4294967295
background63_block,352,304,0,0,32,32,0,1,1,4294967295
background63_block,304,240,0,0,32,32,0,1,1,4294967295
background63_block,288,416,0,0,32,32,0,1,1,4294967295
background63_block,288,448,0,0,32,32,0,1,1,4294967295
background63_block,336,416,0,0,32,32,0,1,1,4294967295
background63_block,288,480,0,0,32,32,0,1,1,4294967295
background63_block,352,272,0,0,32,32,0,1,1,4294967295
background63_block,480,336,0,0,32,32,0,1,1,4294967295
background63_block,480,272,0,0,32,32,0,1,1,4294967295
background63_block,432,368,0,0,32,32,0,1,1,4294967295
background63_block,432,400,0,0,32,32,0,1,1,4294967295
background63_block,224,144,0,0,32,32,0,1,1,4294967295
background63_block,480,336,0,0,32,32,0,1,1,4294967295
background63_block,480,240,0,0,32,32,0,1,1,4294967295
background63_block,400,224,0,0,32,32,0,1,1,4294967295
background63_block,80,224,0,0,32,32,0,1,1,4294967295
background63_block,80,256,0,0,32,32,0,1,1,4294967295
background63_block,192,144,0,0,32,32,0,1,1,4294967295
background63_block,192,176,0,0,32,32,0,1,1,4294967295
background63_block,80,160,0,0,32,32,0,1,1,4294967295
background63_block,80,192,0,0,32,32,0,1,1,4294967295
background63_block,160,112,0,0,32,32,0,1,1,4294967295
background63_block,160,144,0,0,32,32,0,1,1,4294967295
background63_block,192,112,0,0,32,32,0,1,1,4294967295
background63_block,208,432,0,0,32,32,0,1,1,4294967295
background63_block,128,32,0,0,32,32,0,1,1,4294967295
background63_block,128,64,0,0,32,32,0,1,1,4294967295
background63_block,464,496,0,0,32,32,0,1,1,4294967295
background63_block,464,528,0,0,32,32,0,1,1,4294967295
background63_block,480,368,0,0,32,32,0,1,1,4294967295
background63_block,512,368,0,0,32,32,0,1,1,4294967295
background63_block,512,400,0,0,32,32,0,1,1,4294967295
background63_block,528,496,0,0,32,32,0,1,1,4294967295
background63_block,480,208,0,0,32,32,0,1,1,4294967295
background63_block,480,176,0,0,32,32,0,1,1,4294967295
background63_block,480,144,0,0,32,32,0,1,1,4294967295
background63_block,368,128,0,0,32,32,0,1,1,4294967295
background63_block,368,96,0,0,32,32,0,1,1,4294967295
background63_block,288,80,0,0,32,32,0,1,1,4294967295
background63_block,416,-16,0,0,32,32,0,1,1,4294967295
background63_block,416,16,0,0,32,32,0,1,1,4294967295
background63_block,528,-16,0,0,32,32,0,1,1,4294967295
background63_block,528,16,0,0,32,32,0,1,1,4294967295
background63_block,528,48,0,0,32,32,0,1,1,4294967295
background63_block,448,-16,0,0,32,32,0,1,1,4294967295
background63_block,576,80,0,0,32,32,0,1,1,4294967295
background63_block,608,48,0,0,32,32,0,1,1,4294967295
background63_block,608,80,0,0,32,32,0,1,1,4294967295
background63_block,640,80,0,0,32,32,0,1,1,4294967295
background63_block,640,48,0,0,32,32,0,1,1,4294967295
background63_block,640,16,0,0,32,32,0,1,1,4294967295
background63_block,640,-16,0,0,32,32,0,1,1,4294967295
background63_block,544,176,0,0,32,32,0,1,1,4294967295
background63_block,544,208,0,0,32,32,0,1,1,4294967295
background63_block,576,208,0,0,32,32,0,1,1,4294967295
background63_block,640,176,0,0,32,32,0,1,1,4294967295
background63_block,640,144,0,0,32,32,0,1,1,4294967295
background63_block,704,64,0,0,32,32,0,1,1,4294967295
background63_block,704,96,0,0,32,32,0,1,1,4294967295
background63_block,752,96,0,0,32,32,0,1,1,4294967295
background63_block,752,128,0,0,32,32,0,1,1,4294967295
background63_block,704,224,0,0,32,32,0,1,1,4294967295
background63_block,704,256,0,0,32,32,0,1,1,4294967295
background63_block,704,288,0,0,32,32,0,1,1,4294967295
background63_block,672,288,0,0,32,32,0,1,1,4294967295
background63_block,784,240,0,0,32,32,0,1,1,4294967295
background63_block,784,272,0,0,32,32,0,1,1,4294967295
background63_block,752,272,0,0,32,32,0,1,1,4294967295
background63_block,704,384,0,0,32,32,0,1,1,4294967295
background63_block,672,384,0,0,32,32,0,1,1,4294967295
background63_block,560,464,0,0,32,32,0,1,1,4294967295
background63_block,560,496,0,0,32,32,0,1,1,4294967295
background63_block,672,496,0,0,32,32,0,1,1,4294967295
background63_block,768,416,0,0,32,32,0,1,1,4294967295
background63_block,768,512,0,0,32,32,0,1,1,4294967295
