Warp,768,480,E9472FBB,0,1,1,4294967295,0,0
Block,32,544,931BDFD9,0,1,1,4294967295,0,0
Block,64,544,1F2D7C6D,0,1,1,4294967295,0,0
Block,64,512,2A5ABBF2,0,1,1,4294967295,0,0
Block,64,480,2BD85C2D,0,1,1,4294967295,0,0
Block,112,400,C8E2DD36,0,1,1,4294967295,0,0
Block,128,528,3E7FEA6E,0,1,1,4294967295,0,0
Block,176,400,DD0EDD35,0,1,1,4294967295,0,0
Block,176,432,A559BCA7,0,1,1,4294967295,0,0
Block,112,368,A2459F71,0,1,1,4294967295,0,0
Block,224,272,22892458,0,1,1,4294967295,0,0
Block,224,304,9253864B,0,1,1,4294967295,0,0
Block,288,384,04F78E12,0,1,1,4294967295,0,0
Block,0,304,B835D0AE,0,1,1,4294967295,0,0
Block,0,272,6732CDDB,0,1,1,4294967295,0,0
Block,352,304,F29E13A2,0,1,1,4294967295,0,0
Block,272,208,76F85064,0,1,1,4294967295,0,0
Block,304,208,0264A074,0,1,1,4294967295,0,0
Block,304,240,95A3A13F,0,1,1,4294967295,0,0
Block,224,176,58CD743F,0,1,1,4294967295,0,0
Block,288,416,E444D464,0,1,1,4294967295,0,0
Block,288,448,D14C0F0D,0,1,1,4294967295,0,0
Block,336,416,AF22DED0,0,1,1,4294967295,0,0
Block,288,480,80678DCF,0,1,1,4294967295,0,0
Block,352,272,F7D09A3A,0,1,1,4294967295,0,0
Block,480,336,FF9F725C,0,1,1,4294967295,0,0
Block,432,368,A9B5C308,0,1,1,4294967295,0,0
Block,432,400,AB1D3012,0,1,1,4294967295,0,0
Block,480,272,4A2D3C2B,0,1,1,4294967295,0,0
Block,224,144,7B3DA63C,0,1,1,4294967295,0,0
Block,480,240,5D913FA1,0,1,1,4294967295,0,0
Block,400,224,109C5166,0,1,1,4294967295,0,0
Block,80,224,8D318A3A,0,1,1,4294967295,0,0
Block,80,256,A7D32274,0,1,1,4294967295,0,0
Block,192,176,6AEA0155,0,1,1,4294967295,0,0
Block,192,144,84D44CFC,0,1,1,4294967295,0,0
Block,80,192,C2A8B705,0,1,1,4294967295,0,0
Block,80,160,0730C8F3,0,1,1,4294967295,0,0
Block,160,144,0C635A26,0,1,1,4294967295,0,0
Block,160,112,FC250165,0,1,1,4294967295,0,0
Block,192,112,A229DB76,0,1,1,4294967295,0,0
Block,208,432,C820457C,0,1,1,4294967295,0,0
Block,128,64,A5993F25,0,1,1,4294967295,0,0
Block,128,32,E23E46C2,0,1,1,4294967295,0,0
Block,464,496,A1B5D0B4,0,1,1,4294967295,0,0
Block,464,528,C3A150BC,0,1,1,4294967295,0,0
Block,480,368,FBAFB5FC,0,1,1,4294967295,0,0
Block,512,368,88A8069D,0,1,1,4294967295,0,0
Block,512,400,2203AE7B,0,1,1,4294967295,0,0
Block,528,496,B0AB2C35,0,1,1,4294967295,0,0
Block,480,208,5EB5F0E9,0,1,1,4294967295,0,0
Block,480,144,3E20D2F2,0,1,1,4294967295,0,0
Block,480,176,683CEC9D,0,1,1,4294967295,0,0
Block,368,96,6865D6A4,0,1,2,4294967295,0,0
Block,288,80,2543B19A,0,1,1,4294967295,0,0
Block,416,16,1C492A03,0,1,1,4294967295,0,0
Block,416,-16,B933908C,0,1,1,4294967295,0,0
Block,448,-16,BDA4B3B5,0,1,1,4294967295,0,0
Block,528,48,B48BDA4B,0,1,1,4294967295,0,0
Block,528,16,0BCAC053,0,1,1,4294967295,0,0
Block,528,-16,D6C5F833,0,1,1,4294967295,0,0
Block,576,80,92E2561C,0,1,1,4294967295,0,0
Block,608,48,8D684831,0,1,1,4294967295,0,0
Block,608,80,286508FC,0,1,1,4294967295,0,0
Block,640,-16,8ECF4C6E,0,1,1,4294967295,0,0
Block,640,16,DD3BDCF5,0,1,1,4294967295,0,0
Block,640,80,516957BA,0,1,1,4294967295,0,0
Block,640,48,3761FC65,0,1,1,4294967295,0,0
Block,544,176,551D72E2,0,1,1,4294967295,0,0
Block,544,208,38136E0B,0,1,1,4294967295,0,0
Block,576,208,38CFF16B,0,1,1,4294967295,0,0
Block,640,176,91512190,0,1,1,4294967295,0,0
Block,640,144,A8C89EC5,0,1,1,4294967295,0,0
Block,672,288,2BB193E6,0,1,1,4294967295,0,0
Block,704,288,28C9C78A,0,1,1,4294967295,0,0
Block,704,256,88AF59ED,0,1,1,4294967295,0,0
Block,704,224,B5F84394,0,1,1,4294967295,0,0
Block,704,64,AAE941B9,0,1,1,4294967295,0,0
Block,704,96,72B44AAF,0,1,1,4294967295,0,0
Block,752,96,DC53C6D8,0,1,1,4294967295,0,0
Block,752,128,1CCB6B3D,0,1,1,4294967295,0,0
Block,784,240,DA187ACF,0,1,1,4294967295,0,0
Block,752,272,C705B5D1,0,1,1,4294967295,0,0
Block,784,272,73ED9239,0,1,1,4294967295,0,0
Block,704,384,20C55B7F,0,1,1,4294967295,0,0
Block,672,384,6F01C4F2,0,1,1,4294967295,0,0
Block,560,464,D766497E,0,1,1,4294967295,0,0
Block,560,496,5787779E,0,1,1,4294967295,0,0
Block,672,496,E0ECBFAB,0,1,1,4294967295,0,0
Block,768,512,CC2EF0B1,0,1,1,4294967295,0,0
Block,768,416,F2BE1807,0,1,1,4294967295,0,0
CatharsisWater,80,416,AE70385F,0,0.5,2,4294967295,0,0
CatharsisWater,128,432,45A891BC,0,0.5,3,4294967295,0,0
CatharsisWater,144,432,32DE8537,0,1,1,4294967295,0,0
Water2,256,272,9C1184FC,0,1,1.5,4294967295,0,0
Water2,48,240,2210B111,0,0.5,2.5,4294967295,0,0
CatharsisWater,128,256,60F6E302,0,0.5,3.5,4294967295,0,0
CatharsisWater,96,128,6A1BEA22,0,1.5,1,4294967295,0,0
CatharsisWater,112,160,812890B4,0,1,0.5,4294967295,0,0
Water2,368,416,9778EFD9,0,2,0.5,4294967295,0,0
Water3,368,336,805B988D,0,0.5,1,4294967295,0,0
Water2,448,336,979A1830,0,1,1,4294967295,0,0
CatharsisWater,432,432,FFF7B84B,0,1,3.5,4294967295,0,0
Water2,464,368,BB4F5AD1,0,0.5,1,4294967295,0,0
CatharsisWater,480,0,748DE657,0,0.5,4.5,4294967295,0,0
Water2,544,80,133C0BFA,0,1,1,4294967295,0,0
CatharsisWater,592,-16,5C99B1CA,0,0.5,3,4294967295,0,0
Water3,608,-16,5C8FEC23,0,1,1,4294967295,0,0
Water3,608,16,78272C23,0,1,1,4294967295,0,0
CatharsisWater,640,208,3647C946,0,0.5,3,4294967295,0,0
Water2,704,128,A5FEBFA4,0,0.5,3,4294967295,0,0
Water2,704,416,DA19826B,0,0.5,3,4294967295,0,0
SpikeL,32,480,5DB09D35,0,1,1,4294967295,0,0
SpikeU,64,448,A4ED1635,0,1,1,4294967295,0,0
SpikeR,0,432,698720F5,0,1,1,4294967295,0,0
SpikeL,80,400,511B0B06,0,1,1,4294967295,0,0
SpikeU,128,496,50DD4B3C,0,1,1,4294967295,0,0
WallJumpL,112,400,0D0BEBE1,0,1,1,4294967295,0,0
SpikeD,176,464,14082FA4,0,1,1,4294967295,0,0
SpikeU,176,368,679ED721,0,1,1,4294967295,0,0
SpikeD,224,336,BD83FAE4,0,1,1,4294967295,0,0
SpikeL,192,304,D0E932AA,0,1,1,4294967295,0,0
SpikeL,160,288,A8E2CE9E,0,1,1,4294967295,0,0
SpikeL,192,272,5EB853C5,0,1,1,4294967295,0,0
SpikeR,256,304,59ECDC8C,0,1,1,4294967295,0,0
SpikeU,112,336,E655892F,0,1,1,4294967295,0,0
SpikeU,288,352,610CBB4E,0,1,1,4294967295,0,0
SpikeD,112,432,5E5CB016,0,1,1,4294967295,0,0
SpikeR,32,304,5C991831,0,1,1,4294967295,0,0
SpikeU,0,240,1B21BF8E,0,1,1,4294967295,0,0
SpikeD,352,336,434B5F0F,0,1,1,4294967295,0,0
SpikeL,272,240,9D21676A,0,1,1,4294967295,0,0
SpikeD,224,208,63D0E709,0,1,1,4294967295,0,0
WallJumpR,272,208,2A21489D,0,1,1,4294967295,0,0
SpikeR,256,176,5C7D4B0F,0,1,1,4294967295,0,0
SpikeU,336,384,61FFC9DA,0,1,1,4294967295,0,0
WallJumpL,288,480,85E68BED,0,1,1,4294967295,0,0
SpikeL,400,368,F8C26191,0,1,1,4294967295,0,0
SpikeR,384,304,2E33EDF6,0,1,1,4294967295,0,0
SpikeL,448,272,D4E94C33,0,1,1,4294967295,0,0
SpikeU,352,240,19186861,0,1,1,4294967295,0,0
SpikeU,432,336,25D7D48E,0,1,1,4294967295,0,0
SpikeU,224,112,AFDF899E,0,1,1,4294967295,0,0
SpikeR,432,224,8D3675F4,0,1,1,4294967295,0,0
SpikeL,48,224,AD6B7FF2,0,1,1,4294967295,0,0
SpikeD,80,288,B38008B3,0,1,1,4294967295,0,0
SpikeR,32,176,F41ECB54,0,1,1,4294967295,0,0
SpikeD,192,208,DA2491C5,0,1,1,4294967295,0,0
SpikeU,128,224,F9731E94,0,1,1,4294967295,0,0
SpikeD,128,256,5FCDDD05,0,1,1,4294967295,0,0
SpikeD,304,272,0D42341C,0,1,1,4294967295,0,0
WallJumpR,80,160,A2C6CD1D,0,1,1,4294967295,0,0
SpikeU,80,128,07C94AAF,0,1,1,4294967295,0,0
SpikeR,112,160,5B9F4E11,0,1,1,4294967295,0,0
SpikeU,160,80,0CD61A20,0,1,1,4294967295,0,0
SpikeU,192,80,02585979,0,1,1,4294967295,0,0
SpikeR,32,80,8ED0F838,0,1,1,4294967295,0,0
SpikeR,0,96,26585AA2,0,1,1,4294967295,0,0
SpikeR,0,64,F5025793,0,1,1,4294967295,0,0
SpikeU,208,400,1A037475,0,1,1,4294967295,0,0
SpikeD,128,96,D78F7F6C,0,1,1,4294967295,0,0
SpikeU,128,0,C0533311,0,1,1,4294967295,0,0
SpikeU,352,480,C9C3EEAD,0,1,1,4294967295,0,0
SpikeR,368,416,9AF74D05,0,1,1,4294967295,0,0
SpikeD,352,512,81E13178,0,1,1,4294967295,0,0
SpikeD,288,512,88902053,0,1,1,4294967295,0,0
WallJumpL,432,400,9274054D,0,1,1,4294967295,0,0
SpikeU,464,464,5AC672E9,0,1,1,4294967295,0,0
SpikeL,432,528,97149DD9,0,1,1,4294967295,0,0
SpikeL,480,400,4C16468B,0,1,1,4294967295,0,0
SpikeU,512,336,6058837B,0,1,1,4294967295,0,0
SpikeR,512,272,8B8F3E9E,0,1,1,4294967295,0,0
SpikeR,544,256,13EA1622,0,1,1,4294967295,0,0
SpikeR,512,240,25185236,0,1,1,4294967295,0,0
SpikeR,544,368,AB13F4DB,0,1,1,4294967295,0,0
SpikeR,576,384,4D872133,0,1,1,4294967295,0,0
SpikeR,544,400,E12FD9BB,0,1,1,4294967295,0,0
SpikeU,400,192,6BB214F8,0,1,1,4294967295,0,0
SpikeL,416,128,0DF8760D,0,1,1,4294967295,0,0
SpikeL,448,144,76645A37,0,1,1,4294967295,0,0
SpikeR,448,128,D9CDDB49,0,1,1,4294967295,0,0
WallJumpR,400,224,E22B2682,0,1,1,4294967295,0,0
SpikeU,304,176,131CF9B3,0,1,1,4294967295,0,0
SpikeD,288,112,8CC56C32,0,1,1,4294967295,0,0
SpikeR,320,80,65F2DF00,0,1,1,4294967295,0,0
SpikeU,288,48,4E0AA6CF,0,1,1,4294967295,0,0
SpikeU,480,112,A0A03E49,0,1,1,4294967295,0,0
SpikeD,416,48,DB38CC7B,0,1,1,4294967295,0,0
SpikeR,448,16,B342DD65,0,1,1,4294967295,0,0
WallJumpL,448,-16,9592055C,0,1,1,4294967295,0,0
SpikeL,496,48,A37E120C,0,1,1,4294967295,0,0
SpikeD,496,0,EF9651C1,0,1,1,4294967295,0,0
SpikeD,528,80,B1895292,0,1,1,4294967295,0,0
SpikeU,576,48,BC968934,0,1,1,4294967295,0,0
SpikeR,560,-16,ADD8C3C6,0,1,1,4294967295,0,0
SpikeU,608,16,FF27686C,0,1,1,4294967295,0,0
SpikeU,544,144,054C1EDB,0,1,1,4294967295,0,0
SpikeU,576,176,6C7B0E88,0,1,1,4294967295,0,0
WallJumpR,640,176,E71A74E2,0,1,1,4294967295,0,0
SpikeL,640,288,450CE453,0,1,1,4294967295,0,0
SpikeU,672,256,87FAB062,0,1,1,4294967295,0,0
SpikeU,704,192,4E90BB11,0,1,1,4294967295,0,0
SpikeL,720,128,AEF30355,0,1,1,4294967295,0,0
SpikeU,704,32,A98CA17B,0,1,1,4294967295,0,0
SpikeU,752,64,78510A62,0,1,1,4294967295,0,0
SpikeL,752,240,17BAD05E,0,1,1,4294967295,0,0
SpikeU,784,208,4A82F639,0,1,1,4294967295,0,0
SpikeU,704,352,C8FECE19,0,1,1,4294967295,0,0
SpikeU,560,432,F5B155CF,0,1,1,4294967295,0,0
SpikeL,736,416,1CE1887F,0,1,1,4294967295,0,0
SpikeU,672,464,77294644,0,1,1,4294967295,0,0
SpikeR,704,496,B9CADFE7,0,1,1,4294967295,0,0
SpikeD,768,448,F43BE067,0,1,1,4294967295,0,0
SpikeU,768,384,804D92F7,0,1,1,4294967295,0,0
Platform,96,480,AC85F754,0,1,2,4294967295,0,0
Skinner,176,448,B2C6FE25,0,1,1,4294967295,0,1
Platform,256,336,B63C766D,0,0.5,2,4294967295,0,0
Platform,0,336,AE62D62F,0,1,3,4294967295,0,0
CherryGreen,192,256,E02C5F72,0,1,1,4294967295,0,0
CherryGreen,96,336,EEDCDA86,0,1,1,4294967295,0,0
CherryGreen,48,384,6D603D94,0,1,1,4294967295,0,0
SavePointVeryHard,224,240,07DBB563,0,1,1,4294967295,0,0
Platform,0,176,2CC22F40,0,1,2,4294967295,0,0
SavePointVeryHard,32,512,C3422E16,0,1,1,4294967295,0,0
CherryGreen,416,352,00E45DF2,0,1,1,4294967295,0,0
Platform,464,240,F70A925B,0,0.5,2,4294967295,0,0
Platform,320,112,48A29D69,0,1.5,1,4294967295,0,0
CherryGreen,296,160,3A3A6B31,0,1,1,4294967295,0,0
CherryGreen,352,144,4844BB32,0,1,1,4294967295,0,0
SavePointVeryHard,368,64,3DFD7091,0,1,1,4294967295,0,0
Platform,464,48,4F1328A8,0,0.5,1,4294967295,0,0
CherryGreen,624,256,580FA463,0,1,1,4294967295,0,0
CherryGreen,656,128,63B698DC,0,1,1,4294967295,0,0
CherryGreen,624,288,B9C95E23,0,1,1,4294967295,0,0
CherryGreen,680,336,7FD222B5,0,1,1,4294967295,0,0
CherryGreen,512,320,1CBF08BA,0,1,1,4294967295,0,0
CherryGreen,632,352,C4C61B53,0,1,1,4294967295,0,0
CherryGreen,648,416,5B92D1EA,0,1,1,4294967295,0,0
CherryGreen,640,384,8868C3DE,0,1,1,4294967295,0,0
CherryGreen,656,480,D3C8677F,0,1,1,4294967295,0,0
TextDraw,224,32,BF24D641,0,1,1,4294967295,0,1
MusicPlayer,240,496,D89573D3,0,1,1,4294967295,0,1
PlayerStart,32,512,67F933DF,0,1,1,4294967295,0,0
