background36_block,96,512,0,0,32,32,0,1,1,4294967295
background36_block,128,576,0,0,32,32,0,1,1,4294967295
background36_block,160,576,0,0,32,32,0,1,1,4294967295
background36_block,224,576,0,0,32,32,0,1,1,4294967295
background36_block,256,576,0,0,32,32,0,1,1,4294967295
background36_block,224,416,0,0,32,32,0,1,1,4294967295
background36_block,320,544,0,0,32,32,0,1,1,4294967295
background36_block,352,512,0,0,32,32,0,1,1,4294967295
background36_block,448,448,0,0,32,32,0,1,1,4294967295
background36_block,480,448,0,0,32,32,0,1,1,4294967295
background36_block,400,480,0,0,32,32,0,1,1,4294967295
background36_block,592,304,0,0,32,32,0,1,1,4294967295
background36_block,640,272,0,0,32,32,0,1,1,4294967295
background36_block,672,272,0,0,32,32,0,1,1,4294967295
background36_block,624,368,0,0,32,32,0,1,1,4294967295
background36_block,688,176,0,0,32,32,0,1,1,4294967295
background36_block,528,208,0,0,32,32,0,1,1,4294967295
background36_block,560,208,0,0,32,32,0,1,1,4294967295
background36_block,464,160,0,0,32,32,0,1,1,4294967295
background36_block,464,256,0,0,32,32,0,1,1,4294967295
background36_block,368,208,0,0,32,32,0,1,1,4294967295
background36_block,352,144,0,0,32,32,0,1,1,4294967295
background36_block,224,240,0,0,32,32,0,1,1,4294967295
background36_block,288,352,0,0,32,32,0,1,1,4294967295
background36_block,96,544,0,32,32,32,0,1,1,4294967295
background36_block,96,576,0,32,32,32,0,1,1,4294967295
background36_block,352,544,0,32,32,32,0,1,1,4294967295
background36_block,448,480,0,32,32,32,0,1,1,4294967295
background36_block,480,480,0,32,32,32,0,1,1,4294967295
background36_block,224,272,0,32,32,32,0,1,1,4294967295
background36_block,640,304,0,32,32,32,0,1,1,4294967295
background36_block,592,336,0,32,32,32,0,1,1,4294967295
background36_block,592,368,0,32,32,32,0,1,1,4294967295
background36_block,448,0,0,32,32,32,0,1,1,4294967295
background36_block,448,32,0,32,32,32,0,1,1,4294967295
background36_block,448,64,0,32,32,32,0,1,1,4294967295
