Warp,560,176,3B47742A,0,1,1,4294967295,0,1
Block,368,208,9CD4DE53,0,1,1,4294967295,0,0
Block,688,176,5996AC7E,0,1,1,4294967295,0,0
Block,672,272,0887C92A,0,1,1,4294967295,0,0
Block,624,368,6DB90D5F,0,1,1,4294967295,0,0
Block,592,368,6C59478D,0,1,1,4294967295,0,0
Block,592,336,22D9A1BA,0,1,1,4294967295,0,0
Block,640,304,F0094518,0,1,1,4294967295,0,0
Block,640,272,973AF347,0,1,1,4294967295,0,0
Block,592,304,34C2D847,0,1,1,4294967295,0,0
Block,160,576,F92D2FB8,0,1,1,4294967295,0,0
Block,448,480,03686BD0,0,1,1,4294967295,0,0
Block,448,448,4EC7C6F6,0,1,1,4294967295,0,0
Block,400,480,66019999,0,1,1,4294967295,0,0
Block,480,480,CF30ECEC,0,1,1,4294967295,0,0
Block,448,0,B8423E3A,0,1,1,4294967295,0,0
Block,448,64,5686D16F,0,1,1,4294967295,0,0
Block,448,32,26F90453,0,1,1,4294967295,0,0
Block,352,144,D277611E,0,1,1,4294967295,0,0
Block,464,160,2848119B,0,1,1,4294967295,0,0
Block,528,208,BC78778A,0,1,1,4294967295,0,0
Block,560,208,0C7F2F37,0,1,1,4294967295,0,0
Block,480,448,69B4212E,0,1,1,4294967295,0,0
Block,464,256,210B0847,0,1,1,4294967295,0,0
Block,224,272,ABD5B2D2,0,1,1,4294967295,0,0
Block,224,240,847A2191,0,1,1,4294967295,0,0
Block,288,352,0730756E,0,1,1,4294967295,0,0
Block,224,416,263E245C,0,1,1,4294967295,0,0
Block,352,544,5780A109,0,1,1,4294967295,0,0
Block,352,512,9CD1DF8B,0,1,1,4294967295,0,0
Block,320,544,3BEE9D66,0,1,1,4294967295,0,0
Block,256,576,48853778,0,1,1,4294967295,0,0
Block,224,576,4FE34EE9,0,1,1,4294967295,0,0
Block,128,576,F68D4E0E,0,1,1,4294967295,0,0
Block,96,576,CD2AA1F5,0,1,1,4294967295,0,0
Block,96,544,21A62255,0,1,1,4294967295,0,0
Block,96,512,F0C348AB,0,1,1,4294967295,0,0
Water2,656,240,D33103B5,0,1,1,4294967295,0,0
Water2,368,352,A003FCA6,0,1,1,4294967295,0,0
Water2,384,64,0197B506,0,1,1.5,4294967295,0,0
Water3,416,32,2E6F24D8,0,1,1,4294967295,0,0
Water3,384,32,2DE3244F,0,1,1,4294967295,0,0
Water2,384,112,B5B8C719,0,1,1,4294967295,0,0
Water3,320,368,D629A2D7,0,1,2,4294967295,0,0
Water3,496,288,4794C643,0,1,1,4294967295,0,0
Water2,496,320,02768A8F,0,1,1.5,4294967295,0,0
Water2,368,320,BF4FC1B5,0,1,1,4294967295,0,0
Water3,464,288,9C1F4744,0,1,2,4294967295,0,0
Water3,320,432,DE9072C9,0,1,1,4294967295,0,0
Water2,240,544,B77C5022,0,1,1,4294967295,0,0
SpikeU,224,208,94D8902F,0,1,1,4294967295,0,0
SpikeU,688,144,2FAE75C4,0,1,1,4294967295,0,0
SpikeL,656,176,17BB903B,0,1,1,4294967295,0,0
SpikeU,672,240,631FEC0C,0,1,1,4294967295,0,0
SpikeU,640,240,BE5B6309,0,1,1,4294967295,0,0
SpikeU,592,272,6225A988,0,1,1,4294967295,0,0
SpikeU,160,544,29A1D1D6,0,1,1,4294967295,0,0
SpikeU,96,480,6AE9B9DD,0,1,1,4294967295,0,0
SpikeU,400,448,8B5B8846,0,1,1,4294967295,0,0
SpikeD,464,192,692594D4,0,1,1,4294967295,0,0
SpikeU,528,176,767D782C,0,1,1,4294967295,0,0
SpikeR,496,160,DD9740DE,0,1,1,4294967295,0,0
SpikeU,352,112,86A3B59C,0,1,1,4294967295,0,0
SpikeL,416,32,D1DD475E,0,1,1,4294967295,0,0
SpikeL,416,64,9E783766,0,1,1,4294967295,0,0
SpikeL,384,48,D982FD37,0,1,1,4294967295,0,0
SpikeD,352,176,1D1C4DC0,0,1,1,4294967295,0,0
SpikeU,464,128,3DC730B4,0,1,1,4294967295,0,0
SpikeL,432,160,FC28AC2D,0,1,1,4294967295,0,0
SpikeU,368,176,C8F1F0CD,0,1,1,4294967295,0,0
SpikeL,560,304,C0FF7FB1,0,1,1,4294967295,0,0
SpikeD,560,240,F10D4FE6,0,1,1,4294967295,0,0
SpikeU,480,416,E3F0A34D,0,1,1,4294967295,0,0
SpikeU,448,416,9A68A1F6,0,1,1,4294967295,0,0
SpikeR,400,208,AE6ACC00,0,1,1,4294967295,0,0
SpikeR,496,304,5F911B24,0,1,1,4294967295,0,0
SpikeL,464,336,7F010318,0,1,1,4294967295,0,0
SpikeL,432,256,62D450BF,0,1,1,4294967295,0,0
SpikeR,432,320,E6E0AC69,0,1,1,4294967295,0,0
SpikeD,400,352,E5066D70,0,1,1,4294967295,0,0
SpikeR,256,240,4561E046,0,1,1,4294967295,0,0
SpikeR,256,272,465444DC,0,1,1,4294967295,0,0
SpikeR,288,256,3CEC870F,0,1,1,4294967295,0,0
SpikeU,288,320,B6BDF334,0,1,1,4294967295,0,0
SpikeL,256,352,10700ECF,0,1,1,4294967295,0,0
SpikeU,352,480,DE3237A9,0,1,1,4294967295,0,0
SpikeR,320,352,12CB34CB,0,1,1,4294967295,0,0
SpikeD,288,384,DC769B7A,0,1,1,4294967295,0,0
SpikeR,320,448,69246CFC,0,1,1,4294967295,0,0
SpikeL,288,448,EEB9C1DE,0,1,1,4294967295,0,0
SpikeU,256,544,69CB9ED6,0,1,1,4294967295,0,0
SpikeU,224,544,288D1FF6,0,1,1,4294967295,0,0
SpikeD,224,512,EC27E4AA,0,1,1,4294967295,0,0
SpikeU,192,448,1156CCD2,0,1,1,4294967295,0,0
SpikeL,160,480,22D5552B,0,1,1,4294967295,0,0
WallJumpL,400,480,57C284B1,0,1,1,4294967295,0,0
Cherry,496,112,AE68613A,0,1,1,4294967295,0,0
Cherry,512,248,E6C2A0C0,0,1,1,4294967295,0,0
Cherry,400,128,B7D63A94,0,1,1,4294967295,0,0
Cherry,360,432,FCF45E2B,0,1,1,4294967295,0,0
Cherry,352,400,44479C01,0,1,1,4294967295,0,0
Cherry,368,368,6E196D6D,0,1,1,4294967295,0,0
Cherry,368,464,6A0205D0,0,1,1,4294967295,0,0
SavePointVeryHard,464,224,A14EFE0C,0,1,1,4294967295,0,0
SavePointVeryHard,128,544,9027500D,0,1,1,4294967295,0,0
Skinner,144,224,0A4D4E0F,0,1,1,4294967295,0,1
TextDraw,96,48,39B3602D,0,1,1,4294967295,0,1
AutoSaver,128,544,CBF0DBD5,0,1,1,4294967295,0,0
MusicPlayer,112,352,69C0AD8D,0,1,1,4294967295,0,1
PlayerStart,128,544,C777E3CD,0,1,1,4294967295,0,0
