Warp,512,16,CF81AD5E,0,1,1,4294967295,0,0
Autotiler,48,192,009DBB29,0,1,1,4294967295,0,1
Block,496,576,2B3687F7,0,1,1,4294967295,0,0
Block,384,592,A6569716,0,1,1,4294967295,0,0
Block,384,560,DA206C08,0,1,1,4294967295,0,0
Block,672,48,EFC6F3BE,0,1,1,4294967295,0,0
Block,608,64,4FA76FFB,0,1,1,4294967295,0,0
Block,672,80,916C65BC,0,1,1,4294967295,0,0
Block,560,144,42237609,0,1,1,4294967295,0,0
Block,512,48,999C921D,0,1,1,4294967295,0,0
Block,480,48,6095EBD8,0,1,1,4294967295,0,0
Block,384,112,D7BDBC6C,0,1,1,4294967295,0,0
Block,528,144,0F0EF97E,0,1,1,4294967295,0,0
Block,672,112,15A2294A,0,1,1,4294967295,0,0
Block,672,144,AA74E9BF,0,1,1,4294967295,0,0
Block,544,272,5E60EBF7,0,1,1,4294967295,0,0
Block,736,272,F18B151C,0,1,1,4294967295,0,0
Block,640,240,D903E668,0,1,1,4294967295,0,0
Block,768,384,38FC4481,0,1,1,4294967295,0,0
Block,672,368,870BC78C,0,1,1,4294967295,0,0
Block,736,304,489AE8A9,0,1,1,4294967295,0,0
Block,608,368,F55A9A16,0,1,1,4294967295,0,0
Block,560,384,B8DDE003,0,1,1,4294967295,0,0
Block,544,304,A9C29663,0,1,1,4294967295,0,0
Block,400,448,3453577E,0,1,1,4294967295,0,0
Block,464,576,31DC8C0E,0,1,1,4294967295,0,0
Block,448,480,B6DE61DC,0,1,1,4294967295,0,0
Block,496,448,A369E66D,0,1,1,4294967295,0,0
Block,496,416,67C379D8,0,1,1,4294967295,0,0
Block,400,336,3B503782,0,1,1,4294967295,0,0
Block,464,304,2EEA9573,0,1,1,4294967295,0,0
Block,416,176,1C30F7A7,0,1,1,4294967295,0,0
Block,416,208,800D3EE5,0,1,1,4294967295,0,0
Block,240,112,2D2AE8F1,0,1,1,4294967295,0,0
Block,352,272,1EE50715,0,1,1,4294967295,0,0
Block,240,224,56264F78,0,1,1,4294967295,0,0
Block,112,176,827B7384,0,1,1,4294967295,0,0
Block,176,240,E64C1541,0,1,1,4294967295,0,0
Block,96,384,D3E66DDF,0,1,1,4294967295,0,0
Block,64,384,69B8F690,0,1,1,4294967295,0,0
Block,32,352,8E4D1188,0,1,1,4294967295,0,0
Block,64,352,1F36C274,0,1,1,4294967295,0,0
Block,128,384,DA1E4CAF,0,1,1,4294967295,0,0
Block,320,272,05037A3B,0,1,1,4294967295,0,0
Block,288,272,E5F8CD76,0,1,1,4294967295,0,0
Block,208,352,28177D28,0,1,1,4294967295,0,0
Block,240,352,E2912339,0,1,1,4294967295,0,0
Block,368,448,A39FBC9E,0,1,1,4294967295,0,0
Block,368,416,39FA5AB5,0,1,1,4294967295,0,0
Block,256,512,1B9C0412,0,1,1,4294967295,0,0
Block,256,480,D8AA8D1F,0,1,1,4294967295,0,0
Block,160,576,74B42278,0,1,1,4294967295,0,0
Block,128,576,3DE4748D,0,1,1,4294967295,0,0
Block,224,512,99F1ED64,0,1,1,4294967295,0,0
Block,160,448,CAACC3C9,0,1,1,4294967295,0,0
Block,160,416,314A97F4,0,1,1,4294967295,0,0
Block,128,416,D241D70A,0,1,1,4294967295,0,0
Block,64,576,2B1EEE87,0,1,1,4294967295,0,0
Block,64,544,080F597E,0,1,1,4294967295,0,0
Block,64,512,7D855955,0,1,1,4294967295,0,0
Block,32,512,3DEE091B,0,1,1,4294967295,0,0
Block,0,512,E46C4542,0,1,1,4294967295,0,0
SpikeU,496,544,81783A6A,0,1,1,4294967295,0,0
SpikeL,352,112,ACD0C3D4,0,1,1,4294967295,0,0
SpikeU,384,528,5FA3522B,0,1,1,4294967295,0,0
SpikeL,576,64,070EAC86,0,1,1,4294967295,0,0
SpikeU,560,112,71467BFC,0,1,1,4294967295,0,0
SpikeU,608,32,C67FF1D7,0,1,1,4294967295,0,0
SpikeL,448,48,3E0A7A3D,0,1,1,4294967295,0,0
SpikeD,480,80,4C6A47B2,0,1,1,4294967295,0,0
SpikeL,496,144,6BEE9579,0,1,1,4294967295,0,0
SpikeL,640,144,F3B4A589,0,1,1,4294967295,0,0
SpikeU,640,208,35B34A07,0,1,1,4294967295,0,0
SpikeU,784,272,C6A24CD1,0,1,1,4294967295,0,0
SpikeD,784,304,17D874CA,0,1,1,4294967295,0,0
SpikeL,672,256,D6F47FB3,0,1,1,4294967295,0,0
SpikeR,672,240,A759CE4C,0,1,1,4294967295,0,0
SpikeL,608,240,A78EDCBE,0,1,1,4294967295,0,0
SpikeR,608,256,58FEEF20,0,1,1,4294967295,0,0
SpikeD,736,336,A252B032,0,1,1,4294967295,0,0
SpikeU,672,336,F7C8DCDF,0,1,1,4294967295,0,0
SpikeL,704,304,B1E20262,0,1,1,4294967295,0,0
SpikeU,608,336,99B79448,0,1,1,4294967295,0,0
SpikeR,576,304,0D1AC4B2,0,1,1,4294967295,0,0
SpikeL,512,304,3F7DEFBD,0,1,1,4294967295,0,0
SpikeD,400,480,D3D7E3B7,0,1,1,4294967295,0,0
SpikeU,448,448,DBADC4B3,0,1,1,4294967295,0,0
SpikeU,400,304,1581F55D,0,1,1,4294967295,0,0
SpikeD,400,368,3E7E436A,0,1,1,4294967295,0,0
SpikeR,432,336,A5AD7C2E,0,1,1,4294967295,0,0
SpikeU,496,384,F152F498,0,1,1,4294967295,0,0
SpikeD,464,336,148C6081,0,1,1,4294967295,0,0
SpikeU,464,272,150E31EA,0,1,1,4294967295,0,0
SpikeR,448,208,DF82FEF7,0,1,1,4294967295,0,0
SpikeR,480,192,A5C88683,0,1,1,4294967295,0,0
SpikeR,448,176,71B4E845,0,1,1,4294967295,0,0
SpikeU,416,144,07C386A8,0,1,1,4294967295,0,0
SpikeD,416,240,F99BF377,0,1,1,4294967295,0,0
SpikeR,384,272,3B61668D,0,1,1,4294967295,0,0
SpikeU,240,80,07DED80E,0,1,1,4294967295,0,0
SpikeR,352,176,D710FCC7,0,1,1,4294967295,0,0
SpikeR,304,144,09076E0D,0,1,1,4294967295,0,0
SpikeL,320,176,69E9CE6D,0,1,1,4294967295,0,0
SpikeL,272,144,667E643F,0,1,1,4294967295,0,0
SpikeU,320,240,AAD44443,0,1,1,4294967295,0,0
SpikeU,288,240,D60F94DE,0,1,1,4294967295,0,0
SpikeU,240,192,DCFF32AB,0,1,1,4294967295,0,0
SpikeL,208,224,F64E70E6,0,1,1,4294967295,0,0
SpikeR,176,144,536E6E2C,0,1,1,4294967295,0,0
SpikeR,208,240,A79ACA4E,0,1,1,4294967295,0,0
SpikeL,144,176,5D57880F,0,1,1,4294967295,0,0
SpikeD,112,208,CA34EB67,0,1,1,4294967295,0,0
SpikeU,0,480,00DFBB17,0,1,1,4294967295,0,0
SpikeU,96,352,03873D1C,0,1,1,4294967295,0,0
SpikeL,96,272,9CA0CE47,0,1,1,4294967295,0,0
SpikeR,128,272,64FD4E4E,0,1,1,4294967295,0,0
SpikeU,64,320,98C0EE8A,0,1,1,4294967295,0,0
SpikeU,160,384,51A9E979,0,1,1,4294967295,0,0
SpikeU,128,352,0068846B,0,1,1,4294967295,0,0
SpikeD,320,304,A83B4DBB,0,1,1,4294967295,0,0
SpikeL,256,272,9768FD99,0,1,1,4294967295,0,0
SpikeU,240,320,2729734A,0,1,1,4294967295,0,0
SpikeD,288,304,B5F6DEC1,0,1,1,4294967295,0,0
SpikeR,320,464,87E659FE,0,1,1,4294967295,0,0
SpikeL,288,464,158C4261,0,1,1,4294967295,0,0
SpikeR,304,384,6D18C054,0,1,1,4294967295,0,0
SpikeL,272,384,73251724,0,1,1,4294967295,0,0
SpikeU,256,448,06DEFFFA,0,1,1,4294967295,0,0
SpikeR,192,448,1F70DEB7,0,1,1,4294967295,0,0
SpikeD,128,448,0ABA8E51,0,1,1,4294967295,0,0
SpikeL,96,416,C84A2B8E,0,1,1,4294967295,0,0
SpikeU,160,544,B807A976,0,1,1,4294967295,0,0
SpikeU,128,544,3C34F36E,0,1,1,4294967295,0,0
SpikeU,64,480,463D59BA,0,1,1,4294967295,0,0
SpikeU,112,144,9C129845,0,1,1,4294967295,0,0
SpikeL,160,256,0431C148,0,0.5,0.5,4294967295,0,0
Cherry,560,96,BBB8B03B,0,1,1,4294967295,0,0
Cherry,416,416,1F1B4127,0,1,1,4294967295,0,0
SavePointVeryHard,368,240,A1F585D9,0,1,1,4294967295,0,0
SavePointVeryHard,32,480,6C4CEF7D,0,1,1,4294967295,0,0
Skinner,80,192,EA696C30,0,1,1,4294967295,0,1
TextDraw,80,48,85896EA6,0,1,1,4294967295,0,1
PlayerStart,32,480,1040703A,0,1,1,4294967295,0,0
