background113_block,16,48,0,0,32,32,0,1,1,4294967295
background114_miniblock,176,352,0,0,16,16,0,1,1,4294967295
background114_miniblock,176,368,0,0,16,16,0,1,1,4294967295
background114_miniblock,192,352,0,0,16,16,0,1,1,4294967295
background114_miniblock,176,416,0,0,16,16,0,1,1,4294967295
background114_miniblock,176,432,0,0,16,16,0,1,1,4294967295
background114_miniblock,416,144,0,0,16,16,0,1,1,4294967295
background114_miniblock,416,160,0,0,16,16,0,1,1,4294967295
background114_miniblock,480,48,0,0,16,16,0,1,1,4294967295
background114_miniblock,480,64,0,0,16,16,0,1,1,4294967295
background114_miniblock,464,64,0,0,16,16,0,1,1,4294967295
background116,112,48,0,0,64,64,0,1,1,4294967295
