Autotiler,16,48,8DDA4626,0,1,1,4294967295,0,1
Warp,144,432,613E7DDC,0,1,1,4294967295,0,0
Block,96,288,54DF45C8,0,1,1,4294967295,0,0
Block,96,320,67A106BD,0,1,1,4294967295,0,0
Block,96,352,48E80B09,0,1,1,4294967295,0,0
Block,96,384,25218702,0,1,1,4294967295,0,0
Block,144,464,5A565A4F,0,1,1,4294967295,0,0
MiniBlock,176,432,B07C44FA,0,1,1,4294967295,0,0
MiniBlock,176,416,20AF2C6E,0,1,1,4294967295,0,0
Block,128,384,06087EB2,0,1,1,4294967295,0,0
MiniBlock,176,368,1624A15A,0,1,1,4294967295,0,0
MiniBlock,192,352,12DFB9D3,0,1,1,4294967295,0,0
MiniBlock,176,352,8A9D8C8F,0,1,1,4294967295,0,0
Block,224,496,63ECFA97,0,1,1,4294967295,0,0
Block,224,464,7C500B6B,0,1,1,4294967295,0,0
Block,320,544,59C52826,0,1,1,4294967295,0,0
Block,320,576,0DBF70DE,0,1,1,4294967295,0,0
Block,288,576,92EB7D79,0,1,1,4294967295,0,0
Block,256,368,19E5141B,0,1,1,4294967295,0,0
Block,384,384,41B37B76,0,1,1,4294967295,0,0
Block,352,464,FAE0A813,0,1,1,4294967295,0,0
Block,336,-16,4A2D370E,0,1,1,4294967295,0,0
Block,304,-16,79A921F6,0,1,1,4294967295,0,0
Block,608,448,5DBEB953,0,1,1,4294967295,0,0
Block,576,448,E16D6276,0,1,1,4294967295,0,0
Block,576,416,2C18E3AE,0,1,1,4294967295,0,0
Block,480,512,C348497B,0,1,1,4294967295,0,0
Block,512,512,1885C13C,0,1,1,4294967295,0,0
Block,512,480,D6DF6747,0,1,1,4294967295,0,0
Block,512,448,4C32FD46,0,1,1,4294967295,0,0
Block,512,416,101E5F27,0,1,1,4294967295,0,0
Block,480,416,87DDF312,0,1,1,4294967295,0,0
Block,672,368,A06D3DC5,0,1,1,4294967295,0,0
Block,640,368,47EAF595,0,1,1,4294967295,0,0
Block,672,336,9A83F4A0,0,1,1,4294967295,0,0
Block,576,384,5634C8A9,0,1,1,4294967295,0,0
Block,640,336,248C1899,0,1,1,4294967295,0,0
Block,640,304,3264D1CE,0,1,1,4294967295,0,0
Block,688,32,7DA4A7F9,0,1,1,4294967295,0,0
Block,688,0,9C3F0C3B,0,1,1,4294967295,0,0
Block,656,32,6B221865,0,1,1,4294967295,0,0
Block,656,0,BE0CBCC6,0,1,1,4294967295,0,0
Block,336,144,D5A773F0,0,1,1,4294967295,0,0
Block,272,64,EA38B1D2,0,1,1,4294967295,0,0
Block,272,32,4E830DFB,0,1,1,4294967295,0,0
Block,272,0,E3B61716,0,1,1,4294967295,0,0
Block,336,112,F16662ED,0,1,1,4294967295,0,0
Block,384,304,69643E0E,0,1,1,4294967295,0,0
MiniBlock,416,160,C8636143,0,1,1,4294967295,0,0
MiniBlock,416,144,637CA8FC,0,1,1,4294967295,0,0
Block,416,112,0FE718E5,0,1,1,4294967295,0,0
Block,464,288,DBFC100F,0,1,1,4294967295,0,0
Block,624,144,79114A25,0,1,1,4294967295,0,0
Block,496,176,5FB21B87,0,1,1,4294967295,0,0
Block,576,272,3CE128CC,0,1,1,4294967295,0,0
Block,576,240,510EB8A0,0,1,1,4294967295,0,0
Block,496,288,B96C4C25,0,1,1,4294967295,0,0
MiniBlock,480,48,39EC20EF,0,1,1,4294967295,0,0
MiniBlock,480,64,D6040AD6,0,1,1,4294967295,0,0
MiniBlock,464,64,F30EDCBD,0,1,1,4294967295,0,0
Block,336,320,93BF5964,0,1,1,4294967295,0,0
Block,336,352,0C2A0F3A,0,1,1,4294967295,0,0
Block,256,144,9AC072A1,0,1,1,4294967295,0,0
Block,256,176,CCB431EA,0,1,1,4294967295,0,0
Block,256,208,69C12799,0,1,1,4294967295,0,0
SavePointVeryHard,480,480,9F079CAC,0,1,1,4294967295,0,0
SavePointVeryHard,496,256,A04BAEE4,0,1,1,4294967295,0,0
Water2,272,480,D3D3EF45,0,1,1,4294967295,0,0
Water2,640,272,B56B5D33,0,1,1,4294967295,0,0
Water3,304,16,6A0D34B0,0,1,1,4294967295,0,0
Water2,384,112,0959D477,0,0.5,1,4294967295,0,0
Water2,384,144,EFA4EF81,0,0.5,1,4294967295,0,0
Water2,528,112,B6733D88,0,1,1,4294967295,0,0
Water2,528,144,36F39E9B,0,1,1,4294967295,0,0
Water2,528,176,EEAEBAAD,0,1,1,4294967295,0,0
Water2,640,240,D4FB7951,0,1,1,4294967295,0,0
Water2,640,208,FD3E63D2,0,1,1,4294967295,0,0
Water2,288,384,6FBA9546,0,1.5,0.5,4294967295,0,0
SpikeR,224,272,7B2B9451,0,1,1,4294967295,0,0
SpikeU,96,256,3240E200,0,1,1,4294967295,0,0
MiniSpikeLeft,208,488,1763A097,0,1,1,4294967295,0,0
SpikeL,288,544,BAF5CE09,0,1,1,4294967295,0,0
MiniSpikeRight,288,464,2822F509,0,1,1,4294967295,0,0
MiniSpikeUp,176,400,871CFF5E,0,1,1,4294967295,0,0
SpikeU,128,352,2CF4BB2D,0,1,1,4294967295,0,0
SpikeL,192,272,44FAD9ED,0,1,1,4294967295,0,0
MiniSpikeUp,192,336,C30F9F77,0,1,1,4294967295,0,0
MiniSpikeUp,176,336,7D9E070B,0,1,1,4294967295,0,0
MiniSpikeRight,208,352,3A19BEC7,0,1,1,4294967295,0,0
SpikeD,176,384,F3FFA6BB,0,1,1,4294967295,0,0
MiniSpikeLeft,368,304,A2E13116,0,1,1,4294967295,0,0
MiniSpikeLeft,368,320,76D72A25,0,1,1,4294967295,0,0
SpikeL,304,256,B8AF84B0,0,1,1,4294967295,0,0
SpikeL,272,272,318E0561,0,1,1,4294967295,0,0
SpikeR,304,272,C0D1633A,0,1,1,4294967295,0,0
MiniSpikeDown,224,528,E52F171A,0,1,1,4294967295,0,0
SpikeU,128,576,173922EC,0,1,1,4294967295,0,0
SpikeU,160,576,2CDE3FB1,0,1,1,4294967295,0,0
SpikeR,256,464,9D50303A,0,1,1,4294967295,0,0
SpikeU,224,432,B9F011B0,0,1,1,4294967295,0,0
MiniSpikeUp,336,528,8C6FFB2E,0,1,1,4294967295,0,0
MiniSpikeUp,320,528,31D32A84,0,1,1,4294967295,0,0
SpikeU,256,336,7942EAE7,0,1,1,4294967295,0,0
SpikeD,256,400,3793DDD2,0,1,1,4294967295,0,0
SpikeL,304,368,1D3D1BFD,0,1,1,4294967295,0,0
MiniSpikeUp,400,368,D838741A,0,1,1,4294967295,0,0
MiniSpikeUp,384,368,9118AA03,0,1,1,4294967295,0,0
SpikeR,384,464,E611E1D6,0,1,1,4294967295,0,0
SpikeR,416,384,F60D3EFA,0,1,1,4294967295,0,0
SpikeU,608,416,73905598,0,1,1,4294967295,0,0
SpikeU,432,416,874C07A4,0,1,1,4294967295,0,0
SpikeD,432,448,508AECE3,0,1,1,4294967295,0,0
SpikeU,480,384,76ED21E9,0,1,1,4294967295,0,0
SpikeU,512,384,48FD68CE,0,1,1,4294967295,0,0
SpikeU,496,352,BF7BAA49,0,1,1,4294967295,0,0
MiniSpikeRight,576,304,9683B4A4,0,1,1,4294967295,0,0
MiniSpikeLeft,560,304,0BCEC680,0,1,1,4294967295,0,0
SpikeU,576,352,E2B7E709,0,1,1,4294967295,0,0
SpikeR,672,304,55B52CF8,0,1,1,4294967295,0,0
SpikeU,640,272,D7F6D586,0,1,1,4294967295,0,0
SpikeR,592,48,E885903C,0,1,1,4294967295,0,0
SpikeD,528,0,2846E05F,0,1,1,4294967295,0,0
SpikeD,272,96,DDBB31FA,0,1,1,4294967295,0,0
SpikeU,416,80,5DF45C72,0,1,1,4294967295,0,0
SpikeR,304,32,A03E7074,0,1,1,4294967295,0,0
SpikeU,336,80,6DE42572,0,1,1,4294967295,0,0
SpikeD,336,176,A1DF671E,0,1,1,4294967295,0,0
SpikeU,384,272,0B5B28BD,0,1,1,4294967295,0,0
SpikeR,416,304,9607CCA3,0,1,1,4294967295,0,0
SpikeU,368,112,A976E78E,0,1,1,4294967295,0,0
SpikeL,368,224,BF4EB3CD,0,1,1,4294967295,0,0
SpikeD,368,144,B904851B,0,1,1,4294967295,0,0
SpikeR,400,224,DD51FE25,0,1,1,4294967295,0,0
MiniSpikeDown,416,176,E6F63D09,0,1,1,4294967295,0,0
SpikeD,496,208,63F0F712,0,1,1,4294967295,0,0
SpikeU,464,256,F1E782BF,0,1,1,4294967295,0,0
SpikeD,464,80,6E27DBFE,0,1,1,4294967295,0,0
SpikeL,560,112,7848D8D9,0,1,1,4294967295,0,0
SpikeL,560,80,319956AC,0,1,1,4294967295,0,0
SpikeL,528,96,3A4CEDBA,0,1,1,4294967295,0,0
SpikeU,624,112,A6B016F1,0,1,1,4294967295,0,0
SpikeL,464,176,08A26BCF,0,1,1,4294967295,0,0
SpikeR,496,48,2FDA3D89,0,1,1,4294967295,0,0
SpikeU,496,144,B078C621,0,1,1,4294967295,0,0
SpikeU,640,176,B5C045AE,0,1,1,4294967295,0,0
SpikeD,624,176,6EAD0342,0,1,1,4294967295,0,0
SpikeU,528,176,3DC7BBB1,0,1,1,4294967295,0,0
SpikeU,576,208,055EE9D0,0,1,1,4294967295,0,0
SpikeL,544,240,00BA3D29,0,1,1,4294967295,0,0
MiniSpikeUp,464,48,0DDC43D3,0,1,1,4294967295,0,0
MiniSpikeDown,432,144,FCB06B2B,0,1,1,4294967295,0,0
MiniSpikeRight,336,384,66E5B86F,0,1,1,4294967295,0,0
MiniSpikeDown,352,384,962F1D37,0,1,1,4294967295,0,0
MiniSpikeUp,336,448,E8664CB1,0,1,1,4294967295,0,0
MiniSpikeDown,336,464,40013A86,0,1,1,4294967295,0,0
MiniSpikeDown,256,240,8371755A,0,1,1,4294967295,0,0
MiniSpikeDown,272,240,9D91FA35,0,1,1,4294967295,0,0
MiniSpikeUp,256,128,9FA577D8,0,1,1,4294967295,0,0
WallJumpR,224,496,62E232D0,0,1,1,4294967295,0,0
WallJumpR,224,464,21899AD6,0,1,1,4294967295,0,0
WallJumpR,288,576,9175F193,0,1,1,4294967295,0,0
WallJumpL,256,368,FFCFB615,0,1,1,4294967295,0,0
WallJumpL,576,384,8D824186,0,1,1,4294967295,0,0
WallJumpR,656,32,69F39BA3,0,1,1,4294967295,0,0
WallJumpR,336,112,0C4D4E8B,0,1,1,4294967295,0,0
WallJumpR,464,288,DEFF22E1,0,1,1,4294967295,0,0
Cherry,256,320,7590E780,0,1,1,4294967295,0,0
Cherry,208,592,37350220,0,1,1,4294967295,0,0
Cherry,352,224,193D9C7D,0,1,1,4294967295,0,0
Cherry,480,240,D29FF244,0,1,1,4294967295,0,0
Cherry,640,16,788FEFAC,0,1,1,4294967295,0,0
Cherry,464,336,35DAD182,0,1,1,4294967295,0,0
Cherry,544,288,E6265F95,0,1,1,4294967295,0,0
Cherry,320,176,88D1682A,0,1,1,4294967295,0,0
Cherry,448,64,2FD8E406,0,1,1,4294967295,0,0
Cherry,608,144,D5E164CE,0,1,1,4294967295,0,0
Cherry,304,208,EC075ACA,0,1,1,4294967295,0,0
Cherry,520,88,177851E5,0,1,1,4294967295,0,0
Skinner,8,128,E476B315,0,1,1,4294967295,0,1
Platform,192,368,B06CD041,0,1,1,4294967295,0,0
Platform,608,80,D129097C,0,0.5,2,4294967295,0,0
Platform,432,160,48E32CB7,0,1,1,4294967295,0,0
MusicPlayer,112,96,B3EFE541,0,1,1,4294967295,0,1
AutoSaver,496,256,534021C8,0,1,1,4294967295,0,0
PlayerStart,496,256,F5CD994D,0,1,1,4294967295,0,0
