background42_block,0,544,0,0,32,32,0,1,1,4294967295
background42_block,0,576,0,0,32,32,0,1,1,4294967295
background42_block,32,576,0,0,32,32,0,1,1,4294967295
background42_block,48,424,0,0,32,32,0,1,1,4294967295
background42_block,48,456,0,0,32,32,0,1,1,4294967295
background42_block,224,368,0,0,32,32,0,1,1,4294967295
background42_block,256,368,0,0,32,32,0,1,1,4294967295
background42_block,256,400,0,0,32,32,0,1,1,4294967295
background42_block,224,400,0,0,32,32,0,1,1,4294967295
background42_block,144,360,0,0,32,32,0,1,1,4294967295
background42_block,176,360,0,0,32,32,0,1,1,4294967295
background42_block,224,544,0,0,32,32,0,1,1,4294967295
background42_block,224,576,0,0,32,32,0,1,1,4294967295
background42_block,288,544,0,0,32,32,0,1,1,4294967295
background42_block,288,576,0,0,32,32,0,1,1,4294967295
background42_block,384,448,0,0,32,32,0,1,1,4294967295
background42_block,384,480,0,0,32,32,0,1,1,4294967295
background42_block,384,576,0,0,32,32,0,1,1,4294967295
background42_block,528,464,0,0,32,32,0,1,1,4294967295
background42_block,528,496,0,0,32,32,0,1,1,4294967295
background42_block,528,528,0,0,32,32,0,1,1,4294967295
background42_block,496,528,0,0,32,32,0,1,1,4294967295
background42_block,352,272,0,0,32,32,0,1,1,4294967295
background42_block,352,304,0,0,32,32,0,1,1,4294967295
background42_block,320,304,0,0,32,32,0,1,1,4294967295
background42_block,528,272,0,0,32,32,0,1,1,4294967295
background42_block,592,336,0,0,32,32,0,1,1,4294967295
background42_block,592,368,0,0,32,32,0,1,1,4294967295
background42_block,624,368,0,0,32,32,0,1,1,4294967295
background42_block,624,400,0,0,32,32,0,1,1,4294967295
background42_block,448,176,0,0,32,32,0,1,1,4294967295
background42_block,480,176,0,0,32,32,0,1,1,4294967295
background42_block,576,176,0,0,32,32,0,1,1,4294967295
background42_block,576,208,0,0,32,32,0,1,1,4294967295
background42_block,736,336,0,0,32,32,0,1,1,4294967295
background42_block,736,368,0,0,32,32,0,1,1,4294967295
background42_block,768,368,0,0,32,32,0,1,1,4294967295
background42_block,704,336,0,0,32,32,0,1,1,4294967295
background42_block,672,352,0,0,32,32,0,0.5,0.5,4294967295
background42_block,688,352,0,0,32,32,0,0.5,0.5,4294967295
background42_block,736,512,0,0,32,32,0,1,1,4294967295
background42_block,736,544,0,0,32,32,0,1,1,4294967295
background42_block,528,304,0,0,32,32,0,1,1,4294967295
background42_block,576,336,0,0,32,32,0,0.5,0.5,4294967295
background42_block,400,384,0,0,32,32,0,0.5,0.5,4294967295
background42_block,400,400,0,0,32,32,0,0.5,0.5,4294967295
background42_block,608,208,0,0,32,32,0,1,1,4294967295
background42_block,608,240,0,0,32,32,0,1,1,4294967295
background42_block,672,112,0,0,32,32,0,1,1,4294967295
background42_block,704,112,0,0,32,32,0,1,1,4294967295
background42_block,704,144,0,0,32,32,0,1,1,4294967295
background42_block,672,48,0,0,32,32,0,1,1,4294967295
background42_block,672,80,0,0,32,32,0,1,1,4294967295
background42_block,544,32,0,0,32,32,0,0.5,0.5,4294967295
background42_block,544,48,0,0,32,32,0,1,1,4294967295
background42_block,608,48,0,0,32,32,0,1,1,4294967295
background42_block,560,32,0,0,32,32,0,0.5,0.5,4294967295
background42_block,576,32,0,0,32,32,0,0.5,0.5,4294967295
background42_block,592,32,0,0,32,32,0,0.5,0.5,4294967295
background42_block,608,32,0,0,32,32,0,0.5,0.5,4294967295
background42_block,624,32,0,0,32,32,0,0.5,0.5,4294967295
background42_block,480,112,0,0,32,32,0,1,1,4294967295
background42_block,480,144,0,0,32,32,0,1,1,4294967295
background42_block,736,144,0,0,32,32,0,1,1,4294967295
