SavePointVeryHard,32,544,961F2D39,0,1,1,4294967295,0,0
SavePointVeryHard,368,416,07F6BC35,0,1,1,4294967295,0,0
SavePointVeryHard,672,320,559B5C1F,0,1,1,4294967295,0,0
SavePointVeryHard,736,112,7584E2CA,0,1,1,4294967295,0,0
Block,0,544,9B57ED08,0,1,1,4294967295,0,0
Block,0,576,B64F793F,0,1,1,4294967295,0,0
Block,32,576,21261418,0,1,1,4294967295,0,0
Block,224,400,A9A3AA56,0,1,1,4294967295,0,0
Block,224,368,02C7A39C,0,1,1,4294967295,0,0
Block,256,368,29F7DBBD,0,1,1,4294967295,0,0
Block,256,400,4197B5DB,0,1,1,4294967295,0,0
Block,48,456,3333ACA8,0,1,1,4294967295,0,0
Block,48,424,3B18D23A,0,1,1,4294967295,0,0
Block,144,360,73C25323,0,1,1,4294967295,0,0
Block,176,360,DD8982C7,0,1,1,4294967295,0,0
Block,224,544,9A1FD764,0,1,1,4294967295,0,0
Block,224,576,7C3B6A3E,0,1,1,4294967295,0,0
Block,288,544,A2AB36B7,0,1,1,4294967295,0,0
Block,288,576,ECC878AE,0,1,1,4294967295,0,0
Block,384,448,C2BA8081,0,1,1,4294967295,0,0
Block,384,480,CDD3C349,0,1,1,4294967295,0,0
Block,384,576,2E06D28E,0,1,1,4294967295,0,0
Block,496,528,E1FE69F3,0,1,1,4294967295,0,0
Block,528,528,C8D39EF3,0,1,1,4294967295,0,0
Block,528,496,C01946AD,0,1,1,4294967295,0,0
Block,528,464,36787C8E,0,1,1,4294967295,0,0
Block,352,272,C3263377,0,1,1,4294967295,0,0
Block,352,304,B66C6B14,0,1,1,4294967295,0,0
Block,320,304,C97F63CA,0,1,1,4294967295,0,0
Block,528,272,C590559F,0,1,1,4294967295,0,0
Block,624,400,25395CD7,0,1,1,4294967295,0,0
Block,592,368,E2A982C9,0,1,1,4294967295,0,0
Block,624,368,E921571C,0,1,1,4294967295,0,0
Block,592,336,DAFC3557,0,1,1,4294967295,0,0
Block,480,176,97483DB1,0,1,1,4294967295,0,0
Block,448,176,C25E95D8,0,1,1,4294967295,0,0
Block,576,176,02DF17E2,0,1,1,4294967295,0,0
Block,576,208,CD3CC6D6,0,1,1,4294967295,0,0
Block,736,336,107D3673,0,1,1,4294967295,0,0
Block,736,368,B443302C,0,1,1,4294967295,0,0
Block,768,368,9DCB201C,0,1,1,4294967295,0,0
Block,736,512,F834CA45,0,1,1,4294967295,0,0
Block,736,544,C0ABAD9A,0,1,1,4294967295,0,0
Block,672,352,9D7E1643,0,1,0.5,4294967295,0,0
Block,704,336,41A93736,0,1,1,4294967295,0,0
Block,528,304,03F36622,0,1,1,4294967295,0,0
Block,576,336,56383E79,0,0.5,0.5,4294967295,0,0
Block,400,384,843BAEEE,0,0.5,1,4294967295,0,0
Block,608,208,B4A12DFC,0,1,1,4294967295,0,0
Block,608,240,951D9D5E,0,1,1,4294967295,0,0
Block,672,112,9CF39863,0,1,1,4294967295,0,0
Block,704,112,C828B68F,0,1,1,4294967295,0,0
Block,704,144,FE972C43,0,1,1,4294967295,0,0
Block,672,80,9B11278B,0,1,1,4294967295,0,0
Block,672,48,E8A375D8,0,1,1,4294967295,0,0
Block,608,48,C42CB89F,0,1,1,4294967295,0,0
Block,608,32,3FFA923D,0,1,0.5,4294967295,0,0
Block,576,32,B4D5997F,0,1,0.5,4294967295,0,0
Block,544,32,A847424D,0,1,0.5,4294967295,0,0
Block,544,48,8A7EF35E,0,1,1,4294967295,0,0
Block,480,112,2C610507,0,1,1,4294967295,0,0
Block,480,144,402F4E26,0,1,1,4294967295,0,0
Block,736,144,7CD76D81,0,1,1,4294967295,0,0
Water2,112,512,C658A5C7,0,0.5,1,4294967295,0,0
Water3,176,408,F5644183,0,1.5,0.5,4294967295,0,0
Water3,496,464,B5A987CF,0,1,2,4294967295,0,0
Water3,384,256,9E8E5EEA,0,1,2,4294967295,0,0
Water2,752,480,F7941357,0,1.5,1,4294967295,0,0
Water3,752,400,F4C11103,0,1.5,1,4294967295,0,0
Water2,640,208,BAE3EA53,0,2,1,4294967295,0,0
Water2,560,80,4DC55D6D,0,0.5,3.5,4294967295,0,0
Water3,592,48,DB56B5A0,0,0.5,1,4294967295,0,0
CatharsisWater,608,80,31CA0DD6,0,1,2.5,4294967295,0,0
SpikeD,96,512,D61678A9,0,1,1,4294967295,0,0
SpikeU,96,480,F3380C2A,0,1,1,4294967295,0,0
SpikeR,176,392,C4621FBC,0,1,1,4294967295,0,0
MiniSpikeUp,0,528,63DC7D82,0,1,1,4294967295,0,0
MiniSpikeUp,16,528,60730456,0,1,1,4294967295,0,0
SpikeL,144,392,500CE895,0,1,1,4294967295,0,0
SpikeR,288,400,8C47B841,0,1,1,4294967295,0,0
SpikeU,160,328,44C41769,0,1,1,4294967295,0,0
SpikeU,224,336,E87017DA,0,1,1,4294967295,0,0
SpikeU,256,336,41F7AD32,0,1,1,4294967295,0,0
MiniSpikeUp,144,344,53812292,0,1,1,4294967295,0,0
MiniSpikeUp,192,344,A3CF5EE6,0,1,1,4294967295,0,0
SpikeU,224,512,60BBFFA1,0,1,1,4294967295,0,0
SpikeD,256,432,5E8E03C3,0,1,1,4294967295,0,0
SpikeU,288,512,4F3E764A,0,1,1,4294967295,0,0
SpikeL,320,464,93359B06,0,1,1,4294967295,0,0
SpikeL,352,448,03795D9C,0,1,1,4294967295,0,0
SpikeL,352,480,457EFA02,0,1,1,4294967295,0,0
SpikeU,352,576,4E23059F,0,1,1,4294967295,0,0
SpikeR,416,480,3D9A47D7,0,1,1,4294967295,0,0
SpikeU,480,464,AE231D28,0,1,1,4294967295,0,0
SpikeU,496,496,91B1C637,0,1,1,4294967295,0,0
SpikeD,480,496,853BFC31,0,1,1,4294967295,0,0
SpikeU,528,432,528DF7BD,0,1,1,4294967295,0,0
SpikeR,464,352,FEC6784D,0,1,1,4294967295,0,0
SpikeR,384,304,400FC23A,0,1,1,4294967295,0,0
SpikeD,352,336,4091436C,0,1,1,4294967295,0,0
SpikeU,352,240,71604619,0,1,1,4294967295,0,0
SpikeL,384,240,CF21936A,0,1,1,4294967295,0,0
SpikeR,416,240,874D57E1,0,1,1,4294967295,0,0
SpikeU,528,240,81614FD3,0,1,1,4294967295,0,0
MiniSpikeUp,528,384,9E229E64,0,1,1,4294967295,0,0
MiniSpikeDown,528,400,133A2A55,0,1,1,4294967295,0,0
SpikeL,592,400,336E652C,0,1,1,4294967295,0,0
SpikeL,608,480,B73BDB45,0,1,1,4294967295,0,0
SpikeR,640,480,58DADAD2,0,1,1,4294967295,0,0
MiniSpikeUp,592,320,78045819,0,1,1,4294967295,0,0
MiniSpikeUp,608,320,9B3DB8FC,0,1,1,4294967295,0,0
SpikeR,512,176,A48C2E72,0,1,1,4294967295,0,0
SpikeL,544,176,FBE77798,0,1,1,4294967295,0,0
SpikeL,400,352,A12DA993,0,1,1,4294967295,0,0
SpikeR,656,400,EE55CE00,0,1,1,4294967295,0,0
SpikeD,736,400,B9E041BA,0,1,1,4294967295,0,0
SpikeU,736,480,12CD8059,0,1,1,4294967295,0,0
MiniSpikeUp,624,352,C58E5B3E,0,1,1,4294967295,0,0
MiniSpikeUp,640,352,86BA941C,0,1,1,4294967295,0,0
SpikeD,448,208,5BFA33CA,0,1,1,4294967295,0,0
SpikeU,448,144,A30085E5,0,1,1,4294967295,0,0
MiniSpikeUp,576,320,EB0EF1E1,0,1,1,4294967295,0,0
SpikeR,416,384,9AFA09BB,0,1,1,4294967295,0,0
MiniSpikeUp,320,288,F8E4EA48,0,1,1,4294967295,0,0
MiniSpikeUp,336,288,EAA516CA,0,1,1,4294967295,0,0
SpikeD,608,272,3F4C4A57,0,1,1,4294967295,0,0
SpikeL,672,288,78046AB8,0,1,1,4294967295,0,0
SpikeR,704,288,632CEEE0,0,1,1,4294967295,0,0
SpikeR,640,240,87834331,0,1,1,4294967295,0,0
SpikeR,672,224,48311C48,0,1,1,4294967295,0,0
SpikeR,640,208,C72C0103,0,1,1,4294967295,0,0
SpikeD,672,144,AAFCD231,0,1,1,4294967295,0,0
SpikeD,704,176,E757D5A9,0,1,1,4294967295,0,0
SpikeD,576,48,D1BC4307,0,1,1,4294967295,0,0
SpikeR,608,144,511BA762,0,1,1,4294967295,0,0
SpikeL,576,144,9659B7D5,0,1,1,4294967295,0,0
SpikeU,704,80,367EB2DE,0,1,1,4294967295,0,0
SpikeU,480,80,3783794F,0,1,1,4294967295,0,0
SpikeL,768,288,0345ABCE,0,1,1,4294967295,0,0
MiniSpikeLeft,736,200,C14BF21D,0,1,1,4294967295,0,0
MiniSpikeRight,752,200,C8A55956,0,1,1,4294967295,0,0
MiniSpikeLeft,656,48,7B3C5396,0,1,1,4294967295,0,0
MiniSpikeRight,640,48,1293B4F9,0,1,1,4294967295,0,0
SpikeU,576,0,A2213B88,0,1,1,4294967295,0,0
MiniSpikeDown,448,384,B8E3FB7D,0,1,1,4294967295,0,0
MiniSpikeUp,496,352,A4517375,0,1,1,4294967295,0,0
MiniSpikeDown,496,368,711BE03A,0,1,1,4294967295,0,0
WallJumpR,528,272,FFBB7C1A,0,1,1,4294967295,0,0
WallJumpL,528,464,2FA19630,0,1,1,4294967295,0,0
Cherry,528,368,C0D66BD3,0,1,1,4294967295,0,0
Cherry,160,304,E0DBDE0C,0,1,1,4294967295,0,0
Cherry,176,272,EB38D245,0,1,1,4294967295,0,0
Cherry,192,304,2DEF76D9,0,1,1,4294967295,0,0
AutoSaver,32,544,8C6A6E51,0,1,1,4294967295,0,0
JumpBlock,160,472,252FFE7D,0,1,1,4294967295,0,0
JumpBlock,160,440,84AFC2D9,0,1,1,4294967295,0,0
JumpBlock,320,576,A0D73070,0,1,1,4294967295,0,0
JumpBlock,416,448,F391E3B3,0,1,1,4294967295,0,0
JumpBlock,432,352,6CF4E338,0,1,1,4294967295,0,0
JumpBlock,688,512,5367CEA8,0,1,1,4294967295,0,0
JumpBlock,608,176,211F6D1A,0,1,1,4294967295,0,0
JumpBlock,736,288,EC1B419C,0,1,1,4294967295,0,0
TextDraw,144,96,248EE986,0,1,1,4294967295,0,1
PlayerStart,32,544,AAA10F62,0,1,1,4294967295,0,0
