Autotiler,160,208,F984C14B,0,1,1,4294967295,0,1
Warp,688,384,B4B8707A,0,1,1,4294967295,0,1
Block,560,320,18090255,0,1,1,4294967295,0,0
Block,560,288,2BB9D370,0,1,1,4294967295,0,0
Block,560,256,7DC04BD6,0,1,1,4294967295,0,0
Block,560,224,9640DEB7,0,1,1,4294967295,0,0
Block,688,416,BB0740F7,0,1,1,4294967295,0,0
Block,624,384,62176BBB,0,1,1,4294967295,0,0
Block,624,416,376192BF,0,1,1,4294967295,0,0
Block,592,416,DCED7D1D,0,1,1,4294967295,0,0
Block,592,448,EDD46FFB,0,1,1,4294967295,0,0
Block,592,512,F6D2E81D,0,1,1,4294967295,0,0
Block,464,576,822783C0,0,1,1,4294967295,0,0
Block,336,192,6826B3DF,0,1,1,4294967295,0,0
Block,432,128,69731D2E,0,1,1,4294967295,0,0
Block,496,0,5694EE18,0,1,1,4294967295,0,0
Block,496,32,637CBE14,0,1,1,4294967295,0,0
Block,496,64,7EDB205A,0,1,1,4294967295,0,0
Block,432,96,C71E6143,0,1,1,4294967295,0,0
Block,464,96,13DA217D,0,1,1,4294967295,0,0
Block,496,96,6EC65A7F,0,1,1,4294967295,0,0
Block,304,224,A87F254B,0,1,1,4294967295,0,0
Block,304,192,5F0E0CD6,0,1,1,4294967295,0,0
Block,304,160,28A7579C,0,1,1,4294967295,0,0
Block,304,128,15C6F8AE,0,1,1,4294967295,0,0
Block,528,320,C51835ED,0,1,1,4294967295,0,0
Block,496,448,22C4075A,0,1,1,4294967295,0,0
Block,304,384,D19E28F3,0,1,1,4294967295,0,0
Block,240,512,8538D441,0,1,1,4294967295,0,0
Block,48,256,D970C3CD,0,1,1,4294967295,0,0
Block,80,256,03FE1719,0,1,1,4294967295,0,0
Block,112,256,71065B93,0,1,1,4294967295,0,0
Block,304,256,B90381F2,0,1,1,4294967295,0,0
Block,240,224,5F0654D3,0,1,1,4294967295,0,0
Block,240,192,90357654,0,1,1,4294967295,0,0
Block,240,256,E2FBBBE9,0,1,1,4294967295,0,0
Block,272,256,7A3A3B22,0,1,1,4294967295,0,0
Water2,464,144,010482C1,0,1,1,4294967295,0,0
Water2,464,176,DDCAB96C,0,1,1,4294967295,0,0
Water2,400,448,8CCB4913,0,1,1,4294967295,0,0
Water2,400,480,7FFC4013,0,1,1,4294967295,0,0
Water2,176,128,A520536E,0,1,1,4294967295,0,0
Water2,208,224,DD7D30C5,0,1,1,4294967295,0,0
Water2,176,224,CA3E0467,0,1,1,4294967295,0,0
SpikeR,592,256,EE5B8C4A,0,1,1,4294967295,0,0
SpikeR,624,240,E3B846C5,0,1,1,4294967295,0,0
SpikeR,592,224,2F35CD3B,0,1,1,4294967295,0,0
SpikeU,624,352,49DE2C08,0,1,1,4294967295,0,0
SpikeU,592,384,2516239C,0,1,1,4294967295,0,0
SpikeL,560,448,C92DADE2,0,1,1,4294967295,0,0
SpikeU,464,544,D5B029EE,0,1,1,4294967295,0,0
SpikeU,464,64,99195B02,0,1,1,4294967295,0,0
SpikeR,336,128,B9F2FEB7,0,1,1,4294967295,0,0
SpikeU,400,240,46143268,0,1,1,4294967295,0,0
SpikeU,432,64,FE5B7728,0,1,1,4294967295,0,0
SpikeL,432,256,5D9E69B1,0,1,1,4294967295,0,0
SpikeU,560,192,0BEE90FC,0,1,1,4294967295,0,0
SpikeD,528,224,150B6043,0,1,1,4294967295,0,0
SpikeR,496,192,016F4E4C,0,1,1,4294967295,0,0
SpikeR,464,128,FA191FD1,0,1,1,4294967295,0,0
SpikeU,304,96,05473A2B,0,1,1,4294967295,0,0
SpikeL,464,192,19C30CF7,0,1,1,4294967295,0,0
SpikeR,464,256,1B3A123D,0,1,1,4294967295,0,0
MiniSpikeRight,512,320,CE7990BB,0,1,1,4294967295,0,0
MiniSpikeLeft,496,320,6FC7CF79,0,1,1,4294967295,0,0
SpikeU,464,352,6AAE7B2E,0,1,1,4294967295,0,0
SpikeR,528,448,31CEC28D,0,1,1,4294967295,0,0
SpikeD,464,384,4E239983,0,1,1,4294967295,0,0
SpikeU,304,352,C0619330,0,1,1,4294967295,0,0
SpikeU,336,352,DAB0813F,0,1,1,4294967295,0,0
SpikeD,368,384,463875D7,0,1,1,4294967295,0,0
SpikeL,368,480,3253BCBE,0,1,1,4294967295,0,0
SpikeL,368,448,BF2377B4,0,1,1,4294967295,0,0
SpikeL,336,464,70B31322,0,1,1,4294967295,0,0
SpikeD,304,416,E9F02BAD,0,1,1,4294967295,0,0
SpikeU,240,480,89D6990D,0,1,1,4294967295,0,0
SpikeL,272,384,6D17C42E,0,1,1,4294967295,0,0
SpikeL,208,416,CA01274D,0,1,1,4294967295,0,0
SpikeR,240,384,78782E39,0,1,1,4294967295,0,0
SpikeD,240,288,750CD4E4,0,1,1,4294967295,0,0
SpikeU,48,224,EA826B7E,0,1,1,4294967295,0,0
SpikeD,48,192,59A88446,0,1,1,4294967295,0,0
SpikeL,80,128,1D4F3FCA,0,1,1,4294967295,0,0
SpikeR,112,160,A00B21D3,0,1,1,4294967295,0,0
SpikeD,144,320,F4E3A99D,0,1,1,4294967295,0,0
SpikeU,112,224,C02FDC79,0,1,1,4294967295,0,0
SpikeU,176,288,23C5616A,0,1,1,4294967295,0,0
SpikeD,176,128,4B1E3F85,0,1,1,4294967295,0,0
SpikeL,208,224,25FCDA55,0,1,1,4294967295,0,0
SpikeL,176,208,2DE2D58B,0,1,1,4294967295,0,0
SpikeL,208,192,D1D0029C,0,1,1,4294967295,0,0
SpikeU,240,160,4B1A5232,0,1,1,4294967295,0,0
WallJumpR,464,576,AFD7B644,0,1,1,4294967295,0,0
WallJumpL,240,512,CB239B84,0,1,1,4294967295,0,0
SpikeD,560,160,F87CB9BE,0,1,1,4294967295,0,0
TextDraw,48,32,5322C89B,0,1,1,4294967295,0,1
Platform,496,128,29269A0F,0,1,1,4294967295,0,0
Platform,240,448,9500969F,0,1,1,4294967295,0,0
SavePointVeryHard,496,416,00FAE2B2,0,1,1,4294967295,0,0
Cherry,576,384,3F1BBA1A,0,1,1,4294967295,0,0
Cherry,480,464,C1E4B4D8,0,1,1,4294967295,0,0
Cherry,128,304,254B4432,0,1,1,4294967295,0,0
SavePointVeryHard,272,224,D78A44EB,0,1,1,4294967295,0,0
Cherry,560,144,2C87D938,0,1,1,4294967295,0,0
Cherry,544,112,4A3BD665,0,1,1,4294967295,0,0
AutoSaver,272,224,51293028,0,1,1,4294967295,0,0
PlayerStart,272,224,227ECC42,0,1,1,4294967295,0,0
