background165,32,1856,20,36,148,84,0,1,1,4294967295
background165,56,1952,4,119,97,27,0,1,1,4294967295
background165,105,1424,98,120,92,28,0,1,1,4294967295
background165,88,1328,25,37,138,82,0,1,1,4294967295
background165,21,640,25,37,138,82,0,1,1,4294967295
background165,33,736,29,143,118,22,0,1,1,4294967295
background165,402,32,25,37,138,82,0,1,1,4294967295
background165,395,128,12,164,156,28,0,1,1,4294967295
background30_block,0,2336,0,0,32,32,0,1,1,4294967295
background30_block,0,2368,0,0,32,32,0,1,1,4294967295
background30_block,0,2400,0,0,32,32,0,1,1,4294967295
background30_block,32,2400,0,0,32,32,0,1,1,4294967295
background30_block,96,2400,0,0,32,32,0,1,1,4294967295
background30_block,160,2368,0,0,32,32,0,1,1,4294967295
background30_block,224,2368,0,0,32,32,0,1,1,4294967295
background30_block,224,2400,0,0,32,32,0,1,1,4294967295
background33_block,288,2400,0,0,32,32,0,1,1,4294967295
background33_block,368,2352,0,0,32,32,0,1,1,4294967295
background33_block,320,2208,0,0,32,32,0,1,1,4294967295
background33_block,352,2208,0,0,32,32,0,1,1,4294967295
background33_block,352,2240,0,0,32,32,0,1,1,4294967295
background33_block,352,2272,0,0,32,32,0,1,1,4294967295
background34_cookie,448,2192,0,0,32,32,0,1,1,4294967295
background34_cookie,480,2192,0,0,32,32,0,1,1,4294967295
background34_cookie,480,2224,0,0,32,32,0,1,1,4294967295
background34_cookie,400,2320,0,0,32,32,0,1,1,4294967295
background34_cookie,400,2352,0,0,32,32,0,1,1,4294967295
background34_cookie,432,2320,0,0,32,32,0,1,1,4294967295
background36_block,480,1984,0,0,32,32,0,1,1,4294967295
background36_block,480,2016,0,32,32,32,0,1,1,4294967295
background36_block,480,2048,0,32,32,32,0,1,1,4294967295
background36_block,544,2112,0,32,32,32,0,1,1,4294967295
background36_block,576,2144,0,32,32,32,0,1,1,4294967295
background36_block,544,2080,0,0,32,32,0,1,1,4294967295
background36_block,576,2112,0,0,32,32,0,1,1,4294967295
background38_block,576,2288,0,0,32,32,0,1,1,4294967295
background38_block,576,2320,0,0,32,32,0,1,1,4294967295
background38_block,608,2288,0,0,32,32,0,1,0.5,4294967295
background38_block,656,2240,0,0,32,32,0,1,1,4294967295
background38_block,736,2272,0,0,32,32,0,1,1,4294967295
background38_block,768,2272,0,0,32,32,0,1,1,4294967295
background38_block,656,2176,0,0,32,32,0,1,1,4294967295
background38_block,656,2208,0,0,32,32,0,1,1,4294967295
background41_block,672,2048,0,0,32,32,0,1,1,4294967295
background41_block,704,2048,0,0,32,32,0,1,1,4294967295
background41_block,736,2128,0,0,32,32,0,1,1,4294967295
background41_block,768,2128,0,0,32,32,0,1,1,4294967295
background41_block,736,2240,0,0,32,32,0,1,1,4294967295
background41_block,768,2240,0,0,32,32,0,1,1,4294967295
background42_block,608,2000,0,0,32,32,0,1,1,4294967295
background42_block,672,2016,0,0,32,32,0,1,1,4294967295
background42_block,704,2016,0,0,32,32,0,1,1,4294967295
background42_block,672,1904,0,0,32,32,0,1,1,4294967295
background42_block,672,1936,0,0,32,32,0,1,1,4294967295
background42_block,576,1904,0,0,32,32,0,1,1,4294967295
background42_block,512,1840,0,0,32,32,0,1,1,4294967295
background42_block,544,1840,0,0,32,32,0,1,1,4294967295
background42_block,576,1840,0,0,32,32,0,1,1,4294967295
background42_block,576,1872,0,0,32,32,0,1,1,4294967295
background42_block,544,1872,0,0,32,32,0,1,1,4294967295
background51_block,448,1840,0,0,32,32,0,1,1,4294967295
background51_block,416,1840,0,0,32,32,0,1,1,4294967295
background51_block,416,1872,0,0,32,32,0,1,1,4294967295
background51_block,448,2048,0,0,32,32,0,1,1,4294967295
background56,368,1984,0,32,32,32,0,1,0.5,4294967295
background56,384,2000,0,32,32,32,0,0.5,1,4294967295
background57,352,2000,0,32,32,32,0,1,1,4294967295
background56,336,1984,0,32,32,32,0,1,0.5,4294967295
background56,336,2000,0,32,32,32,0,0.5,1.5,4294967295
background56,352,2032,0,32,32,32,0,1.5,0.5,4294967295
background58,288,2016,32,0,32,32,0,1,1,4294967295
background58,256,2016,32,0,32,32,0,1,1,4294967295
background58,256,1984,32,0,32,32,0,1,1,4294967295
background58,256,1952,32,0,32,32,0,1,1,4294967295
background58,288,2048,32,0,32,32,0,1,1,4294967295
background63_block,336,2080,0,0,32,32,0,1,1,4294967295
background63_block,320,2176,0,0,32,32,0,1,1,4294967295
background63_block,192,2048,0,0,32,32,0,1,1,4294967295
tile_Crimson,96,2016,0,0,32,32,0,1,1,4294967295
tile_Crimson,96,2112,0,0,32,32,0,1,1,4294967295
tile_Crimson,96,2048,0,32,32,32,0,1,1,4294967295
tile_Crimson,96,2080,0,32,32,32,0,1,1,4294967295
tile_Crimson,176,1952,0,32,32,32,0,1,1,4294967295
background74_block,240,1856,0,0,32,32,0,1,1,4294967295
background74_block,272,1856,0,0,32,32,0,1,1,4294967295
background74_block,272,1824,0,0,32,32,0,1,1,4294967295
background74_block,272,1792,0,0,32,32,0,1,1,4294967295
background74_block,176,1728,0,0,32,32,0,1,1,4294967295
background76,320,1680,0,0,32,32,0,1,1,4294967295
background76,368,1728,0,0,32,32,0,1,1,4294967295
background76,368,1760,0,0,32,32,0,1,1,4294967295
background76,400,1760,0,0,32,32,0,1,1,4294967295
background82_block,400,1728,0,0,32,32,0,1,1,4294967295
background82_block,400,1696,0,0,32,32,0,1,1,4294967295
background82_block,336,1632,0,0,32,32,0,1,1,4294967295
background82_block,416,1568,0,0,32,32,0,1,1,4294967295
background82_block,448,1568,0,0,32,32,0,1,1,4294967295
background82_block,448,1600,0,0,32,32,0,1,1,4294967295
