Warp,704,0,D39609D9,0,1,1,4294967295,0,0
Block,160,240,0788213E,0,1,1,4294967295,0,0
Block,224,272,0F877763,0,1,1,4294967295,0,0
Block,256,336,75F67AFA,0,1,1,4294967295,0,0
Block,256,368,47907235,0,0.5,1,4294967295,0,0
Block,240,400,C85D522E,0,1,1,4294967295,0,0
Block,160,368,DF680D29,0,1,1,4294967295,0,0
Block,192,368,68157A99,0,1,1,4294967295,0,0
Block,192,400,C395BDD4,0,1,1,4294967295,0,0
Block,304,208,F3154062,0,1,1,4294967295,0,0
Block,304,240,BBC22C5E,0,1,1,4294967295,0,0
Block,336,208,9E557135,0,1,1,4294967295,0,0
Block,416,368,DF7A1D41,0,1,1,4294967295,0,0
Block,448,368,13A2F2C6,0,1,1,4294967295,0,0
Block,384,368,34122849,0,1,1,4294967295,0,0
Block,384,240,87AEEA5F,0,1,1,4294967295,0,0
Block,384,224,283DE32D,0,2.5,0.5,4294967295,0,0
Block,480,288,2F3004C7,0,1,1,4294967295,0,0
Block,448,432,C9AA71DE,0,1,1,4294967295,0,0
Block,480,320,7C415406,0,1,0.5,4294967295,0,0
Block,512,400,50F5EC9C,0,1,1,4294967295,0,0
Block,400,528,D772DF73,0,1,1,4294967295,0,0
Block,400,560,8209FD6A,0,1,1,4294967295,0,0
Block,464,464,C8D12286,0,0.5,2,4294967295,0,0
Block,512,432,B23FEBEA,0,1,1,4294967295,0,0
Block,512,576,AEF05702,0,1,1,4294967295,0,0
Block,544,432,3D1D9BFE,0,1,1,4294967295,0,0
Block,544,464,58CC642A,0,1,1,4294967295,0,0
Block,544,496,C88D114A,0,1,1,4294967295,0,0
Block,544,528,72BA67B7,0,1,1,4294967295,0,0
Block,544,560,695D96B0,0,1,1,4294967295,0,0
Block,320,528,5BA965B3,0,1,1,4294967295,0,0
Block,240,256,716C0131,0,0.5,0.5,4294967295,0,0
Block,160,160,365037A3,0,0.5,2.5,4294967295,0,0
Block,128,320,3E4E052F,0,1,1,4294967295,0,0
Block,192,432,59B8490C,0,0.5,2,4294967295,0,0
Block,272,480,2D712CF5,0,0.5,2.5,4294967295,0,0
Block,256,560,FDCCDC20,0,1,1,4294967295,0,0
Block,256,592,DAADCBC9,0,1,1,4294967295,0,0
Block,80,432,D9A28204,0,1,1,4294967295,0,0
Block,80,464,D1F06ECF,0,1,1,4294967295,0,0
Block,112,464,373DDF3F,0,1,1,4294967295,0,0
Block,112,496,32728E22,0,1,1,4294967295,0,0
Block,32,336,D4B70136,0,1,1,4294967295,0,0
Block,48,496,2212E7D1,0,1,1,4294967295,0,0
Block,80,496,D751AF20,0,1,1,4294967295,0,0
Block,32,304,4B263260,0,1,1,4294967295,0,0
Block,544,400,7680EAAB,0,1,1,4294967295,0,0
Block,576,336,D5269D65,0,1,1,4294967295,0,0
Block,576,304,84CE98A3,0,1,1,4294967295,0,0
Block,0,208,9D6AF9C9,0,1,1,4294967295,0,0
Block,32,208,D5DCF662,0,1,1,4294967295,0,0
Block,32,240,ABF9A272,0,1,1,4294967295,0,0
Block,128,256,1B3A87A3,0,1,1,4294967295,0,0
Block,128,224,91791EA0,0,1,1,4294967295,0,0
Block,64,96,6D361F37,0,1,1,4294967295,0,0
Block,96,96,35829B0D,0,1,1,4294967295,0,0
Block,64,-16,2515FAEE,0,1,1,4294967295,0,0
Block,176,32,5D85BB08,0,1,1,4294967295,0,0
Block,208,32,1F1057A1,0,1,1,4294967295,0,0
Block,176,0,06344F66,0,1,1,4294967295,0,0
Block,112,80,530A3DA7,0,0.5,0.5,4294967295,0,0
Block,304,176,802A0B44,0,1,1,4294967295,0,0
Block,240,128,C25C5736,0,0.5,1,4294967295,0,0
Block,240,160,1DCCA297,0,0.5,1,4294967295,0,0
Block,240,32,342BFF67,0,1,1,4294967295,0,0
Block,272,32,EC582EFE,0,1,1,4294967295,0,0
Block,272,64,3B12C688,0,1,1,4294967295,0,0
Block,208,0,030F10AD,0,1,1,4294967295,0,0
Block,240,0,073CDAF0,0,1,1,4294967295,0,0
Block,272,0,7FEF84A9,0,1,1,4294967295,0,0
Block,352,96,63F0F116,0,1,1,4294967295,0,0
Block,384,0,C2039FD3,0,1,1,4294967295,0,0
Block,352,128,60224D0D,0,1,1,4294967295,0,0
Block,384,128,4CC5E7C0,0,1,1,4294967295,0,0
Block,496,128,03459191,0,1,1,4294967295,0,0
Block,576,48,3C99F55A,0,1,1,4294967295,0,0
Block,608,48,EFD21F6A,0,1,1,4294967295,0,0
Block,608,80,362821B9,0,1,1,4294967295,0,0
Block,608,-16,FAF5D324,0,1,1,4294967295,0,0
Block,608,16,7241CB5C,0,1,1,4294967295,0,0
Block,576,16,8B0EF652,0,1,1,4294967295,0,0
Block,576,-16,DC2E1E08,0,1,1,4294967295,0,0
Block,544,0,2B37A27C,0,1,1,4294967295,0,0
Block,496,160,F662D78F,0,1,1,4294967295,0,0
Block,704,80,8F1A319A,0,1,1,4294967295,0,0
Block,640,0,862786F9,0,1,1,4294967295,0,0
Block,736,-16,5686C985,0,2,5,4294967295,0,0
Block,704,112,F7473AB6,0,1,1,4294967295,0,0
SavePointVeryHard,448,336,AF428FF7,0,1,1,4294967295,0,0
Water2,272,256,A34AE397,0,0.5,2.5,4294967295,0,0
CatharsisWater,480,512,FC9ADD17,0,1,1.5,4294967295,0,0
CatharsisWater,480,560,6F21226F,0,1,1.5,4294967295,0,0
CatharsisWater,512,512,B12891B8,0,1,2,4294967295,0,0
CatharsisWater,320,416,6BC41A0E,0,1,3.5,4294967295,0,0
Water2,0,336,62731131,0,1,1,4294967295,0,0
SavePointVeryHard,32,272,1CFD281B,0,1,1,4294967295,0,0
Water2,0,80,A8C317AE,0,1,1,4294967295,0,0
Water2,0,112,D167116B,0,1,1,4294967295,0,0
Water3,128,176,ED2D85F4,0,0.5,1.5,4294967295,0,0
Water3,208,80,425B7289,0,1,0.5,4294967295,0,0
Water2,304,32,1A1D24BD,0,1,1,4294967295,0,0
Water2,464,64,D0DCAA0A,0,1,1,4294967295,0,0
Water2,672,96,642AB04C,0,0.5,2.5,4294967295,0,0
Water2,672,80,020521B8,0,1,0.5,4294967295,0,0
SpikeU,192,336,B2C6C8BC,0,1,1,4294967295,0,0
MiniSpikeLeft,208,272,E159B537,0,1,1,4294967295,0,0
MiniSpikeLeft,240,384,55ECCF49,0,1,1,4294967295,0,0
SpikeD,240,432,E05D0969,0,1,1,4294967295,0,0
SpikeR,208,464,8BA20544,0,1,1,4294967295,0,0
SpikeU,256,304,9C6A606C,0,1,1,4294967295,0,0
SpikeL,272,240,1B507A27,0,1,1,4294967295,0,0
SpikeR,288,336,4AC543EE,0,1,1,4294967295,0,0
SpikeU,384,336,AA28DA5B,0,1,1,4294967295,0,0
SpikeR,352,304,1E94904D,0,1,1,4294967295,0,0
MiniSpikeLeft,336,304,9C4D8E50,0,1,1,4294967295,0,0
MiniSpikeLeft,336,320,80233162,0,1,1,4294967295,0,0
SpikeU,416,336,2123AB3B,0,1,1,4294967295,0,0
SpikeL,448,288,4926DDBC,0,1,1,4294967295,0,0
SpikeU,480,256,731CE8F8,0,1,1,4294967295,0,0
MiniSpikeLeft,416,248,16F5516C,0,1,1,4294967295,0,0
MiniSpikeRight,432,248,62CE0EE5,0,1,1,4294967295,0,0
SpikeU,320,384,CC5FF193,0,1,1,4294967295,0,0
SpikeD,320,416,5563FC16,0,1,1,4294967295,0,0
SpikeL,416,432,2B9F5B82,0,1,1,4294967295,0,0
SpikeR,480,496,075C8E99,0,1,1,4294967295,0,0
SpikeD,512,464,0C249161,0,1,1,4294967295,0,0
MiniSpikeDown,480,352,1483CD08,0,1,1,4294967295,0,0
MiniSpikeUp,480,336,7E961605,0,1,1,4294967295,0,0
SpikeU,512,368,4EECCA81,0,1,1,4294967295,0,0
MiniSpikeUp,416,512,B88537A6,0,1,1,4294967295,0,0
MiniSpikeUp,400,512,289E91CF,0,1,1,4294967295,0,0
MiniSpikeLeft,512,560,23706E75,0,1,1,4294967295,0,0
MiniSpikeRight,528,560,5756B968,0,1,1,4294967295,0,0
SpikeD,528,304,AEED414E,0,1,1,4294967295,0,0
SpikeU,528,272,50A286C2,0,1,1,4294967295,0,0
SpikeU,320,496,F19886F5,0,1,1,4294967295,0,0
MiniSpikeUp,224,256,61D74230,0,1,1,4294967295,0,0
MiniSpikeUp,240,240,7BBA5940,0,1,1,4294967295,0,0
SpikeR,208,176,DE359F5B,0,1,1,4294967295,0,0
SpikeR,176,192,0C836CC3,0,1,1,4294967295,0,0
SpikeR,176,160,38603649,0,1,1,4294967295,0,0
MiniSpikeDown,160,272,FB5C5557,0,1,1,4294967295,0,0
SpikeU,128,288,BBC1714C,0,1,1,4294967295,0,0
SpikeD,128,352,37F1C604,0,1,1,4294967295,0,0
MiniSpikeUp,272,464,86A23B47,0,1,1,4294967295,0,0
MiniSpikeUp,256,544,284C993B,0,1,1,4294967295,0,0
SpikeL,160,448,FB0CFD2E,0,1,1,4294967295,0,0
SpikeR,112,432,76AAB530,0,1,1,4294967295,0,0
SpikeU,80,400,B937DF12,0,1,1,4294967295,0,0
SpikeR,64,336,D34C28AC,0,1,1,4294967295,0,0
SpikeL,48,432,0A6C4AAC,0,1,1,4294967295,0,0
MiniSpikeDown,32,368,6DA73D22,0,1,1,4294967295,0,0
MiniSpikeDown,192,496,180DC27A,0,1,1,4294967295,0,0
SpikeD,-16,336,8D009E06,0,1,1,4294967295,0,0
SpikeU,-16,304,C30C2E9E,0,1,1,4294967295,0,0
SpikeU,544,368,0B018307,0,1,1,4294967295,0,0
MiniSpikeDown,384,272,82DB8944,0,1,1,4294967295,0,0
MiniSpikeDown,400,272,F2B20CC9,0,1,1,4294967295,0,0
MiniSpikeUp,256,448,35F95581,0,1,1,4294967295,0,0
MiniSpikeDown,144,288,AD065607,0,1,1,4294967295,0,0
SpikeR,64,208,70AA44ED,0,1,1,4294967295,0,0
SpikeL,96,256,E97008E7,0,1,1,4294967295,0,0
MiniSpikeUp,128,208,43169FE4,0,1,1,4294967295,0,0
SpikeL,128,160,8D738722,0,1,1,4294967295,0,0
SpikeR,32,112,A6D34A0F,0,1,1,4294967295,0,0
SpikeR,32,80,C4CD7CB0,0,1,1,4294967295,0,0
SpikeU,0,176,0472E4DB,0,1,1,4294967295,0,0
SpikeU,96,144,A7E3EE57,0,1,1,4294967295,0,0
SpikeL,32,16,6FF4E3DF,0,1,1,4294967295,0,0
MiniSpikeUp,112,64,5DD60788,0,1,1,4294967295,0,0
MiniSpikeUp,160,144,4164F955,0,1,1,4294967295,0,0
SpikeL,144,0,631B8F42,0,1,1,4294967295,0,0
SpikeL,176,64,57DD5F6A,0,1,1,4294967295,0,0
SpikeU,32,176,2394428C,0,1,1,4294967295,0,0
SpikeU,304,144,755DE238,0,1,1,4294967295,0,0
SpikeU,336,176,8489F508,0,1,1,4294967295,0,0
SpikeR,208,64,D243F0C8,0,1,1,4294967295,0,0
MiniSpikeUp,240,112,FA6552A5,0,1,1,4294967295,0,0
MiniSpikeLeft,224,144,A42F3EED,0,1,1,4294967295,0,0
SpikeR,256,160,0F9AD510,0,1,1,4294967295,0,0
SpikeR,64,16,5B6F5B78,0,1,1,4294967295,0,0
SpikeD,320,64,2CAA3D82,0,1,1,4294967295,0,0
SpikeU,352,64,5131573A,0,1,1,4294967295,0,0
SpikeD,384,32,03CEF32C,0,1,1,4294967295,0,0
SpikeU,320,32,DE6FDB00,0,1,1,4294967295,0,0
MiniSpikeDown,368,0,EF72CF64,0,1,1,4294967295,0,0
MiniSpikeUp,400,112,7086265A,0,1,1,4294967295,0,0
SpikeR,416,128,23C893B9,0,1,1,4294967295,0,0
SpikeL,432,64,1A5ACE51,0,1,1,4294967295,0,0
SpikeU,464,32,4B204347,0,1,1,4294967295,0,0
SpikeD,464,0,EC6E4C32,0,1,1,4294967295,0,0
MiniSpikeUp,384,208,3E3780E9,0,1,1,4294967295,0,0
MiniSpikeUp,448,208,3790E590,0,1,1,4294967295,0,0
SpikeU,408,192,C001C649,0,1,1,4294967295,0,0
SpikeU,496,96,CA8F5BB6,0,1,1,4294967295,0,0
SpikeL,576,80,D6171EA5,0,1,1,4294967295,0,0
SpikeD,544,32,88D44B01,0,1,1,4294967295,0,0
SpikeU,528,192,4BED4352,0,1,1,4294967295,0,0
MiniSpikeDown,528,224,AB3540D6,0,1,1,4294967295,0,0
MiniSpikeDown,544,224,C6DA45AA,0,1,1,4294967295,0,0
SpikeL,624,160,BDBF6531,0,1,1,4294967295,0,0
SpikeR,656,160,4C8172DC,0,1,1,4294967295,0,0
SpikeU,576,272,6CE1984D,0,1,1,4294967295,0,0
SpikeL,672,80,4CA2D600,0,1,1,4294967295,0,0
SpikeR,640,32,474BC2D7,0,1,1,4294967295,0,0
SpikeR,672,0,7C03D6D9,0,1,1,4294967295,0,0
SpikeU,704,48,D8EB2796,0,1,1,4294967295,0,0
WallJumpR,384,368,1C7F7CC5,0,1,1,4294967295,0,0
WallJumpR,512,576,07588F81,0,1,1,4294967295,0,0
WallJumpR,464,464,3D07E7CD,0,1,1,4294967295,0,0
WallJumpR,464,496,0DAB4DBF,0,1,1,4294967295,0,0
WallJumpL,240,400,5AE4D591,0,1,1,4294967295,0,0
WallJumpR,320,528,AA5261FB,0,1,1,4294967295,0,0
WallJumpR,256,560,4080A72C,0,1,1,4294967295,0,0
WallJumpR,128,224,AF7D4482,0,1,1,4294967295,0,0
WallJumpL,224,128,95CC40A3,0,1,1,4294967295,0,0
WallJumpL,496,128,85875C23,0,1,1,4294967295,0,0
WallJumpL,496,160,0DABD291,0,1,1,4294967295,0,0
CherryGray,352,288,14AC41D1,0,1,1,4294967295,0,0
Platform,160,480,4449235C,0,1,1,4294967295,0,0
Platform,528,128,0B60EF16,0,0.5,2,4294967295,0,0
CherryGray,536,112,6A9AE494,0,1,1,4294967295,0,0
AutoSaver,448,336,91E7C2E7,0,1,1,4294967295,0,0
PlayerStart,448,336,78BAC461,0,1,1,4294967295,0,0
