background63_block,416,144,0,0,32,32,0,1,1,4294967295
background63_block,416,176,0,0,32,32,0,1,1,4294967295
background63_block,416,208,0,0,32,32,0,1,1,4294967295
background63_block,384,48,0,0,32,32,0,1,1,4294967295
background63_block,464,224,0,0,32,32,0,1,1,4294967295
background63_block,464,256,0,0,32,32,0,1,1,4294967295
background63_block,496,224,0,0,32,32,0,1,1,4294967295
background63_block,496,256,0,0,32,32,0,1,1,4294967295
background63_block,560,160,0,0,32,32,0,1,1,4294967295
background63_block,560,192,0,0,32,32,0,1,1,4294967295
background63_block,624,80,0,0,32,32,0,1,1,4294967295
background63_block,656,80,0,0,32,32,0,1,1,4294967295
background63_block,656,48,0,0,32,32,0,1,1,4294967295
background63_block,688,48,0,0,32,32,0,1,0.5,4294967295
background63_block,720,48,0,0,32,32,0,1,1,4294967295
background63_block,720,80,0,0,32,32,0,1,1,4294967295
background63_block,720,112,0,0,32,32,0,1,1,4294967295
background63_block,656,112,0,0,32,32,0,1,1,4294967295
background63_block,656,224,0,0,32,32,0,1,1,4294967295
background63_block,656,256,0,0,32,32,0,1,1,4294967295
background63_block,624,256,0,0,32,32,0,1,1,4294967295
background63_block,704,288,0,0,32,32,0,1,1,4294967295
background63_block,704,320,0,0,32,32,0,1,1,4294967295
background63_block,736,160,0,0,32,32,0,1,1,4294967295
background63_block,736,192,0,0,32,32,0,1,1,4294967295
background63_block,464,-16,0,0,32,32,0,1,1,4294967295
