object439,0,0,97143CB5,0,1,1,4294967295,0,1
DepthShaderReset,0,0,7C6CCB9B,0,1,1,4294967295,0,1
Warp,768,120,7E76D820,0,1,1,4294967295,0,0
Block,0,576,B2C00080,0,1,1,4294967295,0,0
Block,32,576,252CE453,0,1,1,4294967295,0,0
Block,112,560,8BFA26B4,0,0.5,1.5,4294967295,0,0
Block,128,480,8CA22947,0,0.5,1,4294967295,0,0
Block,128,512,53815D53,0,0.5,3,4294967295,0,0
Block,32,448,DAE968C1,0,1,1,4294967295,0,0
Block,0,448,DFA4AB49,0,1,1,4294967295,0,0
Block,80,400,929BD9FB,0,0.5,1,4294967295,0,0
Block,208,448,88E0FEE2,0,1,0.5,4294967295,0,0
Block,176,400,7C43B711,0,0.5,1,4294967295,0,0
Block,256,336,5E098FE8,0,1,1,4294967295,0,0
Block,256,368,D6EF8BC9,0,1,1,4294967295,0,0
Block,64,368,F771B437,0,1,1,4294967295,0,0
Block,112,272,92A1F33F,0,1,1.5,4294967295,0,0
Block,64,256,C52B4894,0,2.5,0.5,4294967295,0,0
Block,144,288,77CE8419,0,1,1,4294967295,0,0
Block,112,320,5F092885,0,0.5,0.5,4294967295,0,0
Block,-16,240,0BAAC5BD,0,1,1,4294967295,0,0
Block,144,160,6C4F3CBD,0,0.5,4,4294967295,0,0
Block,144,144,0CC7C10C,0,0.5,0.5,4294967295,0,0
Block,48,128,9BC15427,0,1,1,4294967295,0,0
Block,64,274,7526FBD0,0,0.5,0.84375,4294967295,0,0
Block,224,480,5A235CA0,0,0.5,2.5,4294967295,0,0
Block,208,560,5DC01CE0,0,1,1,4294967295,0,0
Block,224,464,49719F0D,0,0.5,0.5,4294967295,0,0
Block,48,0,6AABF9BC,0,0.5,2,4294967295,0,0
Block,176,0,96B1C960,0,0.5,1,4294967295,0,0
Block,176,32,35BFCB24,0,0.5,1,4294967295,0,0
Block,160,144,71114CFF,0,0.5,0.5,4294967295,0,0
Block,192,144,295DC892,0,0.5,1,4294967295,0,0
Block,224,0,C4FB51F1,0,0.5,2.5,4294967295,0,0
Block,240,64,AC2845A2,0,0.5,0.5,4294967295,0,0
Block,192,176,4C72786A,0,1.5,1,4294967295,0,0
Block,272,160,A8279809,0,0.5,2,4294967295,0,0
Block,288,160,8160810C,0,1.5,0.5,4294967295,0,0
Block,336,96,D8BC6F99,0,1,2.5,4294967295,0,0
Block,272,224,256C3013,0,0.5,1,4294967295,0,0
Block,368,64,557D2C45,0,0.5,3.5,4294967295,0,0
Block,320,-16,C1D9CB4C,0,1,1,4294967295,0,0
Block,384,272,E069085A,0,1,1,4294967295,0,0
Block,448,240,5FD064C0,0,1,0.5,4294967295,0,0
Block,448,256,ACD3575D,0,0.5,2.5,4294967295,0,0
Block,176,304,7C521D70,0,3,0.5,4294967295,0,0
Block,256,320,0C1D17D8,0,0.5,0.5,4294967295,0,0
Block,240,240,9423FAE2,0,1,2,4294967295,0,0
Block,272,256,ADB4081C,0,0.5,2.5,4294967295,0,0
Block,192,208,BE940504,0,1,3,4294967295,0,0
Block,176,288,CE9247A3,0,0.5,0.5,4294967295,0,0
Block,304,320,AF4F3B0F,0,1,1,4294967295,0,0
Block,368,264,121FC28D,0,0.5,2.25,4294967295,0,0
Block,384,304,627F912D,0,1,1,4294967295,0,0
Block,400,336,392FACD4,0,0.5,3.5,4294967295,0,0
Block,304,352,AE2457E3,0,1,1,4294967295,0,0
Block,304,384,40E31EAE,0,1,1,4294967295,0,0
Block,304,416,DC9DFD4F,0,1,1,4294967295,0,0
Block,336,416,13006A38,0,1,1,4294967295,0,0
Block,256,400,ACBF3E9E,0,1.5,1,4294967295,0,0
Block,416,416,B343CB7D,0,1,1.25,4294967295,0,0
Block,384,520,9820FAD7,0,1,1,4294967295,0,0
Block,448,416,F7A1E7D7,0,1,1.25,4294967295,0,0
Block,384,552,CD3A801C,0,1,1,4294967295,0,0
Block,384,584,89EBD560,0,1,1,4294967295,0,0
Block,480,584,4290100B,0,1,1,4294967295,0,0
Block,544,584,37650AEA,0,1,1,4294967295,0,0
Block,448,72,B31B99C2,0,0.5,1.5,4294967295,0,0
Block,352,224,702EEB3B,0,0.5,1,4294967295,0,0
Block,480,112,780DC8FB,0,1,1,4294967295,0,0
Block,496,0,6C8703EF,0,0.5,3.5,4294967295,0,0
Block,384,336,9DD522E2,0,0.5,3.25,4294967295,0,0
Block,336,520,CE8BB8ED,0,1,1,4294967295,0,0
Block,576,584,F1123237,0,1,1,4294967295,0,0
Block,608,552,F89C28A4,0,1,1,4294967295,0,0
Block,608,584,DEAEFADE,0,1,1,4294967295,0,0
Block,480,144,E09041A6,0,1,3.5,4294967295,0,0
Block,592,432,FAB4681B,0,1,1,4294967295,0,0
Block,544,432,56D9D0E6,0,1.5,1,4294967295,0,0
Block,640,376,A38D558F,0,0.5,1.75,4294967295,0,0
Block,656,520,A8BA58E4,0,1,0.5,4294967295,0,0
Block,688,392,AF8DCA30,0,1,1,4294967295,0,0
Block,688,360,C023AB96,0,1,1,4294967295,0,0
Block,700,464,C7DC3A49,0,1,1,4294967295,0,0
Block,656,536,46EDE1DE,0,1,1,4294967295,0,0
Block,656,568,D311C2E8,0,1,1,4294967295,0,0
Block,768,496,8BB22F73,0,1,1,4294967295,0,0
Block,752,528,514D2089,0,1.5,2.5,4294967295,0,0
Block,768,376,F1B642C7,0,1,1,4294967295,0,0
Block,768,360,E879C650,0,0.5,0.5,4294967295,0,0
Block,752,280,8AC117CA,0,1,1,4294967295,0,0
Block,592,288,44F05555,0,1,1,4294967295,0,0
Block,608,160,4AE2ACBB,0,1,2,4294967295,0,0
Block,640,160,47AD4776,0,1,1.5,4294967295,0,0
Block,640,208,667D112F,0,1,1,4294967295,0,0
Block,528,192,7B387496,0,0.5,1,4294967295,0,0
Block,512,112,C9983C40,0,1.5,0.5,4294967295,0,0
Block,560,112,120BBB89,0,0.5,3.5,4294967295,0,0
Block,512,304,AF25A548,0,1,1,4294967295,0,0
Block,576,112,95A9AED9,0,0.5,0.75,4294967295,0,0
Block,624,112,659EE010,0,0.5,1.5,4294967295,0,0
Block,624,64,532F134F,0,0.5,1.5,4294967295,0,0
Block,688,16,6757C2B4,0,1,1,4294967295,0,0
Block,688,-16,84349008,0,1,1,4294967295,0,0
Block,688,144,474A8E21,0,0.5,1,4294967295,0,0
Block,720,48,E218A9D8,0,1,1,4294967295,0,0
Block,720,16,B2A0DA0D,0,1,1,4294967295,0,0
Block,720,-16,2E1D2F8C,0,1,1,4294967295,0,0
Block,624,280,6F9D839F,0,0.5,0.5,4294967295,0,0
CatharsisWater,96,496,9CAB8BB5,0,0.5,3.5,4294967295,0,0
Water2,144,416,784643AE,0,0.5,2,4294967295,0,0
Water2,144,480,EDACC4E4,0,0.5,0.5,4294967295,0,0
Water3,112,496,DF0A5422,0,0.5,2,4294967295,0,0
Water3,128,416,B79B74E3,0,0.5,2,4294967295,0,0
CatharsisWater,144,496,E7794688,0,1,3.5,4294967295,0,0
Water2,96,160,E03F2BDB,0,1.5,0.5,4294967295,0,0
SavePointVeryHard,0,544,C64EDA02,0,1,1,4294967295,0,0
Water2,80,96,72128471,0,0.5,2,4294967295,0,0
Water3,144,0,84CCCB0B,0,1,1.5,4294967295,0,0
CatharsisWater,160,48,D642AC93,0,0.5,3,4294967295,0,0
CatharsisWater,224,80,AF01350D,0,0.5,2.5,4294967295,0,0
CatharsisWater,144,48,4CA677E4,0,0.5,3,4294967295,0,0
SavePointVeryHard,336,64,45E827B4,0,1,1,4294967295,0,0
CatharsisWater,208,0,8A8C2585,0,0.5,5,4294967295,0,0
CatharsisWater,400,128,59FD6800,0,0.5,2,4294967295,0,0
Water2,416,472,427B49F3,0,1,2,4294967295,0,0
CatharsisWater,416,536,5CEC8C45,0,1,1,4294967295,0,0
CatharsisWater,416,568,E55608EA,0,1,1,4294967295,0,0
CatharsisWater,416,600,2D72408B,0,1,1,4294967295,0,0
Water3,456,20,C5B9F189,0,0.25,1.625,4294967295,0,0
Water3,416,456,8517D191,0,1,0.5,4294967295,0,0
CatharsisWater,352,488,27DA9CDD,0,1.5,1,4294967295,0,0
SavePointVeryHard,576,552,AA1AFCAE,0,1,1,4294967295,0,0
Water2,768,408,BD329D79,0,1,2.75,4294967295,0,0
CatharsisWater,656,376,3F169051,0,0.5,1.5,4294967295,0,0
Water2,512,224,7BE959D5,0,1,0.5,4294967295,0,0
Water2,512,192,D03CAC8A,0,0.5,1,4294967295,0,0
Water3,544,128,AABE49D1,0,0.5,3,4294967295,0,0
Water2,576,144,EE970458,0,1.5,0.5,4294967295,0,0
Water2,656,72,F304ADB7,0,0.5,2.75,4294967295,0,0
Water3,640,72,2172B043,0,0.5,2.75,4294967295,0,0
CatharsisWater,624,296,F8789ED5,0,0.5,2.5,4294967295,0,0
CatharsisWater,640,368,3365EE6D,0,1,0.25,4294967295,0,0
object440,0,0,50F5ED4B,0,1,1,4294967295,0,0
SpikeL,96,480,82E62C1B,0,1,1,4294967295,0,0
SpikeR,144,480,49563FD0,0,1,1,4294967295,0,0
MiniSpikeUp,128,464,32FC3FB0,0,1,1,4294967295,0,0
MiniSpikeLeft,112,544,2BB66971,0,1,1,4294967295,0,0
SpikeD,32,480,B3EAD6D8,0,1,1,4294967295,0,0
SpikeR,96,400,A66EE720,0,1,1,4294967295,0,0
SpikeL,144,400,DD768A97,0,1,1,4294967295,0,0
MiniSpikeUp,128,400,A8983426,0,1,1,4294967295,0,0
MiniSpikeDown,176,432,F4A45735,0,1,1,4294967295,0,0
SpikeU,208,416,C1884BDE,0,1,1,4294967295,0,0
SpikeL,192,352,4D095FC2,0,1,1,4294967295,0,0
SpikeL,224,368,43C263E7,0,1,1,4294967295,0,0
SpikeL,224,336,054E7B32,0,1,1,4294967295,0,0
WallJumpL,112,528,5B5D5CDC,0,1,1,4294967295,0,0
SpikeU,64,336,070D3531,0,1,1,4294967295,0,0
MiniSpikeLeft,48,284,4B82EEDD,0,1,1,4294967295,0,0
MiniSpikeRight,80,284,D10E3494,0,1,1,4294967295,0,0
MiniSpikeLeft,48,256,C7017082,0,1,1,4294967295,0,0
SpikeU,32,416,1C914B11,0,1,1,4294967295,0,0
SpikeU,0,416,9A2DD03D,0,1,1,4294967295,0,0
SpikeD,144,320,93B8E8E2,0,1,1,4294967295,0,0
MiniSpikeDown,112,336,CAD516B3,0,1,1,4294967295,0,0
WallJumpL,-16,240,9E1AAF05,0,1,1,4294967295,0,0
SpikeU,-16,208,BAAFF0F9,0,1,1,4294967295,0,0
SpikeU,64,224,CC2DBF2E,0,1,1,4294967295,0,0
SpikeU,96,224,9B559A9A,0,1,1,4294967295,0,0
SpikeD,80,160,ABDC3CCF,0,1,1,4294967295,0,0
MiniSpikeUp,128,240,41C95B5A,0,1,1,4294967295,0,0
SpikeU,80,64,D13D70C2,0,1,1,4294967295,0,0
SpikeR,112,96,A8300D0E,0,1,1,4294967295,0,0
MiniSpikeUp,144,128,E357F761,0,1,1,4294967295,0,0
MiniSpikeDown,64,336,40FA25BD,0,1,1,4294967295,0,0
MiniSpikeUp,48,497,E3942611,0,1,1,4294967295,0,0
SpikeR,32,546,2FD4A035,0,1,1,4294967295,0,0
MiniSpikeDown,80,434,1D9A275C,0,1,1,4294967295,0,0
WallJumpR,224,480,78E7F078,0,1,1,4294967295,0,0
SpikeU,208,528,00ADEF74,0,1,1,4294967295,0,0
SpikeD,96,0,CDA5BA3A,0,1,1,4294967295,0,0
SpikeL,144,32,BAEC80D0,0,1,1,4294967295,0,0
SpikeR,64,0,2A3B7CBF,0,1,1,4294967295,0,0
WallJumpL,160,32,2D7131F1,0,1,1,4294967295,0,0
MiniSpikeRight,192,32,F78F9D85,0,1,1,4294967295,0,0
MiniSpikeUp,160,128,8AF6A43C,0,1,1,4294967295,0,0
MiniSpikeDown,176,64,2C619699,0,1,1,4294967295,0,0
MiniSpikeUp,192,128,6A6A1435,0,1,1,4294967295,0,0
SpikeD,224,80,5C110E87,0,1,1,4294967295,0,0
MiniSpikeUp,240,48,A7B9182C,0,1,1,4294967295,0,0
SpikeR,208,144,8F456202,0,1,1,4294967295,0,0
MiniSpikeDown,128,0,7ED4FC05,0,1,1,4294967295,0,0
MiniSpikeDown,144,0,6654195D,0,1,1,4294967295,0,0
WallJumpL,208,176,E7CFFC43,0,1,1,4294967295,0,0
SpikeU,272,128,B2934C65,0,1,1,4294967295,0,0
SpikeU,304,128,3DCB703A,0,1,1,4294967295,0,0
SpikeD,288,64,6133B682,0,1,1,4294967295,0,0
SpikeU,288,32,F52C2385,0,1,1,4294967295,0,0
MiniSpikeLeft,208,0,7FACC180,0,1,1,4294967295,0,0
SpikeL,240,224,0721B26C,0,1,1,4294967295,0,0
SpikeD,208,208,9A493AAF,0,1,1,4294967295,0,0
MiniSpikeLeft,368,48,468E9F21,0,1,1,4294967295,0,0
SpikeR,352,-16,C3EEA5B7,0,1,1,4294967295,0,0
MiniSpikeRight,384,48,2FD9678B,0,1,1,4294967295,0,0
SpikeU,400,96,A4B341ED,0,1,1,4294967295,0,0
SpikeR,432,128,A1E7E661,0,1,1,4294967295,0,0
SpikeL,432,112,D559193D,0,1,1,4294967295,0,0
SpikeR,384,176,863581DF,0,1,1,4294967295,0,0
SpikeL,416,-4,AEB446DA,0,1,1,4294967295,0,0
SpikeU,384,240,56C81A02,0,1,1,4294967295,0,0
WallJumpL,384,272,1DB8B4A9,0,1,1,4294967295,0,0
SpikeL,416,304,656BD5D2,0,1,1,4294967295,0,0
SpikeU,448,208,0F9ACC30,0,1,1,4294967295,0,0
MiniSpikeUp,352,208,D88F4B70,0,1,1,4294967295,0,0
SpikeL,320,224,D0B058AE,0,1,1,4294967295,0,0
SpikeU,304,288,AE039B9C,0,1,1,4294967295,0,0
SpikeD,288,176,586137C8,0,1,1,4294967295,0,0
MiniSpikeUp,160,272,E4E77355,0,1,1,4294967295,0,0
MiniSpikeUp,176,272,241A919D,0,1,1,4294967295,0,0
WallJumpR,304,320,DA2F3FF3,0,1,1,4294967295,0,0
WallJumpL,304,352,BCBA77B4,0,1,1,4294967295,0,0
SpikeU,336,384,C3F3E10A,0,1,1,4294967295,0,0
SpikeL,368,320,A1DCE592,0,1,1,4294967295,0,0
MiniSpikeUp,288,384,21582F05,0,1,1,4294967295,0,0
MiniSpikeDown,352,256,A662C0A4,0,1,1,4294967295,0,0
SpikeL,416,440,5B32F5A3,0,1,1,4294967295,0,0
SpikeU,416,384,1AD18C02,0,1,1,4294967295,0,0
SpikeU,448,384,0AF2A853,0,1,1,4294967295,0,0
SpikeR,416,520,39738271,0,1,1,4294967295,0,0
SpikeR,448,440,054822D9,0,1,1,4294967295,0,0
WallJumpL,384,576,BBDE4877,0,1,1,4294967295,0,0
SpikeU,480,552,2F6A721C,0,1,1,4294967295,0,0
SpikeU,544,552,8E3093BF,0,1,1,4294967295,0,0
MiniSpikeLeft,432,64,8985DA2C,0,1,1,4294967295,0,0
MiniSpikeRight,448,64,3498F4CB,0,1,1,4294967295,0,0
SpikeR,448,-4,FF72FA9A,0,1,1,4294967295,0,0
MiniSpikeUp,368,248,12D85106,0,1,1,4294967295,0,0
MiniSpikeLeft,352,320,A6096202,0,1,1,4294967295,0,0
SpikeU,480,80,847878EB,0,1,1,4294967295,0,0
MiniSpikeRight,464,128,41CF3AA9,0,1,1,4294967295,0,0
SpikeL,496,488,EEA13323,0,1,1,4294967295,0,0
SpikeR,528,488,2002FBAF,0,1,1,4294967295,0,0
SpikeU,384,488,3755976F,0,1,1,4294967295,0,0
MiniSpikeLeft,400,440,DF5B7EBF,0,1,1,4294967295,0,0
MiniSpikeLeft,384,432,B6490EA8,0,1,1,4294967295,0,0
SpikeU,336,488,E816CA88,0,1,1,4294967295,0,0
MiniSpikeRight,368,520,E6C963FD,0,1,1,4294967295,0,0
MiniSpikeDown,336,448,B12D0A6B,0,1,1,4294967295,0,0
MiniSpikeDown,352,448,4BEF81B8,0,1,1,4294967295,0,0
SpikeD,512,588,C494D28A,0,1,1,4294967295,0,0
SpikeL,608,520,7AA85097,0,1,1,4294967295,0,0
SpikeD,592,464,BCBFCF90,0,1,1,4294967295,0,0
SpikeR,624,432,62A7D27D,0,1,1,4294967295,0,0
MiniSpikeRight,656,416,3ADF3516,0,1,1,4294967295,0,0
SpikeL,656,360,FBEDB187,0,1,1,4294967295,0,0
SpikeU,656,488,2075C034,0,1,1,4294967295,0,0
MiniSpikeRight,640,520,A827130D,0,1,1,4294967295,0,0
MiniSpikeRight,640,536,8485C02E,0,1,1,4294967295,0,0
WallJumpR,700,464,51086CDD,0,1,1,4294967295,0,0
MiniSpikeUp,700,448,7072DA42,0,1,1,4294967295,0,0
MiniSpikeUp,716,448,3EE96F23,0,1,1,4294967295,0,0
WallJumpL,656,536,AF9D74EB,0,1,1,4294967295,0,0
SpikeL,720,528,1EC18419,0,1,1,4294967295,0,0
SpikeU,752,496,D3A1BA8B,0,1,1,4294967295,0,0
SpikeU,768,464,31497140,0,1,1,4294967295,0,0
MiniSpikeDown,704,424,6F8BED32,0,1,1,4294967295,0,0
SpikeD,768,408,7421ED6F,0,1,1,4294967295,0,0
SpikeR,720,360,8F3F2A62,0,1,1,4294967295,0,0
MiniSpikeUp,768,344,25B9A9E2,0,1,1,4294967295,0,0
MiniSpikeUp,784,360,8BC1C0E7,0,1,1,4294967295,0,0
SpikeU,688,328,A7DF427A,0,1,1,4294967295,0,0
SpikeL,720,280,DA5344DC,0,1,1,4294967295,0,0
SpikeR,656,280,AA33F4E9,0,1,1,4294967295,0,0
SpikeL,608,384,5B573E55,0,1,1,4294967295,0,0
SpikeD,592,320,1F106858,0,1,1,4294967295,0,0
SpikeU,576,400,F8E19D0D,0,1,1,4294967295,0,0
SpikeU,560,368,3FFBDF95,0,1,1,4294967295,0,0
SpikeU,544,400,89DA1F38,0,1,1,4294967295,0,0
SpikeU,592,256,0320A91D,0,1,1,4294967295,0,0
SpikeR,672,192,24226818,0,1,1,4294967295,0,0
SpikeR,544,208,7DDA396F,0,1,1,4294967295,0,0
MiniSpikeUp,528,176,BD6BBABC,0,1,1,4294967295,0,0
SpikeR,512,112,791B7E89,0,1,1,4294967295,0,0
MiniSpikeLeft,592,208,ACDAA2DE,0,1,1,4294967295,0,0
MiniSpikeDown,544,128,1411CB01,0,1,1,4294967295,0,0
SpikeU,512,272,1A5A0B6F,0,1,1,4294967295,0,0
WallJumpL,512,304,A2FFE1CF,0,1,1,4294967295,0,0
SpikeL,608,208,CDDB4E28,0,1,1,4294967295,0,0
MiniSpikeRight,576,128,5B3B5D9E,0,1,1,4294967295,0,0
MiniSpikeUp,608,144,F7396E58,0,1,1,4294967295,0,0
SpikeL,592,64,7DE09070,0,1,1,4294967295,0,0
MiniSpikeUp,624,48,47C2C769,0,1,1,4294967295,0,0
SpikeU,640,128,50456EDB,0,1,1,4294967295,0,0
SpikeU,752,248,0356F549,0,1,1,4294967295,0,0
MiniSpikeDown,624,0,CB77E293,0,1,1,4294967295,0,0
SpikeD,688,48,02879594,0,1,1,4294967295,0,0
MiniSpikeUp,688,128,E24BEE9B,0,1,1,4294967295,0,0
SpikeD,720,80,B68046F6,0,1,1,4294967295,0,0
MiniSpikeRight,640,64,588C12CD,0,1,1,4294967295,0,0
MiniSpikeLeft,656,64,210FBA7D,0,1,1,4294967295,0,0
MiniSpikeRight,704,160,2167F0E5,0,1,1,4294967295,0,0
SpikeD,736,112,E63576E7,0,1,1,4294967295,0,0
SpikeU,736,80,D6FB9617,0,1,1,4294967295,0,0
MiniSpikeDown,656,240,B967B6D3,0,1,1,4294967295,0,0
Platform,48,304,1A399C53,0,1.5,2,4294967295,0,0
Platform,128,320,4B393742,0,0.5,1,4294967295,0,0
Platform,192,48,E8590819,0,0.5,2,4294967295,0,0
Platform,336,176,F3F3936C,0,1.5,1,4294967295,0,0
Platform,624,464,92E55891,0,1,1,4294967295,0,0
Platform,720,392,A044997C,0,1,1,4294967295,0,0
CherryWhite,560,192,959336C1,0,1,1,4294967295,0,0
TextDraw,752,24,540B6F52,0,1,1,4294967295,0,1
CherryWhite,592,364,B39027C7,0,1,1,4294967295,0,0
PlayerStart,0,544,1488BAA1,0,1,1,4294967295,0,0
