background113_block,16,48,0,0,32,32,0,1,1,4294967295
background114_miniblock,144,32,0,0,16,16,0,1,1,4294967295
background114_miniblock,144,48,0,0,16,16,0,1,1,4294967295
background114_miniblock,144,64,0,0,16,16,0,1,1,4294967295
background114_miniblock,144,80,0,0,16,16,0,1,1,4294967295
background114_miniblock,160,160,0,0,16,16,0,1,1,4294967295
background114_miniblock,176,160,0,0,16,16,0,1,1,4294967295
background114_miniblock,224,128,0,0,16,16,0,1,1,4294967295
background114_miniblock,224,144,0,0,16,16,0,1,1,4294967295
background114_miniblock,336,96,0,0,16,16,0,1,1,4294967295
background114_miniblock,336,112,0,0,16,16,0,1,1,4294967295
background114_miniblock,336,128,0,0,16,16,0,1,1,4294967295
background114_miniblock,336,144,0,0,16,16,0,1,1,4294967295
background114_miniblock,336,160,0,0,16,16,0,1,1,4294967295
background114_miniblock,592,384,0,0,16,16,0,1,1,4294967295
background114_miniblock,592,400,0,0,16,16,0,1,1,4294967295
background114_miniblock,208,464,0,0,16,16,0,1,1,4294967295
background114_miniblock,192,464,0,0,16,16,0,1,1,4294967295
background114_miniblock,176,464,0,0,16,16,0,1,1,4294967295
background114_miniblock,352,64,0,0,16,16,0,1,1,4294967295
background114_miniblock,192,384,0,0,16,16,0,1,1,4294967295
background114_miniblock,304,176,0,0,16,16,0,1,1,4294967295
background114_miniblock,640,432,0,0,16,16,0,1,1,4294967295
background114_miniblock,592,416,0,0,16,16,0,1,1,4294967295
background114_miniblock,592,432,0,0,16,16,0,1,1,4294967295
background114_miniblock,592,448,0,0,16,16,0,1,1,4294967295
background114_miniblock,608,272,0,0,16,16,0,1,1,4294967295
background117,304,512,0,0,64,64,0,1,1,4294967295
