Autotiler,16,48,8DDA4626,0,1,1,4294967295,0,1
Warp,16,352,E1FCFD53,0,1,1,4294967295,0,0
Block,96,208,8DAD9E4A,0,1,1,4294967295,0,0
MiniBlock,192,384,7159C19B,0,1,1,4294967295,0,0
Block,192,528,0017888A,0,1,1,4294967295,0,0
MiniBlock,160,160,160E1068,0,1,1,4294967295,0,0
MiniBlock,176,160,1A5FDB37,0,1,1,4294967295,0,0
Block,496,0,D7C42EDE,0,1,1,4294967295,0,0
Block,464,0,D5A69C5A,0,1,1,4294967295,0,0
Block,-16,448,1ED6FDCD,0,1,1,4294967295,0,0
Block,16,448,60D381F3,0,1,1,4294967295,0,0
Block,48,448,A9754370,0,1,1,4294967295,0,0
Block,128,288,1462632F,0,1,1,4294967295,0,0
Block,128,320,932138B7,0,1,1,4294967295,0,0
Block,128,352,136C5108,0,1,1,4294967295,0,0
Block,128,384,3F287FD5,0,1,1,4294967295,0,0
Block,80,592,A074936D,0,1,1,4294967295,0,0
Block,48,576,E74DF345,0,1,1,4294967295,0,0
Block,80,560,CD928E00,0,1,1,4294967295,0,0
Block,80,528,31861E0B,0,1,1,4294967295,0,0
Block,192,496,424D865E,0,1,1,4294967295,0,0
MiniBlock,176,464,CE350089,0,1,1,4294967295,0,0
Block,272,320,E886B8DD,0,1,1,4294967295,0,0
Block,272,288,8049501E,0,1,1,4294967295,0,0
Block,160,368,6CFEBC42,0,1,1,4294967295,0,0
Block,208,368,151C39B6,0,1,1,4294967295,0,0
Block,208,336,18537F41,0,1,1,4294967295,0,0
Block,128,0,3335BD6E,0,1,1,4294967295,0,0
MiniBlock,144,32,E1FD2B0D,0,1,1,4294967295,0,0
MiniBlock,144,48,4D4DECC3,0,1,1,4294967295,0,0
MiniBlock,144,64,1D415E8A,0,1,1,4294967295,0,0
MiniBlock,144,80,ED9AE7FA,0,1,1,4294967295,0,0
Block,128,96,A561DBAE,0,1,1,4294967295,0,0
Block,128,128,5B88170C,0,1,1,4294967295,0,0
Block,208,224,07920F04,0,1,1,4294967295,0,0
MiniBlock,224,144,BD498171,0,1,1,4294967295,0,0
MiniBlock,224,128,4BA8F2D0,0,1,1,4294967295,0,0
Block,160,128,9DA966CD,0,1,1,4294967295,0,0
Block,224,96,954469E4,0,1,1,4294967295,0,0
Block,256,-16,795D9587,0,1,1,4294967295,0,0
MiniBlock,304,176,C6DBADAA,0,1,1,4294967295,0,0
Block,272,176,18ADE366,0,1,1,4294967295,0,0
Block,320,64,B4337BC7,0,1,1,4294967295,0,0
MiniBlock,336,160,FD52DBED,0,1,1,4294967295,0,0
MiniBlock,336,144,B8DE48AB,0,1,1,4294967295,0,0
MiniBlock,336,128,C9CB9F76,0,1,1,4294967295,0,0
MiniBlock,336,112,E3C782C5,0,1,1,4294967295,0,0
MiniBlock,336,96,DECDB13A,0,1,1,4294967295,0,0
Block,320,176,D167470A,0,1,1,4294967295,0,0
Block,400,112,839BCF40,0,1,1,4294967295,0,0
MiniBlock,352,64,CD67C58F,0,1,1,4294967295,0,0
Block,528,160,B7A54A23,0,1,1,4294967295,0,0
Block,576,176,52E66D68,0,1,1,4294967295,0,0
Block,720,-16,22DE9845,0,1,1,4294967295,0,0
Block,688,-16,AF16B61F,0,1,1,4294967295,0,0
Block,496,32,0B392870,0,1,1,4294967295,0,0
Block,496,64,FB8954F0,0,1,1,4294967295,0,0
Block,496,96,48C6E419,0,1,1,4294967295,0,0
Block,416,272,04B6E437,0,1,1,4294967295,0,0
Block,416,240,23CBB4E8,0,1,1,4294967295,0,0
Block,448,240,A93B0446,0,1,1,4294967295,0,0
Block,528,128,7D9FF112,0,1,1,4294967295,0,0
Block,688,128,E6C32615,0,1,1,4294967295,0,0
Block,688,96,4044D825,0,1,1,4294967295,0,0
Block,496,160,CBD590A7,0,1,1,4294967295,0,0
Block,496,128,24F7EFC5,0,1,1,4294967295,0,0
Block,736,272,8ECA426D,0,1,1,4294967295,0,0
MiniBlock,608,272,9C8233F3,0,1,1,4294967295,0,0
Block,592,288,2ECD16B9,0,1,1,4294967295,0,0
Block,624,336,93B141BA,0,1,1,4294967295,0,0
Block,688,464,B5B2465E,0,1,1,4294967295,0,0
Block,688,432,06E7052D,0,1,1,4294967295,0,0
Block,656,432,FE45FEBB,0,1,1,4294967295,0,0
MiniBlock,640,432,1B088F7B,0,1,1,4294967295,0,0
MiniBlock,592,400,94A26E92,0,1,1,4294967295,0,0
MiniBlock,592,384,94DA3481,0,1,1,4294967295,0,0
Block,592,560,C77FAE56,0,1,1,4294967295,0,0
Block,512,592,B15A8371,0,1,1,4294967295,0,0
Block,512,560,911CE078,0,1,1,4294967295,0,0
Block,592,320,142A36ED,0,1,1,4294967295,0,0
Block,592,352,8518D4ED,0,1,1,4294967295,0,0
Block,480,432,744CE967,0,1,1,4294967295,0,0
Block,560,464,C4803CBC,0,1,1,4294967295,0,0
Block,448,528,1DF94812,0,1,1,4294967295,0,0
Block,480,400,A1AA3C2A,0,1,1,4294967295,0,0
Block,416,304,38C5D4C9,0,1,1,4294967295,0,0
Block,304,384,422DEF92,0,1,1,4294967295,0,0
MiniBlock,592,416,F6B52E4F,0,1,1,4294967295,0,0
MiniBlock,592,432,4B9835E8,0,1,1,4294967295,0,0
MiniBlock,592,448,E3D789A6,0,1,1,4294967295,0,0
Block,192,464,2A50FF14,0,1,1,4294967295,0,0
SavePointVeryHard,448,208,BA6CF38A,0,1,1,4294967295,0,0
SavePointVeryHard,304,352,E816368A,0,1,1,4294967295,0,0
Water3,48,544,149A3080,0,1,1,4294967295,0,0
Water2,192,-16,E1658AC6,0,1,1,4294967295,0,0
Water2,192,16,422E4542,0,1,1,4294967295,0,0
Water2,224,-16,E28FF439,0,1,1,4294967295,0,0
Water2,224,16,CDA1CC67,0,1,1,4294967295,0,0
Water2,224,48,B950B2E1,0,1,1,4294967295,0,0
Water2,368,112,2AB955BF,0,1,1,4294967295,0,0
Water2,368,144,DDC5C134,0,1,1,4294967295,0,0
Water2,368,176,8BA39E29,0,1,1,4294967295,0,0
Water2,656,128,D731EEA7,0,1,1,4294967295,0,0
Water2,656,96,88676FD3,0,1,1,4294967295,0,0
Water3,704,304,DF369CB6,0,1,1,4294967295,0,0
Water3,480,464,48C9CBDA,0,1,1,4294967295,0,0
Water2,544,432,3985835E,0,1,1,4294967295,0,0
CatharsisWater,288,64,B9916F2A,0,1,1,4294967295,0,0
CatharsisWater,528,464,3F6850A5,0,0.5,1.25,4294967295,0,0
MiniSpikeUp,96,192,5A8F27D1,0,1,1,4294967295,0,0
MiniSpikeUp,112,192,C59EBB62,0,1,1,4294967295,0,0
MiniSpikeDown,96,240,CA154637,0,1,1,4294967295,0,0
MiniSpikeDown,112,240,E0ECB1E6,0,1,1,4294967295,0,0
MiniSpikeUp,96,512,29E95452,0,1,1,4294967295,0,0
MiniSpikeLeft,192,240,CDAFB75F,0,1,1,4294967295,0,0
MiniSpikeLeft,208,144,A38686EF,0,1,1,4294967295,0,0
MiniSpikeDown,288,208,0AA8D6C7,0,1,1,4294967295,0,0
MiniSpikeDown,272,208,358E4162,0,1,1,4294967295,0,0
SpikeR,464,144,CC3C41C0,0,1,1,4294967295,0,0
SpikeL,432,144,0D804A7D,0,1,1,4294967295,0,0
MiniSpikeUp,400,96,1A1562B6,0,1,1,4294967295,0,0
SpikeU,48,416,49CAC22D,0,1,1,4294967295,0,0
SpikeL,96,320,E31C28E8,0,1,1,4294967295,0,0
SpikeL,64,304,994C76C0,0,1,1,4294967295,0,0
SpikeL,96,288,93B0B98C,0,1,1,4294967295,0,0
SpikeD,128,160,9E9D9B29,0,1,1,4294967295,0,0
SpikeU,128,256,855A7413,0,1,1,4294967295,0,0
SpikeL,96,384,99EFE0ED,0,1,1,4294967295,0,0
SpikeU,48,544,D1F624D2,0,1,1,4294967295,0,0
SpikeR,80,448,FA2DE067,0,1,1,4294967295,0,0
MiniSpikeDown,176,480,86079E59,0,1,1,4294967295,0,0
MiniSpikeUp,208,448,E2B68004,0,1,1,4294967295,0,0
MiniSpikeUp,192,448,DF74279F,0,1,1,4294967295,0,0
MiniSpikeUp,176,448,765968BD,0,1,1,4294967295,0,0
MiniSpikeUp,192,368,E5AE229E,0,1,1,4294967295,0,0
MiniSpikeRight,240,336,021F78BA,0,1,1,4294967295,0,0
SpikeD,272,352,20336EA1,0,1,1,4294967295,0,0
SpikeU,272,256,2395C631,0,1,1,4294967295,0,0
SpikeR,240,224,C246CF2D,0,1,1,4294967295,0,0
SpikeU,208,304,4E2A2691,0,1,1,4294967295,0,0
MiniSpikeUp,128,80,FF03E0FC,0,1,1,4294967295,0,0
SpikeU,208,192,0FD16C28,0,1,1,4294967295,0,0
MiniSpikeDown,224,160,AE28F107,0,1,1,4294967295,0,0
MiniSpikeDown,240,128,E4E36C3C,0,1,1,4294967295,0,0
SpikeU,160,96,90789086,0,1,1,4294967295,0,0
SpikeL,192,32,C765E0D5,0,1,1,4294967295,0,0
SpikeR,224,64,8CAF41DA,0,1,1,4294967295,0,0
SpikeL,224,-16,775783EB,0,1,1,4294967295,0,0
SpikeD,256,16,C844B1E9,0,1,1,4294967295,0,0
MiniSpikeUp,304,160,F9CF8B2F,0,1,1,4294967295,0,0
SpikeU,272,144,B8FD7396,0,1,1,4294967295,0,0
SpikeL,288,64,0941FAB8,0,1,1,4294967295,0,0
SpikeR,320,32,23BF3BF1,0,1,1,4294967295,0,0
MiniSpikeUp,352,48,905C619C,0,1,1,4294967295,0,0
MiniSpikeUp,416,96,96982B3C,0,1,1,4294967295,0,0
SpikeL,384,240,18174019,0,1,1,4294967295,0,0
MiniSpikeRight,368,64,1527997B,0,1,1,4294967295,0,0
MiniSpikeRight,352,80,0B461F25,0,1,1,4294967295,0,0
SpikeL,368,112,316C62DD,0,1,1,4294967295,0,0
SpikeR,400,144,573D3C08,0,1,1,4294967295,0,0
SpikeD,368,176,F72F2A45,0,1,1,4294967295,0,0
SpikeU,416,208,F3841142,0,1,1,4294967295,0,0
MiniSpikeDown,496,192,2286A3FC,0,1,1,4294967295,0,0
MiniSpikeDown,640,224,0CBEAE2E,0,1,1,4294967295,0,0
SpikeL,384,272,F9FF93F5,0,1,1,4294967295,0,0
SpikeL,352,288,7DF1AAE7,0,1,1,4294967295,0,0
SpikeR,336,384,D56A744F,0,1,1,4294967295,0,0
SpikeD,688,16,497C2762,0,1,1,4294967295,0,0
MiniSpikeUp,544,256,10C51D92,0,1,1,4294967295,0,0
MiniSpikeDown,544,272,4D23C2BE,0,1,1,4294967295,0,0
SpikeU,528,96,59D50081,0,1,1,4294967295,0,0
SpikeL,656,112,8A29A229,0,1,1,4294967295,0,0
SpikeU,576,144,C3735860,0,1,1,4294967295,0,0
MiniSpikeUp,640,208,EBF5E88E,0,1,1,4294967295,0,0
SpikeR,608,176,E78791D6,0,1,1,4294967295,0,0
MiniSpikeUp,592,272,849B1F10,0,1,1,4294967295,0,0
MiniSpikeUp,608,256,216E7454,0,1,1,4294967295,0,0
MiniSpikeUp,624,320,60B5A68B,0,1,1,4294967295,0,0
SpikeR,752,192,E154275C,0,1,1,4294967295,0,0
SpikeL,720,192,E3B2FD6C,0,1,1,4294967295,0,0
SpikeR,720,464,7872B3C4,0,1,1,4294967295,0,0
SpikeR,736,304,CC303BD4,0,1,1,4294967295,0,0
SpikeU,704,272,2C3AA4F5,0,1,1,4294967295,0,0
SpikeL,640,304,8CADAB4F,0,1,1,4294967295,0,0
SpikeD,672,336,0F15005A,0,1,1,4294967295,0,0
SpikeU,688,400,D139CCFE,0,1,1,4294967295,0,0
SpikeD,688,496,9B462EA5,0,1,1,4294967295,0,0
SpikeU,656,400,A2CF390D,0,1,1,4294967295,0,0
SpikeD,656,464,5A502C88,0,1,1,4294967295,0,0
MiniSpikeRight,608,384,E85601D3,0,1,1,4294967295,0,0
MiniSpikeLeft,624,432,922D0C66,0,1,1,4294967295,0,0
MiniSpikeUp,608,544,7E6449B1,0,1,1,4294967295,0,0
MiniSpikeUp,592,544,07C49A32,0,1,1,4294967295,0,0
SpikeU,512,528,185E3016,0,1,1,4294967295,0,0
MiniSpikeRight,528,496,13D2F164,0,1,1,4294967295,0,0
MiniSpikeLeft,512,496,E85B2B9A,0,1,1,4294967295,0,0
MiniSpikeLeft,464,448,C8A4C7E3,0,1,1,4294967295,0,0
SpikeU,560,432,8AD1894D,0,1,1,4294967295,0,0
SpikeU,544,336,E24280CD,0,1,1,4294967295,0,0
SpikeL,480,288,B84541F1,0,1,1,4294967295,0,0
SpikeR,512,288,0E7831FE,0,1,1,4294967295,0,0
SpikeD,512,368,86B7866D,0,1,1,4294967295,0,0
SpikeR,592,464,EF854418,0,1,1,4294967295,0,0
SpikeU,528,432,16181489,0,1,1,4294967295,0,0
SpikeU,448,496,00C93385,0,1,1,4294967295,0,0
SpikeL,384,304,FE48D286,0,1,1,4294967295,0,0
SpikeR,448,304,293DD40C,0,1,1,4294967295,0,0
SpikeL,448,320,8A9F5A98,0,1,1,4294967295,0,0
SpikeR,432,416,7162B031,0,1,1,4294967295,0,0
SpikeL,400,416,8B272AD7,0,1,1,4294967295,0,0
SpikeD,416,336,50B7C3DA,0,1,1,4294967295,0,0
WallJumpR,192,528,72BA5373,0,1,1,4294967295,0,0
WallJumpL,400,112,75DA9351,0,1,1,4294967295,0,0
WallJumpL,80,560,EB6AE153,0,1,1,4294967295,0,0
WallJumpR,192,496,35CE3C6F,0,1,1,4294967295,0,0
WallJumpR,576,176,7F680491,0,1,1,4294967295,0,0
MiniSpikeUp,160,352,4651242A,0,1,1,4294967295,0,0
MiniSpikeDown,256,288,F648A0BB,0,1,1,4294967295,0,0
MiniSpikeUp,256,272,00E1CB4F,0,1,1,4294967295,0,0
Cherry,688,176,B4BA0B10,0,1,1,4294967295,0,0
Cherry,672,208,FBDC4E4A,0,1,1,4294967295,0,0
Cherry,384,416,B659CEF8,0,1,1,4294967295,0,0
Cherry,640,72,5CF9300A,0,1,1,4294967295,0,0
Skinner,8,128,E476B315,0,1,1,4294967295,0,1
Platform,464,32,8F2325AB,0,1,1,4294967295,0,0
Platform,592,208,BACE1489,0,1,1,4294967295,0,0
Platform,592,496,C6F5BB25,0,1,1,4294967295,0,0
MusicPlayer,64,80,C7F63ADE,0,1,1,4294967295,0,1
AutoSaver,304,352,8BD05701,0,1,1,4294967295,0,0
PlayerStart,304,352,2079542C,0,1,1,4294967295,0,0
