background142,288,416,0,0,16,16,0,1,1,4294967295
background142,288,432,0,0,16,16,0,1,1,4294967295
background142,288,448,0,0,16,16,0,1,1,4294967295
background142,288,464,0,0,16,16,0,1,1,4294967295
background142,288,480,0,0,16,16,0,1,1,4294967295
background141_block,304,480,0,0,32,32,0,1,1,4294967295
background141_block,352,368,0,0,32,32,0,1,1,4294967295
background141_block,224,304,0,0,32,32,0,1,1,4294967295
background141_block,224,336,0,0,32,32,0,1,1,4294967295
background141_block,320,256,0,0,32,32,0,1,1,4294967295
background141_block,192,432,0,0,32,32,0,1,1,4294967295
background141_block,192,464,0,0,32,32,0,1,1,4294967295
background141_block,272,560,0,0,32,32,0,1,1,4294967295
background142,272,592,0,0,16,16,0,1,1,4294967295
background142,288,592,0,0,16,16,0,1,1,4294967295
background141_block,160,336,0,0,32,32,0,1,1,4294967295
background141_block,96,224,0,0,32,32,0,1,1,4294967295
background141_block,96,256,0,0,32,32,0,1,1,4294967295
background141_block,96,304,0,0,32,32,0,1,1,4294967295
background141_block,96,336,0,0,32,32,0,1,1,4294967295
background142,96,288,0,0,16,16,0,1,1,4294967295
background142,112,288,0,0,16,16,0,1,1,4294967295
background141_block,16,496,0,0,32,32,0,1,1,4294967295
background141_block,16,528,0,0,32,32,0,1,1,4294967295
background141_block,48,528,0,0,32,32,0,1,1,4294967295
background141_block,80,528,0,0,32,32,0,1,1,4294967295
background141_block,0,368,0,0,32,32,0,1,1,4294967295
background141_block,224,184,0,0,32,32,0,1,1,4294967295
background141_block,224,216,0,0,32,32,0,1,1,4294967295
background141_block,256,184,0,0,32,32,0,1,1,4294967295
background141_block,256,216,0,0,32,32,0,1,1,4294967295
background141_block,0,224,0,0,32,32,0,1,1,4294967295
background141_block,32,112,0,0,32,32,0,1,1,4294967295
background141_block,64,112,0,0,32,32,0,1,1,4294967295
background141_block,0,112,0,0,32,32,0,1,1,4294967295
background141_block,160,144,0,0,32,32,0,1,1,4294967295
background141_block,160,112,0,0,32,32,0,1,1,4294967295
background141_block,32,80,0,0,32,32,0,1,1,4294967295
background141_block,288,64,0,0,32,32,0,1,1,4294967295
background141_block,224,144,0,0,32,32,0,1,1,4294967295
background141_block,336,32,0,0,32,32,0,1,1,4294967295
background141_block,352,80,0,0,32,32,0,1,1,4294967295
background141_block,368,128,0,0,32,32,0,1,1,4294967295
background141_block,320,-16,0,0,32,32,0,1,1,4294967295
background141_block,320,224,0,0,32,32,0,1,1,4294967295
background141_block,352,224,0,0,32,32,0,1,1,4294967295
background142,272,32,0,0,16,16,0,1,1,4294967295
background141_block,64,304,0,0,32,32,0,1,1,4294967295
background141_block,192,576,0,0,32,32,0,1,1,4294967295
background142,400,128,0,0,16,16,0,1,1,4294967295
background142,400,144,0,0,16,16,0,1,1,4294967295
background141_block,416,0,0,0,32,32,0,1,1,4294967295
background141_block,448,0,0,0,32,32,0,1,1,4294967295
background141_block,480,0,0,0,32,32,0,1,1,4294967295
background141_block,480,128,0,0,32,32,0,1,1,4294967295
background141_block,512,144,0,0,32,32,0,1,1,4294967295
background141_block,576,64,0,0,32,32,0,1,1,4294967295
background141_block,576,160,0,0,32,32,0,1,1,4294967295
background142,480,160,0,0,16,16,0,1,1,4294967295
background142,496,160,0,0,16,16,0,1,1,4294967295
background142,592,192,0,0,16,16,0,1,1,4294967295
background142,592,208,0,0,16,16,0,1,1,4294967295
background142,592,224,0,0,16,16,0,1,1,4294967295
background142,592,240,0,0,16,16,0,1,1,4294967295
background142,592,256,0,0,16,16,0,1,1,4294967295
background142,560,256,0,0,16,16,0,1,1,4294967295
background142,576,256,0,0,16,16,0,1,1,4294967295
background141_block,512,176,0,0,32,32,0,1,1,4294967295
background141_block,544,272,0,0,32,32,0,1,1,4294967295
background141_block,576,272,0,0,32,32,0,1,1,4294967295
background142,448,264,0,0,16,16,0,1,1,4294967295
background142,448,280,0,0,16,16,0,1,1,4294967295
background142,448,296,0,0,16,16,0,1,1,4294967295
background142,448,312,0,0,16,16,0,1,1,4294967295
background142,448,328,0,0,16,16,0,1,1,4294967295
background142,448,344,0,0,16,16,0,1,1,4294967295
background141_block,416,360,0,0,32,32,0,1,1,4294967295
background141_block,432,392,0,0,32,32,0,1,1,4294967295
background142,448,360,0,0,16,16,0,1,1,4294967295
background142,448,376,0,0,16,16,0,1,1,4294967295
background142,416,392,0,0,16,16,0,1,1,4294967295
background142,416,408,0,0,16,16,0,1,1,4294967295
background141_block,480,328,0,0,32,32,0,1,1,4294967295
background141_block,512,328,0,0,32,32,0,1,1,4294967295
background142,512,360,0,0,16,16,0,1,1,4294967295
background142,528,360,0,0,16,16,0,1,1,4294967295
background141_block,592,344,0,0,32,32,0,1,1,4294967295
background141_block,560,448,0,0,32,32,0,1,1,4294967295
background141_block,464,552,0,0,32,32,0,1,1,4294967295
background141_block,624,344,0,0,32,32,0,1,1,4294967295
background141_block,688,344,0,0,32,32,0,1,1,4294967295
background142,736,256,0,0,16,16,0,1,1,4294967295
background142,736,272,0,0,16,16,0,1,1,4294967295
background141_block,752,400,0,0,32,32,0,1,1,4294967295
background141_block,752,432,0,0,32,32,0,1,1,4294967295
background141_block,784,432,0,0,32,32,0,1,1,4294967295
background141_block,592,464,0,0,32,32,0,1,1,4294967295
background141_block,672,208,0,0,32,32,0,1,1,4294967295
background141_block,640,208,0,0,32,32,0,1,1,4294967295
background141_block,768,160,0,0,32,32,0,1,1,4294967295
background141_block,576,0,0,0,32,32,0,1,1,4294967295
background141_block,576,32,0,0,32,32,0,1,1,4294967295
background144,688,520,0,0,64,64,0,1,1,4294967295
