Warp,288,0,AF9B2FA7,0,1,1,4294967295,0,0
Block,304,480,BEDCD231,0,1,1,4294967295,0,0
Block,320,256,C4BD1E3C,0,1,1,4294967295,0,0
Block,288,416,40760CA8,0,0.5,1,4294967295,0,0
Block,288,448,F7238DA4,0,0.5,1.5,4294967295,0,0
Block,224,336,3948803F,0,1,1,4294967295,0,0
Block,224,304,48A19FDB,0,1,1,4294967295,0,0
Block,352,368,C77E8475,0,1,1,4294967295,0,0
Block,192,432,4A945704,0,1,1,4294967295,0,0
Block,192,464,8AF687E3,0,1,1,4294967295,0,0
Block,272,560,A5CB0D43,0,1,1,4294967295,0,0
Block,160,336,F6428B39,0,1,1,4294967295,0,0
Block,96,224,85FEC63F,0,1,1,4294967295,0,0
Block,96,256,7403B55F,0,1,1,4294967295,0,0
Block,96,288,835938DB,0,1,1,4294967295,0,0
Block,96,320,CA302027,0,1,1.5,4294967295,0,0
Block,16,496,160D1825,0,1,1,4294967295,0,0
Block,16,528,FD84CA9E,0,1,1,4294967295,0,0
Block,80,528,CF789F41,0,1,1,4294967295,0,0
Block,48,528,508C2512,0,1,1,4294967295,0,0
Block,0,368,BD5D5E73,0,1,1,4294967295,0,0
Block,224,216,C0FA08E6,0,1,1,4294967295,0,0
Block,256,216,71A0B7CB,0,1,1,4294967295,0,0
Block,256,184,8EC215BA,0,1,1,4294967295,0,0
Block,224,184,B255E79A,0,1,1,4294967295,0,0
Block,0,224,6147097E,0,1,1,4294967295,0,0
Block,32,112,60477DB1,0,1,1,4294967295,0,0
Block,64,112,73A3C051,0,1,1,4294967295,0,0
Block,0,112,6070C2B5,0,1,1,4294967295,0,0
Block,160,144,EE288190,0,1,1,4294967295,0,0
Block,160,112,44B291B6,0,1,1,4294967295,0,0
Block,32,80,2EC71FA3,0,1,1,4294967295,0,0
Block,224,144,F6468D6D,0,1,1,4294967295,0,0
Block,288,64,A772852E,0,1,1,4294967295,0,0
Block,336,32,F39224C5,0,1,1,4294967295,0,0
Block,352,80,89BA1724,0,1,1,4294967295,0,0
Block,368,128,CDBA5800,0,1.5,1,4294967295,0,0
Block,320,-16,82D0691D,0,1,1,4294967295,0,0
Block,320,224,BAD6E55F,0,1,1,4294967295,0,0
Block,352,224,8FC6D0EF,0,1,1,4294967295,0,0
Block,272,32,32243E88,0,0.5,0.5,4294967295,0,0
Block,64,304,FE73AADA,0,1,1,4294967295,0,0
Block,272,592,0C06A3E7,0,1,0.5,4294967295,0,0
Block,192,576,3FE89196,0,1,1,4294967295,0,0
Block,480,128,943DBBCD,0,1,1,4294967295,0,0
Block,480,0,C270D771,0,1,1,4294967295,0,0
Block,448,0,F431426E,0,1,1,4294967295,0,0
Block,416,0,5DE6A51F,0,1,1,4294967295,0,0
Block,576,64,BC211E61,0,1,1,4294967295,0,0
Block,576,160,5EA16321,0,1,1,4294967295,0,0
Block,512,144,31E87165,0,1,1,4294967295,0,0
Block,480,160,02153833,0,1,0.5,4294967295,0,0
Block,592,192,94870D18,0,0.5,2.5,4294967295,0,0
Block,512,176,533289DB,0,1,1,4294967295,0,0
Block,560,256,7EFCCD76,0,1,0.5,4294967295,0,0
Block,560,256,920BEFFA,0,1,0.5,4294967295,0,0
Block,544,272,287E1173,0,2,1,4294967295,0,0
Block,448,264,91869144,0,0.5,2,4294967295,0,0
Block,448,328,CF2DF97B,0,0.5,1,4294967295,0,0
Block,416,360,2BA944FD,0,1,1,4294967295,0,0
Block,480,328,991C56BA,0,1,1,4294967295,0,0
Block,512,328,B369DD02,0,1,1,4294967295,0,0
Block,448,360,7BD6FC53,0,0.5,2,4294967295,0,0
Block,416,392,7F8B8372,0,1,1,4294967295,0,0
Block,512,360,93D15786,0,1,0.5,4294967295,0,0
Block,592,344,6E5DBACF,0,1,1,4294967295,0,0
Block,560,448,A28E9B59,0,1,1,4294967295,0,0
Block,464,552,99604746,0,1,1,4294967295,0,0
Block,624,344,D29C6F79,0,1,1,4294967295,0,0
Block,688,344,3A2A596B,0,1,1,4294967295,0,0
Block,736,256,96F140FE,0,0.5,1,4294967295,0,0
Block,752,400,CA04CEC6,0,1,1,4294967295,0,0
Block,752,432,418B58B7,0,1,1,4294967295,0,0
Block,784,400,55DA0543,0,1,1,4294967295,0,0
Block,784,432,77040E0A,0,1,1,4294967295,0,0
Block,592,464,A6CAABA1,0,1,1,4294967295,0,0
Block,768,160,C7B8CBE8,0,1,1,4294967295,0,0
Block,672,208,51D19F3F,0,1,1,4294967295,0,0
Block,640,208,871D5CC2,0,1,1,4294967295,0,0
Block,576,32,76194345,0,1,1,4294967295,0,0
Block,576,0,D1D08AB1,0,1,1,4294967295,0,0
Water1,320,304,A253331A,0,1,0.5,4294967295,0,0
Water2,320,320,272E35C8,0,1,2,4294967295,0,0
Water2,200,416,7734BFBD,0,1.75,0.5,4294967295,0,0
Water1,176,304,7138D70C,0,0.5,1,4294967295,0,0
Water2,128,336,5ADFDA81,0,1,1,4294967295,0,0
Water2,64,384,C1DD1AE5,0,0.5,2,4294967295,0,0
Water2,32,224,D7E14D35,0,2,0.5,4294967295,0,0
Water1,16,144,0BE94B96,0,1,1,4294967295,0,0
SavePointVeryHard,304,448,5D0381D9,0,1,1,4294967295,0,0
Water1,144,0,4BA73B29,0,0.5,1.5,4294967295,0,0
CatharsisWater,160,0,F0CABDF7,0,1.5,1.5,4294967295,0,0
Water2,304,96,DC38EDA7,0,1,1,4294967295,0,0
Water2,320,64,768F74DC,0,0.5,1,4294967295,0,0
SavePointVeryHard,384,96,AF5CD539,0,1,1,4294967295,0,0
Water3,576,96,97E7B162,0,0.5,2,4294967295,0,0
CatharsisWater,560,88,7773C583,0,0.5,2.5,4294967295,0,0
Water2,560,168,7FAF2647,0,0.5,2.75,4294967295,0,0
Water1,416,248,84026A81,0,1,3.5,4294967295,0,0
Water2,544,304,248D4069,0,0.5,2.25,4294967295,0,0
Water2,560,360,40991488,0,1,0.5,4294967295,0,0
Water2,576,480,112219D3,0,0.5,1.5,4294967295,0,0
Water2,592,496,D15340FD,0,0.5,1,4294967295,0,0
Water2,736,176,7E8E7121,0,0.5,2.5,4294967295,0,0
Water2,656,176,24C51567,0,1,1,4294967295,0,0
Water3,592,96,E2BE0828,0,0.5,2,4294967295,0,0
CatharsisWater,672,96,151F182D,0,4,0.5,4294967295,0,0
CatharsisWater,688,176,C4314998,0,1.5,1,4294967295,0,0
CatharsisWater,704,208,CA75CB59,0,1,2,4294967295,0,0
SpikeR,304,416,AA805593,0,1,1,4294967295,0,0
SpikeL,320,368,7995D24B,0,1,1,4294967295,0,0
SpikeR,320,288,B4753D50,0,1,1,4294967295,0,0
SpikeL,288,288,FB6B6019,0,1,1,4294967295,0,0
MiniSpikeUp,288,400,94BA0999,0,1,1,4294967295,0,0
SpikeU,240,416,1E1E14C6,0,1,1,4294967295,0,0
SpikeR,256,336,5E6E2317,0,1,1,4294967295,0,0
SpikeD,224,368,37F5B956,0,1,1,4294967295,0,0
SpikeU,352,336,1A226293,0,1,1,4294967295,0,0
SpikeD,240,448,D956B1A4,0,1,1,4294967295,0,0
MiniSpikeUp,192,416,2ABE0358,0,1,1,4294967295,0,0
SpikeU,272,528,BA841123,0,1,1,4294967295,0,0
SpikeU,160,304,A4B48A48,0,1,1,4294967295,0,0
SpikeR,160,416,C54DC715,0,1,1,4294967295,0,0
SpikeR,160,240,FC07EFC0,0,1,1,4294967295,0,0
SpikeR,128,256,81B56572,0,1,1,4294967295,0,0
SpikeR,128,224,81DB9D78,0,1,1,4294967295,0,0
MiniSpikeRight,128,344,E44B4E5B,0,1,1,4294967295,0,0
SpikeD,64,416,26600B02,0,1,1,4294967295,0,0
SpikeU,64,384,A60CF45D,0,1,1,4294967295,0,0
MiniSpikeLeft,80,352,5F258430,0,1,1,4294967295,0,0
SpikeU,80,496,D1CF0F4A,0,1,1,4294967295,0,0
SpikeR,48,496,9591A73B,0,1,1,4294967295,0,0
SpikeU,16,464,E3F126AE,0,1,1,4294967295,0,0
SpikeL,192,216,C053D9A1,0,1,1,4294967295,0,0
MiniSpikeUp,224,288,B243BB32,0,1,1,4294967295,0,0
SpikeD,224,248,49D8F1C3,0,1,1,4294967295,0,0
MiniSpikeLeft,192,344,A304D1DA,0,1,1,4294967295,0,0
MiniSpikeRight,208,344,6283B5CE,0,1,1,4294967295,0,0
MiniSpikeRight,32,368,12DB1DB2,0,1,1,4294967295,0,0
SpikeL,32,304,CB082ADF,0,1,1,4294967295,0,0
SpikeL,64,320,D7A0773B,0,1,1,4294967295,0,0
SpikeL,128,448,87F1531E,0,1,1,4294967295,0,0
SpikeR,0,256,6C63D100,0,1,1,4294967295,0,0
SpikeR,32,224,BBBF848F,0,1,1,4294967295,0,0
MiniSpikeUp,96,208,9E6A4FEE,0,1,1,4294967295,0,0
MiniSpikeUp,112,208,D46D10CA,0,1,1,4294967295,0,0
SpikeU,0,192,F2BC4D6F,0,1,1,4294967295,0,0
SpikeD,32,144,2ED8F34A,0,1,1,4294967295,0,0
SpikeR,96,112,1C6E6ABE,0,1,1,4294967295,0,0
SpikeD,0,144,D4F3B32E,0,1,1,4294967295,0,0
SpikeU,64,80,098004CF,0,1,1,4294967295,0,0
SpikeU,32,48,3F8A9403,0,1,1,4294967295,0,0
SpikeU,0,80,9E0435F0,0,1,1,4294967295,0,0
MiniSpikeUp,176,96,58849E02,0,1,1,4294967295,0,0
SpikeU,224,112,2479ABD4,0,1,1,4294967295,0,0
MiniSpikeUp,240,288,1370BB48,0,1,1,4294967295,0,0
SpikeD,256,0,858BA5EC,0,1,1,4294967295,0,0
SpikeD,160,176,34C97F0D,0,1,1,4294967295,0,0
MiniSpikeUp,256,168,C68C3A36,0,1,1,4294967295,0,0
MiniSpikeUp,272,168,F08FAC5C,0,1,1,4294967295,0,0
SpikeU,320,192,A00B07F1,0,1,1,4294967295,0,0
MiniSpikeUp,352,208,4AA19F66,0,1,1,4294967295,0,0
MiniSpikeUp,368,208,439023E8,0,1,1,4294967295,0,0
SpikeL,144,32,55A7BD1D,0,1,1,4294967295,0,0
SpikeR,176,32,41D320C9,0,1,1,4294967295,0,0
SpikeD,0,400,97D05320,0,1,1,4294967295,0,0
SpikeU,64,272,0569953D,0,1,1,4294967295,0,0
SpikeD,288,96,F61C9C95,0,1,1,4294967295,0,0
SpikeD,368,160,DA0D22F3,0,1,1,4294967295,0,0
SpikeD,192,496,20D9729B,0,1,1,4294967295,0,0
SpikeU,192,544,6D7245BD,0,1,1,4294967295,0,0
SpikeL,416,128,EAF6B7F2,0,1,1,4294967295,0,0
SpikeR,448,128,9CB87E67,0,1,1,4294967295,0,0
SpikeU,480,96,6E57D55C,0,1,1,4294967295,0,0
SpikeR,512,32,80B3D411,0,1,1,4294967295,0,0
SpikeD,576,96,50F68181,0,1,1,4294967295,0,0
SpikeR,512,128,EF056CA5,0,1,1,4294967295,0,0
SpikeU,576,128,96E453CC,0,1,1,4294967295,0,0
MiniSpikeLeft,560,64,B4C14C9C,0,1,1,4294967295,0,0
MiniSpikeLeft,560,80,2B0AC883,0,1,1,4294967295,0,0
MiniSpikeLeft,560,160,E620A0BB,0,1,1,4294967295,0,0
SpikeL,480,32,505E8E59,0,1,1,4294967295,0,0
SpikeL,560,240,11556545,0,1,1,4294967295,0,0
MiniSpikeLeft,544,256,1022852E,0,1,1,4294967295,0,0
SpikeR,448,232,A7A0D39B,0,1,1,4294967295,0,0
SpikeL,416,232,CB88E112,0,1,1,4294967295,0,0
SpikeR,416,216,418E5CB0,0,1,1,4294967295,0,0
SpikeD,480,176,AC1700A7,0,1,1,4294967295,0,0
MiniSpikeDown,512,208,CA309D83,0,1,1,4294967295,0,0
MiniSpikeDown,528,208,0A1F6269,0,1,1,4294967295,0,0
SpikeR,384,368,D8B6CA9A,0,1,1,4294967295,0,0
SpikeU,416,328,EB427AFC,0,1,1,4294967295,0,0
SpikeU,480,296,3437443F,0,1,1,4294967295,0,0
SpikeU,512,296,E000A482,0,1,1,4294967295,0,0
SpikeL,448,144,A3E42C24,0,1,1,4294967295,0,0
SpikeR,464,432,124FA34E,0,1,1,4294967295,0,0
SpikeR,496,448,0EF7EEFD,0,1,1,4294967295,0,0
SpikeR,464,464,2EC374E2,0,1,1,4294967295,0,0
MiniSpikeLeft,448,432,F07EA1DC,0,1,1,4294967295,0,0
MiniSpikeLeft,448,480,1AC705F0,0,1,1,4294967295,0,0
SpikeL,560,344,8CEDE594,0,1,1,4294967295,0,0
SpikeU,560,416,884EFEB0,0,1,1,4294967295,0,0
MiniSpikeLeft,528,448,C24D3034,0,1,1,4294967295,0,0
MiniSpikeRight,544,448,0C928EBF,0,1,1,4294967295,0,0
SpikeU,624,312,7A06A760,0,1,1,4294967295,0,0
SpikeR,608,256,101BFE46,0,1,1,4294967295,0,0
SpikeL,640,248,EE03A749,0,1,1,4294967295,0,0
SpikeR,672,248,4CD7B8D4,0,1,1,4294967295,0,0
SpikeU,688,312,AE05E1F5,0,1,1,4294967295,0,0
SpikeL,704,256,7F6FDEA7,0,1,1,4294967295,0,0
SpikeD,592,376,225C4D5B,0,1,1,4294967295,0,0
SpikeL,720,400,BDA9B088,0,1,1,4294967295,0,0
SpikeU,752,368,903801DB,0,1,1,4294967295,0,0
SpikeU,768,336,99F8C9F7,0,1,1,4294967295,0,0
SpikeU,784,368,02511CFE,0,1,1,4294967295,0,0
SpikeD,592,496,622989F2,0,1,1,4294967295,0,0
MiniSpikeUp,736,240,E817DE8D,0,1,1,4294967295,0,0
SpikeL,736,160,17330098,0,1,1,4294967295,0,0
SpikeU,768,128,3FA8298C,0,1,1,4294967295,0,0
MiniSpikeLeft,768,192,2019FBB3,0,1,1,4294967295,0,0
MiniSpikeRight,784,192,B61E308D,0,1,1,4294967295,0,0
SpikeU,672,176,DD1BD9BF,0,1,1,4294967295,0,0
SpikeR,672,96,F2FFDDD2,0,1,1,4294967295,0,0
SpikeL,640,96,CAA5C287,0,1,1,4294967295,0,0
SpikeU,640,176,B38ACBF1,0,1,1,4294967295,0,0
MiniSpikeLeft,256,32,7A6B3C02,0,1,1,4294967295,0,0
WallJumpL,80,528,333F723D,0,1,1,4294967295,0,0
WallJumpR,96,224,D31532E7,0,1,1,4294967295,0,0
WallJumpR,224,144,F557857E,0,1,1,4294967295,0,0
WallJumpR,272,560,28B546AA,0,1,1,4294967295,0,0
WallJumpR,544,272,E9038803,0,1,1,4294967295,0,0
WallJumpL,432,392,A0BE5854,0,1,1,4294967295,0,0
WallJumpL,688,344,207752A7,0,1,1,4294967295,0,0
WallJumpL,720,256,8FBE1AB3,0,1,1,4294967295,0,0
WallJumpL,576,64,16E47C69,0,1,1,4294967295,0,0
Skinner,16,0,EDE51D79,0,1,1,4294967295,0,1
CherryRainbow,368,320,A4CD005D,0,1,1,4294967295,0,0
CherryRainbow,176,80,F4AF36D0,0,1,1,4294967295,0,0
CherryRainbow,608,432,ABFA8229,0,1,1,4294967295,0,0
CherryRainbow,672,352,0EBFFE8A,0,1,1,4294967295,0,0
AutoSaver,384,96,D5AC8046,0,1,1,4294967295,0,0
MusicPlayer,656,16,D1CA8B89,0,1,1,4294967295,0,1
PlayerStart,384,96,24A17BA6,0,1,1,4294967295,0,0
