Warp,32,384,C2626164,0,1,1,4294967295,0,1
Block,512,0,3175AF67,0,1,1,4294967295,0,0
Block,512,32,CB17BF5A,0,1,1,4294967295,0,0
Block,64,384,AA49E445,0,1,1,4294967295,0,0
Block,144,512,64F585CF,0,1,1,4294967295,0,0
Block,144,480,EF9729A2,0,1,1,4294967295,0,0
Block,112,480,1D919578,0,1,1,4294967295,0,0
Block,64,208,A84CAE2F,0,1,1,4294967295,0,0
Block,64,176,ABB5B42C,0,1,1,4294967295,0,0
Block,64,144,604A5992,0,1,1,4294967295,0,0
MiniBlock,64,368,E9571EC1,0,1,1,4294967295,0,0
MiniBlock,80,368,88510773,0,1,1,4294967295,0,0
Block,64,336,B4C742CF,0,1,1,4294967295,0,0
Block,64,304,8083C9E2,0,1,1,4294967295,0,0
Block,64,272,0C0697E9,0,1,1,4294967295,0,0
Block,64,240,323D920C,0,1,1,4294967295,0,0
Block,96,352,52861304,0,1,1,4294967295,0,0
MiniBlock,96,304,1F6E1C02,0,1,1,4294967295,0,0
MiniBlock,112,304,B9EAD3BE,0,1,1,4294967295,0,0
Block,96,272,11BC7F83,0,1,1,4294967295,0,0
Block,96,240,02A842D3,0,1,1,4294967295,0,0
MiniBlock,144,304,390DC561,0,1,1,4294967295,0,0
MiniBlock,128,304,2DD00B68,0,1,1,4294967295,0,0
Block,128,272,7DEF0977,0,1,1,4294967295,0,0
Block,256,480,09A49B3D,0,1,1,4294967295,0,0
Block,224,368,3BAA7222,0,1,1,4294967295,0,0
Block,128,240,0E3FEA89,0,1,1,4294967295,0,0
Block,160,160,22BD8828,0,1,1,4294967295,0,0
Block,208,64,236C20BD,0,1,1,4294967295,0,0
Block,208,96,95917D4C,0,1,1,4294967295,0,0
Block,208,128,E82E800E,0,1,1,4294967295,0,0
Block,240,128,DA4410C8,0,1,1,4294967295,0,0
Block,256,0,F785992A,0,1,1,4294967295,0,0
Block,256,32,05393B84,0,1,1,4294967295,0,0
Block,336,176,F234721F,0,1,1,4294967295,0,0
Block,336,80,AEC8D14C,0,1,1,4294967295,0,0
Block,336,48,D22EFEA3,0,1,1,4294967295,0,0
Block,384,0,790D1F96,0,1,1,4294967295,0,0
Block,512,96,1874D83C,0,1,1,4294967295,0,0
Block,512,64,EA63D97B,0,1,1,4294967295,0,0
Block,480,64,CAF6C094,0,1,1,4294967295,0,0
Block,416,160,018D780D,0,1,1,4294967295,0,0
Block,464,208,E2D00E51,0,1,1,4294967295,0,0
Block,320,320,F9963F0D,0,1,1,4294967295,0,0
Block,320,352,6D4A00CF,0,1,1,4294967295,0,0
Block,320,384,FB5171F6,0,1,1,4294967295,0,0
Block,368,400,AC780694,0,1,1,4294967295,0,0
Block,432,544,97A8D96E,0,1,1,4294967295,0,0
Block,400,544,31F50665,0,1,1,4294967295,0,0
Block,400,512,D73861A3,0,1,1,4294967295,0,0
Block,400,480,6E6A2584,0,1,1,4294967295,0,0
Block,672,-16,8E16B8DC,0,1,1,4294967295,0,0
Block,640,-16,4562BDCF,0,1,1,4294967295,0,0
Block,608,-16,54D66C16,0,1,1,4294967295,0,0
Block,400,448,D614650C,0,1,1,4294967295,0,0
Block,528,576,0A82CA86,0,1,1,4294967295,0,0
Block,528,544,50B875DF,0,1,1,4294967295,0,0
Block,464,432,742491E4,0,1,1,4294967295,0,0
Block,464,400,6C9FF330,0,1,1,4294967295,0,0
Block,464,368,2997D95E,0,1,1,4294967295,0,0
Block,464,240,017CE284,0,1,1,4294967295,0,0
Block,464,272,45040CE4,0,1,1,4294967295,0,0
Block,528,384,2E7791A0,0,1,1,4294967295,0,0
Block,496,272,95F4AB29,0,1,1,4294967295,0,0
MiniBlock,544,288,7FC46C45,0,1,1,4294967295,0,0
MiniBlock,544,272,187CD55F,0,1,1,4294967295,0,0
Block,672,16,F5017623,0,1,1,4294967295,0,0
Block,640,16,EC7F028D,0,1,1,4294967295,0,0
Block,608,16,AA728FF4,0,1,1,4294967295,0,0
Block,672,48,7EA9E292,0,1,1,4294967295,0,0
Block,672,80,4F135CEE,0,1,1,4294967295,0,0
Block,768,176,FA04ADE3,0,1,1,4294967295,0,0
Block,720,336,2AC78C8E,0,1,1,4294967295,0,0
Block,720,304,28A022CA,0,1,1,4294967295,0,0
Block,688,304,65E2335E,0,1,1,4294967295,0,0
Block,704,192,ED872686,0,1,1,4294967295,0,0
MiniBlock,656,192,5FC1E97A,0,1,1,4294967295,0,0
MiniBlock,640,192,17C982C8,0,1,1,4294967295,0,0
MiniBlock,624,192,4890BC5A,0,1,1,4294967295,0,0
MiniBlock,608,192,01FF3573,0,1,1,4294967295,0,0
Block,640,208,21EFBD77,0,1,1,4294967295,0,0
Block,544,240,6C54DD5D,0,1,1,4294967295,0,0
Block,592,416,7F8CDF04,0,1,1,4294967295,0,0
Block,624,416,C49C6DBA,0,1,1,4294967295,0,0
Block,624,448,712B77A2,0,1,1,4294967295,0,0
Block,560,384,7AB8D71F,0,1,1,4294967295,0,0
Block,592,448,5BE719E9,0,1,1,4294967295,0,0
Block,592,384,E5832DFC,0,1,1,4294967295,0,0
Water3,192,352,52B6A612,0,1,1,4294967295,0,0
Water3,192,320,69A3D434,0,1,1,4294967295,0,0
Water2,224,240,D7120CA3,0,1,1,4294967295,0,0
Water3,448,112,06E9AB7A,0,1,1,4294967295,0,0
Water3,448,80,467EBECA,0,1,1,4294967295,0,0
Water2,640,48,A919B640,0,1,1,4294967295,0,0
Water2,608,48,7EDFB094,0,1,1,4294967295,0,0
Water2,624,160,EC907E90,0,1,1,4294967295,0,0
Water2,640,272,1E70307E,0,1,1,4294967295,0,0
Water2,640,240,6273AB74,0,1,1,4294967295,0,0
MiniSpikeRight,368,80,E56D57C0,0,1,1,4294967295,0,0
SpikeU,336,224,41FF02DE,0,1,1,4294967295,0,0
SpikeD,64,416,25E21B85,0,1,1,4294967295,0,0
SpikeD,112,512,FF3800B8,0,1,1,4294967295,0,0
SpikeD,144,544,066363A7,0,1,1,4294967295,0,0
SpikeU,144,448,A841FC8C,0,1,1,4294967295,0,0
SpikeU,112,448,88F3AE9F,0,1,1,4294967295,0,0
SpikeU,128,416,E343EA4D,0,1,1,4294967295,0,0
SpikeU,64,112,7326A6BD,0,1,1,4294967295,0,0
SpikeU,96,208,0B797678,0,1,1,4294967295,0,0
SpikeR,160,288,0C34905E,0,1,1,4294967295,0,0
SpikeL,192,368,07B62A1D,0,1,1,4294967295,0,0
SpikeU,256,448,FBDF1AC3,0,1,1,4294967295,0,0
SpikeD,256,304,B454EB8E,0,1,1,4294967295,0,0
SpikeD,272,272,71C92C94,0,1,1,4294967295,0,0
SpikeU,224,336,8AF52C75,0,1,1,4294967295,0,0
SpikeR,192,304,14901BFF,0,1,1,4294967295,0,0
SpikeL,160,304,0EF4F7E2,0,1,1,4294967295,0,0
SpikeL,128,160,C0E8E500,0,1,1,4294967295,0,0
SpikeU,160,128,52F94901,0,1,1,4294967295,0,0
SpikeR,192,160,0F898EC7,0,1,1,4294967295,0,0
SpikeU,224,208,19E811E6,0,1,1,4294967295,0,0
SpikeU,240,240,F4D59BE3,0,1,1,4294967295,0,0
SpikeD,288,96,C9E156B7,0,1,1,4294967295,0,0
SpikeU,288,64,6C785081,0,1,1,4294967295,0,0
SpikeL,304,176,C1C3A376,0,1,1,4294967295,0,0
SpikeU,336,144,741A0359,0,1,1,4294967295,0,0
SpikeD,336,112,C85D57DE,0,1,1,4294967295,0,0
SpikeD,384,32,46BE7DB8,0,1,1,4294967295,0,0
SpikeL,416,128,8704C9F7,0,1,1,4294967295,0,0
SpikeU,480,32,8A291CEE,0,1,1,4294967295,0,0
SpikeD,512,128,5B3888E8,0,1,1,4294967295,0,0
SpikeL,448,64,A0D39786,0,1,1,4294967295,0,0
SpikeD,416,192,8457D3DA,0,1,1,4294967295,0,0
SpikeR,448,128,FAA2FD04,0,1,1,4294967295,0,0
SpikeU,464,176,8263FB85,0,1,1,4294967295,0,0
SpikeD,320,416,13FAD4D6,0,1,1,4294967295,0,0
SpikeU,320,288,42548980,0,1,1,4294967295,0,0
MiniSpikeUp,384,384,FC00EAB7,0,1,1,4294967295,0,0
SpikeR,368,256,40509EB2,0,1,1,4294967295,0,0
SpikeD,368,352,6BD6B7F8,0,1,1,4294967295,0,0
SpikeL,400,256,B482F14C,0,1,1,4294967295,0,0
SpikeR,400,320,FBDC46A8,0,1,1,4294967295,0,0
SpikeL,432,368,E5135FFE,0,1,1,4294967295,0,0
SpikeU,400,416,4C8CF988,0,1,1,4294967295,0,0
SpikeU,432,512,3D4CE7D4,0,1,1,4294967295,0,0
SpikeL,576,16,031B09BC,0,1,1,4294967295,0,0
SpikeD,464,464,F2DCE8A9,0,1,1,4294967295,0,0
SpikeD,464,304,CD7EC3A8,0,1,1,4294967295,0,0
SpikeU,528,512,7D2509CF,0,1,1,4294967295,0,0
SpikeU,464,336,4B99830E,0,1,1,4294967295,0,0
SpikeR,496,432,6206458C,0,1,1,4294967295,0,0
SpikeU,528,352,5E6A3518,0,1,1,4294967295,0,0
SpikeU,496,240,61D85B3B,0,1,1,4294967295,0,0
SpikeL,640,48,BF0792EB,0,1,1,4294967295,0,0
SpikeL,608,64,491756D9,0,1,1,4294967295,0,0
SpikeL,640,80,9AF4B55C,0,1,1,4294967295,0,0
SpikeR,704,80,34371112,0,1,1,4294967295,0,0
SpikeU,608,160,6106F44A,0,1,1,4294967295,0,0
SpikeU,640,160,FB6DA494,0,1,1,4294967295,0,0
SpikeD,672,112,87F135D1,0,1,1,4294967295,0,0
MiniSpikeLeft,752,192,0ED2E3D9,0,1,1,4294967295,0,0
SpikeD,768,208,C32937A5,0,1,1,4294967295,0,0
SpikeU,704,160,A7005EFA,0,1,1,4294967295,0,0
SpikeU,720,272,5C4FA4E7,0,1,1,4294967295,0,0
SpikeU,688,272,590F22AA,0,1,1,4294967295,0,0
SpikeU,544,208,12AAF6B5,0,1,1,4294967295,0,0
SpikeD,608,208,7FC0CCCF,0,1,1,4294967295,0,0
MiniSpikeRight,576,240,D0CD513C,0,1,1,4294967295,0,0
MiniSpikeRight,576,256,E4682987,0,1,1,4294967295,0,0
MiniSpikeRight,560,272,BA6282C6,0,1,1,4294967295,0,0
MiniSpikeRight,560,288,88AF844D,0,1,1,4294967295,0,0
SpikeD,640,240,6C037244,0,1,1,4294967295,0,0
SpikeR,640,336,C42D8F5A,0,1,1,4294967295,0,0
SpikeL,608,304,5DEB9F58,0,1,1,4294967295,0,0
SpikeD,560,416,D55FAAF6,0,1,1,4294967295,0,0
MiniSpikeUp,560,368,E82DEF3F,0,1,1,4294967295,0,0
SpikeU,576,352,204DDA18,0,1,1,4294967295,0,0
MiniSpikeUp,608,368,E6DAAC98,0,1,1,4294967295,0,0
WallJumpR,112,480,C918D668,0,1,1,4294967295,0,0
WallJumpR,256,480,E87E74C3,0,1,1,4294967295,0,0
WallJumpR,416,160,84A5D7F0,0,1,1,4294967295,0,0
WallJumpR,528,576,6AA77667,0,1,1,4294967295,0,0
WallJumpR,528,544,505347FE,0,1,1,4294967295,0,0
WallJumpR,528,384,FC0912C1,0,1,1,4294967295,0,0
WallJumpL,720,304,2ED55E3F,0,1,1,4294967295,0,0
Cherry,208,352,D1054325,0,1,1,4294967295,0,0
Cherry,304,320,047A95A2,0,1,1,4294967295,0,0
Cherry,240,48,B67A9FF4,0,1,1,4294967295,0,0
Cherry,288,208,B85D6533,0,1,1,4294967295,0,0
Cherry,432,64,A99C5130,0,1,1,4294967295,0,0
Cherry,688,352,116F6A42,0,1,1,4294967295,0,0
Cherry,688,208,6AD5CE3E,0,1,1,4294967295,0,0
Cherry,416,240,E525D3CE,0,1,1,4294967295,0,0
Platform,432,256,08F41F07,0,1,1,4294967295,0,0
Platform,432,448,1E98BF2D,0,1,1,4294967295,0,0
Platform,608,96,94AB82DE,0,1,1,4294967295,0,0
Platform,672,224,E1EC6475,0,1,1,4294967295,0,0
SavePointVeryHard,432,224,B755F640,0,1,1,4294967295,0,0
SavePointVeryHard,624,384,582DEF5D,0,1,1,4294967295,0,0
Skinner,336,480,D2E88870,0,1,1,4294967295,0,1
TextDraw,688,480,47D185CC,0,1,1,4294967295,0,1
AutoSaver,624,384,F2186C42,0,1,1,4294967295,0,0
PlayerStart,624,384,98301850,0,1,1,4294967295,0,0
