DepthCloud,16,64,F8EE6D56,0,1,1,4294967295,0,1
DepthShaderReset,176,400,B8EC92EF,0,1,1,4294967295,0,1
Autotiler,16,160,A193A50B,0,1,1,4294967295,0,1
Warp,528,576,08D428DA,0,1,1,4294967295,0,1
Block,384,544,9378259B,0,1,1,4294967295,0,0
Block,384,512,BB04639D,0,1,1,4294967295,0,0
Block,96,48,CF8002F9,0,1,1,4294967295,0,0
Block,560,592,FD097B19,0,1,1,4294967295,0,0
Block,560,560,865C51DF,0,1,1,4294967295,0,0
Block,560,528,390A4D77,0,1,1,4294967295,0,0
Block,560,496,0BFD0829,0,1,1,4294967295,0,0
Block,560,464,75A3D8C5,0,1,1,4294967295,0,0
Block,496,480,51CB49C2,0,1,1,4294967295,0,0
Block,496,512,BDD0EBAC,0,1,1,4294967295,0,0
Block,384,480,61BC3542,0,1,1,4294967295,0,0
Block,224,544,FF1B48B2,0,1,1,4294967295,0,0
Block,208,480,BDCF0F0A,0,1,1,4294967295,0,0
Block,320,416,66F600CE,0,1,1,4294967295,0,0
Block,288,416,AE8BB0E8,0,1,1,4294967295,0,0
Block,224,352,C6764EEA,0,1,1,4294967295,0,0
Block,192,352,0E76476D,0,1,1,4294967295,0,0
Block,144,480,E59C6606,0,1,1,4294967295,0,0
Block,32,512,7470417F,0,1,1,4294967295,0,0
Block,32,368,5584882F,0,1,1,4294967295,0,0
Block,384,368,AD515886,0,1,1,4294967295,0,0
Block,384,336,479CF519,0,1,1,4294967295,0,0
Block,416,368,4BF3576A,0,1,1,4294967295,0,0
Block,384,304,98F2AF9E,0,1,1,4294967295,0,0
Block,128,384,DB2B2E3C,0,1,1,4294967295,0,0
Block,32,336,DBDEA014,0,1,1,4294967295,0,0
Block,0,240,9695D241,0,1,1,4294967295,0,0
Block,0,208,F72D98EC,0,1,1,4294967295,0,0
Block,96,80,B2D0463C,0,1,1,4294967295,0,0
Block,64,80,7DC9D4CD,0,1,1,4294967295,0,0
Block,64,112,CB3886AB,0,1,1,4294967295,0,0
Block,240,256,2B2C4149,0,1,1,4294967295,0,0
Block,208,256,40B21141,0,1,1,4294967295,0,0
Block,288,160,4B90BB62,0,1,1,4294967295,0,0
Block,288,128,0AF6A9F1,0,1,1,4294967295,0,0
Block,288,96,4CE5058D,0,1,1,4294967295,0,0
Block,176,128,7C4B5449,0,1,1,4294967295,0,0
Block,192,64,E063D99E,0,1,1,4294967295,0,0
Block,192,32,6A4F35CD,0,1,1,4294967295,0,0
Block,192,0,D20CFBC8,0,1,1,4294967295,0,0
Block,288,64,154798E3,0,1,1,4294967295,0,0
Block,256,64,3700DDA2,0,1,1,4294967295,0,0
Block,384,144,E8D5C8BA,0,1,1,4294967295,0,0
Block,384,0,C300B3E6,0,1,1,4294967295,0,0
Block,384,32,C0D8161D,0,1,1,4294967295,0,0
Block,416,32,AAF1636A,0,1,1,4294967295,0,0
Block,704,176,79839355,0,1,1,4294967295,0,0
Block,608,64,65FFAB1B,0,1,1,4294967295,0,0
Block,576,64,2A487D9B,0,1,1,4294967295,0,0
Block,576,32,E38F8109,0,1,1,4294967295,0,0
Block,496,112,DA968A4C,0,1,1,4294967295,0,0
Block,496,208,6DF3A923,0,1,1,4294967295,0,0
Block,448,368,B6215F4D,0,1,1,4294967295,0,0
Block,496,240,2ADF276E,0,1,1,4294967295,0,0
Block,464,240,BE81030D,0,1,1,4294967295,0,0
Block,560,384,C0A58164,0,1,1,4294967295,0,0
Block,560,352,DF58A118,0,1,1,4294967295,0,0
Block,608,224,D7C382CF,0,1,1,4294967295,0,0
Block,560,320,900F6A5A,0,1,1,4294967295,0,0
Block,704,208,107A41BF,0,1,1,4294967295,0,0
Block,672,224,A9E33AD0,0,1,1,4294967295,0,0
Block,704,240,F2EBFB0D,0,1,1,4294967295,0,0
Block,768,288,021D5BC2,0,1,1,4294967295,0,0
Block,704,464,21C4124D,0,1,1,4294967295,0,0
Block,672,384,7C5F667D,0,1,1,4294967295,0,0
Block,672,352,C1A5F571,0,1,1,4294967295,0,0
Water2,416,480,4FE71364,0,1,1,4294967295,0,0
Water2,416,512,36686A74,0,1,1,4294967295,0,0
Water3,304,384,0523A30B,0,1,1,4294967295,0,0
Water2,64,144,B8E5BE6B,0,1,1,4294967295,0,0
Water2,64,208,F8C1ED02,0,1,1,4294967295,0,0
Water2,64,176,F5B83959,0,1,1,4294967295,0,0
Water3,144,176,3A509F6E,0,1,1,4294967295,0,0
Water3,144,144,4A389C73,0,1,1,4294967295,0,0
Water2,256,128,E133534F,0,1,1,4294967295,0,0
Water2,256,96,BC8C95C6,0,1,1,4294967295,0,0
Water2,352,32,8367DFD3,0,1,1,4294967295,0,0
Water2,352,64,6B735FCD,0,1,1,4294967295,0,0
Water2,352,96,ACE3697A,0,1,1,4294967295,0,0
Water2,496,144,2897A8AD,0,1,1,4294967295,0,0
Water2,496,176,D0215B75,0,1,1,4294967295,0,0
Water3,480,272,C51EB2D2,0,1,1,4294967295,0,0
Water2,528,368,B13B8511,0,1,1,4294967295,0,0
Water2,528,336,899C6959,0,1,1,4294967295,0,0
Water3,704,272,EC91A160,0,1,1,4294967295,0,0
Water3,704,304,926DA068,0,1,1,4294967295,0,0
Water3,704,336,916AD286,0,1,1,4294967295,0,0
SpikeU,32,576,3592291F,0,1,1,4294967295,0,0
SpikeU,560,288,DA69330F,0,1,1,4294967295,0,0
SpikeU,96,16,5A701647,0,1,1,4294967295,0,0
SpikeU,64,48,3C39CCC8,0,1,1,4294967295,0,0
SpikeU,560,432,8905BB3D,0,1,1,4294967295,0,0
SpikeR,528,480,BE893EBE,0,1,1,4294967295,0,0
SpikeL,528,464,DB703DE0,0,1,1,4294967295,0,0
SpikeU,448,576,F6F3C53B,0,1,1,4294967295,0,0
SpikeL,464,512,08603642,0,1,1,4294967295,0,0
SpikeD,416,400,B1E5AAF7,0,1,1,4294967295,0,0
SpikeU,384,448,2C416A13,0,1,1,4294967295,0,0
SpikeL,352,480,D7ECF5EE,0,1,1,4294967295,0,0
SpikeD,208,512,14A12AED,0,1,1,4294967295,0,0
SpikeU,224,512,14506DBE,0,1,1,4294967295,0,0
SpikeU,208,448,2DD8BB9D,0,1,1,4294967295,0,0
SpikeU,288,384,39C49729,0,1,1,4294967295,0,0
SpikeU,320,384,43ABC181,0,1,1,4294967295,0,0
SpikeL,256,416,D576A0E2,0,1,1,4294967295,0,0
SpikeU,224,320,20DAB3E3,0,1,1,4294967295,0,0
SpikeU,192,320,8A5B9608,0,1,1,4294967295,0,0
SpikeL,160,352,BF2D83D3,0,1,1,4294967295,0,0
SpikeD,128,416,EDA45160,0,1,1,4294967295,0,0
SpikeL,96,384,3B0C5CCA,0,1,1,4294967295,0,0
SpikeL,112,480,31124FAA,0,1,1,4294967295,0,0
SpikeR,64,512,264B3CA1,0,1,1,4294967295,0,0
SpikeU,32,480,E600C85E,0,1,1,4294967295,0,0
SpikeR,0,432,302C7FF3,0,1,1,4294967295,0,0
SpikeD,32,400,D9F5DF71,0,1,1,4294967295,0,0
SpikeL,352,336,651B6B51,0,1,1,4294967295,0,0
SpikeL,352,304,C07802FC,0,1,1,4294967295,0,0
SpikeU,384,272,8BC65944,0,1,1,4294967295,0,0
SpikeU,416,336,F682A238,0,1,1,4294967295,0,0
SpikeR,64,336,CA13725D,0,1,1,4294967295,0,0
SpikeR,112,176,71807A88,0,1,1,4294967295,0,0
SpikeU,128,352,31B15EE5,0,1,1,4294967295,0,0
SpikeD,96,288,0D011D86,0,1,1,4294967295,0,0
SpikeR,32,240,1391A2CE,0,1,1,4294967295,0,0
SpikeU,0,176,8BCFAC55,0,1,1,4294967295,0,0
SpikeR,32,208,92134890,0,1,1,4294967295,0,0
SpikeR,64,224,D64DC002,0,1,1,4294967295,0,0
SpikeD,64,144,E3D4B825,0,1,1,4294967295,0,0
SpikeU,96,256,C72ED8C6,0,1,1,4294967295,0,0
SpikeD,192,96,8A2AB615,0,1,1,4294967295,0,0
SpikeU,176,96,FCA0F4FF,0,1,1,4294967295,0,0
SpikeL,112,192,7803D954,0,1,1,4294967295,0,0
SpikeL,144,128,6BB238CC,0,1,1,4294967295,0,0
SpikeR,144,192,A01C1E8A,0,1,1,4294967295,0,0
SpikeU,240,224,C5F11C77,0,1,1,4294967295,0,0
SpikeD,288,192,AB9EE972,0,1,1,4294967295,0,0
SpikeU,208,224,FA560421,0,1,1,4294967295,0,0
SpikeR,224,0,DA09178F,0,1,1,4294967295,0,0
SpikeR,256,-16,7C7BEEC9,0,1,1,4294967295,0,0
SpikeR,208,128,D7A0E52E,0,1,1,4294967295,0,0
SpikeU,224,192,C11C49ED,0,1,1,4294967295,0,0
SpikeU,288,32,4BC09F3C,0,1,1,4294967295,0,0
SpikeR,320,64,068EF301,0,1,1,4294967295,0,0
SpikeL,352,16,D121E583,0,1,1,4294967295,0,0
SpikeR,384,112,233B830B,0,1,1,4294967295,0,0
SpikeL,352,112,C8DB7033,0,1,1,4294967295,0,0
SpikeD,384,64,7CD0877F,0,1,1,4294967295,0,0
SpikeD,416,64,A4E74F42,0,1,1,4294967295,0,0
SpikeD,464,0,29411777,0,1,1,4294967295,0,0
SpikeU,704,144,916C4963,0,1,1,4294967295,0,0
SpikeU,672,192,C4375188,0,1,1,4294967295,0,0
SpikeU,576,0,E52EC72E,0,1,1,4294967295,0,0
SpikeU,608,32,60111176,0,1,1,4294967295,0,0
SpikeD,608,96,3E72DDEF,0,1,1,4294967295,0,0
SpikeL,544,64,3860C508,0,1,1,4294967295,0,0
SpikeD,576,96,400A2E2E,0,1,1,4294967295,0,0
SpikeR,528,112,E2793866,0,1,1,4294967295,0,0
SpikeU,496,176,357023E3,0,1,1,4294967295,0,0
SpikeU,464,208,3B207777,0,1,1,4294967295,0,0
SpikeU,448,336,D2BF6EBF,0,1,1,4294967295,0,0
SpikeD,464,272,363A241C,0,1,1,4294967295,0,0
SpikeD,496,272,7F336AFE,0,1,1,4294967295,0,0
SpikeL,528,384,4B42602A,0,1,1,4294967295,0,0
SpikeL,528,320,08DEB539,0,1,1,4294967295,0,0
SpikeL,576,224,89A60D46,0,1,1,4294967295,0,0
SpikeD,608,256,FB00776B,0,1,1,4294967295,0,0
SpikeR,592,320,21378C38,0,1,1,4294967295,0,0
SpikeU,768,256,81CE11CB,0,1,1,4294967295,0,0
SpikeD,768,320,2131D44B,0,1,1,4294967295,0,0
SpikeL,736,288,4B5E72E4,0,1,1,4294967295,0,0
SpikeL,640,384,503BDFB6,0,1,1,4294967295,0,0
SpikeD,672,256,9B758AA6,0,1,1,4294967295,0,0
SpikeU,672,320,4B575A64,0,1,1,4294967295,0,0
SpikeR,704,384,212FAEDC,0,1,1,4294967295,0,0
SpikeR,736,368,38BE14D6,0,1,1,4294967295,0,0
SpikeR,704,352,24AA2698,0,1,1,4294967295,0,0
WallJumpL,224,544,FBD8C709,0,1,1,4294967295,0,0
WallJumpL,224,352,E04478EF,0,1,1,4294967295,0,0
WallJumpR,464,240,1B57B680,0,1,1,4294967295,0,0
WallJumpR,672,352,5AB014E5,0,1,1,4294967295,0,0
SpikeL,704,368,BE448DD6,0,1,1,4294967295,0,0
SpikeL,32,224,2D589E59,0,1,1,4294967295,0,0
SpikeD,224,224,98BCF4B9,0,1,1,4294967295,0,0
Cherry,504,64,093B0D0E,0,1,1,4294967295,0,0
Cherry,480,96,825C54E6,0,1,1,4294967295,0,0
Cherry,540,432,7BD36438,0,1,1,4294967295,0,0
Cherry,512,448,40A92E42,0,1,1,4294967295,0,0
Cherry,496,416,C87CDA32,0,1,1,4294967295,0,0
Cherry,208,400,66C48707,0,1,1,4294967295,0,0
Cherry,80,384,1A5430BA,0,1,1,4294967295,0,0
Cherry,336,352,2592D79D,0,1,1,4294967295,0,0
Cherry,320,320,0667E4B0,0,1,1,4294967295,0,0
Cherry,304,288,72CD9526,0,1,1,4294967295,0,0
Cherry,288,256,D83AFABC,0,1,1,4294967295,0,0
Cherry,80,272,453C6D40,0,1,1,4294967295,0,0
Cherry,192,272,7EB9E2A2,0,1,1,4294967295,0,0
Cherry,176,240,183CD074,0,1,1,4294967295,0,0
Cherry,448,160,5494E0B0,0,1,1,4294967295,0,0
Cherry,656,240,CF447D84,0,1,1,4294967295,0,0
TextDraw,656,528,B75E1529,0,1,1,4294967295,0,1
Platform,64,544,CCCBCE62,0,1,1,4294967295,0,0
Platform,352,144,BAF8FCFD,0,1,1,4294967295,0,0
SavePointVeryHard,32,304,393F23E4,0,1,1,4294967295,0,0
SavePointVeryHard,608,192,EDA3F771,0,1,1,4294967295,0,0
SavePointVeryHard,704,432,C064FEF0,0,1,1,4294967295,0,0
Skinner,384,224,3C72E41A,0,1,1,4294967295,0,1
AutoSaver,704,432,F11BC367,0,1,1,4294967295,0,0
PlayerStart,704,432,3D0F471B,0,1,1,4294967295,0,0
