background106_block,16,48,0,0,32,32,0,1,1,4294967295
background107_miniblock,192,176,0,0,16,16,0,1,1,4294967295
background107_miniblock,192,192,0,0,16,16,0,1,1,4294967295
background107_miniblock,192,208,0,0,16,16,0,1,1,4294967295
background107_miniblock,192,224,0,0,16,16,0,1,1,4294967295
background107_miniblock,624,144,0,0,16,16,0,1,1,4294967295
background107_miniblock,624,160,0,0,16,16,0,1,1,4294967295
background107_miniblock,624,384,0,0,16,16,0,1,1,4294967295
background107_miniblock,624,400,0,0,16,16,0,1,1,4294967295
background107_miniblock,624,416,0,0,16,16,0,1,1,4294967295
background107_miniblock,624,432,0,0,16,16,0,1,1,4294967295
background107_miniblock,608,320,0,0,16,16,0,1,1,4294967295
background107_miniblock,608,336,0,0,16,16,0,1,1,4294967295
background107_miniblock,432,336,0,0,16,16,0,1,1,4294967295
background107_miniblock,432,352,0,0,16,16,0,1,1,4294967295
background107_miniblock,432,368,0,0,16,16,0,1,1,4294967295
background107_miniblock,448,368,0,0,16,16,0,1,1,4294967295
background107_miniblock,464,368,0,0,16,16,0,1,1,4294967295
background107_miniblock,160,416,0,0,16,16,0,1,1,4294967295
background107_miniblock,160,432,0,0,16,16,0,1,1,4294967295
background107_miniblock,144,480,0,0,16,16,0,1,1,4294967295
background107_miniblock,160,480,0,0,16,16,0,1,1,4294967295
background107_miniblock,368,304,0,0,16,16,0,1,1,4294967295
background107_miniblock,368,320,0,0,16,16,0,1,1,4294967295
background107_miniblock,352,320,0,0,16,16,0,1,1,4294967295
background107_miniblock,416,400,0,0,16,16,0,1,1,4294967295
background110,32,528,0,0,64,64,0,1,1,4294967295
