background110,0,528,0,0,64,64,0,1,1,4294967295
background106_block,16,0,0,0,32,32,0,1,1,4294967295
background107_miniblock,224,128,0,0,16,16,0,1,1,4294967295
background107_miniblock,224,144,0,0,16,16,0,1,1,4294967295
background107_miniblock,224,160,0,0,16,16,0,1,1,4294967295
background107_miniblock,224,176,0,0,16,16,0,1,1,4294967295
background107_miniblock,256,160,0,0,16,16,0,1,1,4294967295
background107_miniblock,288,176,0,0,16,16,0,1,1,4294967295
background107_miniblock,288,192,0,0,16,16,0,1,1,4294967295
background107_miniblock,368,160,0,0,16,16,0,1,1,4294967295
background107_miniblock,352,160,0,0,16,16,0,1,1,4294967295
background107_miniblock,352,176,0,0,16,16,0,1,1,4294967295
background107_miniblock,352,192,0,0,16,16,0,1,1,4294967295
background107_miniblock,336,192,0,0,16,16,0,1,1,4294967295
background107_miniblock,272,32,0,0,16,16,0,1,1,4294967295
background107_miniblock,256,32,0,0,16,16,0,1,1,4294967295
background107_miniblock,480,0,0,0,16,16,0,1,1,4294967295
background107_miniblock,480,16,0,0,16,16,0,1,1,4294967295
background107_miniblock,480,32,0,0,16,16,0,1,1,4294967295
background107_miniblock,480,48,0,0,16,16,0,1,1,4294967295
background107_miniblock,480,64,0,0,16,16,0,1,1,4294967295
background107_miniblock,560,96,0,0,16,16,0,1,1,4294967295
background107_miniblock,544,96,0,0,16,16,0,1,1,4294967295
background107_miniblock,720,112,0,0,16,16,0,1,1,4294967295
background107_miniblock,704,112,0,0,16,16,0,1,1,4294967295
background107_miniblock,688,112,0,0,16,16,0,1,1,4294967295
background107_miniblock,672,112,0,0,16,16,0,1,1,4294967295
background107_miniblock,656,112,0,0,16,16,0,1,1,4294967295
background107_miniblock,656,128,0,0,16,16,0,1,1,4294967295
background107_miniblock,752,160,0,0,16,16,0,1,1,4294967295
background107_miniblock,752,176,0,0,16,16,0,1,1,4294967295
background107_miniblock,752,192,0,0,16,16,0,1,1,4294967295
background107_miniblock,752,208,0,0,16,16,0,1,1,4294967295
background107_miniblock,752,224,0,0,16,16,0,1,1,4294967295
background107_miniblock,752,240,0,0,16,16,0,1,1,4294967295
background107_miniblock,752,256,0,0,16,16,0,1,1,4294967295
background107_miniblock,752,272,0,0,16,16,0,1,1,4294967295
background107_miniblock,736,272,0,0,16,16,0,1,1,4294967295
background107_miniblock,720,272,0,0,16,16,0,1,1,4294967295
background107_miniblock,688,304,0,0,16,16,0,1,1,4294967295
background107_miniblock,672,304,0,0,16,16,0,1,1,4294967295
background107_miniblock,576,352,0,0,16,16,0,1,1,4294967295
background107_miniblock,560,352,0,0,16,16,0,1,1,4294967295
background107_miniblock,560,400,0,0,16,16,0,1,1,4294967295
background107_miniblock,560,416,0,0,16,16,0,1,1,4294967295
background107_miniblock,560,432,0,0,16,16,0,1,1,4294967295
background107_miniblock,512,416,0,0,16,16,0,1,1,4294967295
background107_miniblock,512,432,0,0,16,16,0,1,1,4294967295
background107_miniblock,496,336,0,0,16,16,0,1,1,4294967295
background107_miniblock,496,352,0,0,16,16,0,1,1,4294967295
background107_miniblock,544,224,0,0,16,16,0,1,1,4294967295
background107_miniblock,544,240,0,0,16,16,0,1,1,4294967295
background107_miniblock,544,256,0,0,16,16,0,1,1,4294967295
background107_miniblock,544,272,0,0,16,16,0,1,1,4294967295
background107_miniblock,528,272,0,0,16,16,0,1,1,4294967295
background107_miniblock,736,528,0,0,16,16,0,1,1,4294967295
background107_miniblock,736,544,0,0,16,16,0,1,1,4294967295
background107_miniblock,736,560,0,0,16,16,0,1,1,4294967295
background107_miniblock,736,576,0,0,16,16,0,1,1,4294967295
background107_miniblock,736,592,0,0,16,16,0,1,1,4294967295
background107_miniblock,560,544,0,0,16,16,0,1,1,4294967295
background107_miniblock,576,544,0,0,16,16,0,1,1,4294967295
background107_miniblock,368,512,0,0,16,16,0,1,1,4294967295
background107_miniblock,368,528,0,0,16,16,0,1,1,4294967295
background107_miniblock,304,512,0,0,16,16,0,1,1,4294967295
background107_miniblock,304,528,0,0,16,16,0,1,1,4294967295
background107_miniblock,304,544,0,0,16,16,0,1,1,4294967295
background107_miniblock,304,560,0,0,16,16,0,1,1,4294967295
background107_miniblock,304,576,0,0,16,16,0,1,1,4294967295
background107_miniblock,304,592,0,0,16,16,0,1,1,4294967295
background107_miniblock,208,496,0,0,16,16,0,1,1,4294967295
background107_miniblock,208,512,0,0,16,16,0,1,1,4294967295
background107_miniblock,224,512,0,0,16,16,0,1,1,4294967295
background107_miniblock,240,512,0,0,16,16,0,1,1,4294967295
background107_miniblock,256,512,0,0,16,16,0,1,1,4294967295
background107_miniblock,272,512,0,0,16,16,0,1,1,4294967295
background107_miniblock,128,480,0,0,16,16,0,1,1,4294967295
background107_miniblock,144,480,0,0,16,16,0,1,1,4294967295
background107_miniblock,192,384,0,0,16,16,0,1,1,4294967295
background107_miniblock,192,400,0,0,16,16,0,1,1,4294967295
background107_miniblock,208,400,0,0,16,16,0,1,1,4294967295
background107_miniblock,224,400,0,0,16,16,0,1,1,4294967295
background107_miniblock,224,416,0,0,16,16,0,1,1,4294967295
background107_miniblock,80,384,0,0,16,16,0,1,1,4294967295
background107_miniblock,80,400,0,0,16,16,0,1,1,4294967295
background107_miniblock,0,336,0,0,16,16,0,1,1,4294967295
background107_miniblock,0,352,0,0,16,16,0,1,1,4294967295
background107_miniblock,0,368,0,0,16,16,0,1,1,4294967295
background107_miniblock,112,288,0,0,16,16,0,1,1,4294967295
background107_miniblock,112,304,0,0,16,16,0,1,1,4294967295
background107_miniblock,112,320,0,0,16,16,0,1,1,4294967295
background107_miniblock,64,240,0,0,16,16,0,1,1,4294967295
background107_miniblock,48,240,0,0,16,16,0,1,1,4294967295
background107_miniblock,352,336,0,0,16,16,0,1,1,4294967295
background107_miniblock,352,352,0,0,16,16,0,1,1,4294967295
background107_miniblock,352,368,0,0,16,16,0,1,1,4294967295
background107_miniblock,400,304,0,0,16,16,0,1,1,4294967295
background107_miniblock,400,320,0,0,16,16,0,1,1,4294967295
background107_miniblock,400,336,0,0,16,16,0,1,1,4294967295
background107_miniblock,416,336,0,0,16,16,0,1,1,4294967295
background107_miniblock,336,496,0,0,16,16,0,1,1,4294967295
background107_miniblock,512,192,0,0,16,16,0,1,1,4294967295
background107_miniblock,128,544,0,0,16,16,0,1,1,4294967295
background107_miniblock,128,560,0,0,16,16,0,1,1,4294967295
background107_miniblock,672,208,0,0,16,16,0,1,1,4294967295
