SavePointVeryHard,48,208,C3EE1521,0,1,1,4294967295,0,0
SavePointVeryHard,368,320,ADD0DD9A,0,1,1,4294967295,0,0
Autotiler,16,0,AC4317F2,0,1,1,4294967295,0,1
Warp,768,576,0B842E44,0,1,1,4294967295,0,0
Block,48,128,A50786A4,0,1,1,4294967295,0,0
MiniBlock,576,544,710D6EE2,0,1,1,4294967295,0,0
MiniBlock,560,544,809CB344,0,1,1,4294967295,0,0
MiniBlock,736,592,A1D502DC,0,1,1,4294967295,0,0
MiniBlock,736,576,665BB3A8,0,1,1,4294967295,0,0
MiniBlock,736,560,28C637A1,0,1,1,4294967295,0,0
MiniBlock,736,544,5EE67AB1,0,1,1,4294967295,0,0
MiniBlock,736,528,AB3EDBEC,0,1,1,4294967295,0,0
Block,672,480,5FDAD9A0,0,1,1,4294967295,0,0
Block,672,448,BFBB34B5,0,1,1,4294967295,0,0
Block,672,416,724CC5FC,0,1,1,4294967295,0,0
Block,720,496,6FF7A467,0,1,1,4294967295,0,0
MiniBlock,784,416,96040390,0,1,1,4294967295,0,0
MiniBlock,784,400,9AE6C96E,0,1,1,4294967295,0,0
MiniBlock,784,384,A1655354,0,1,1,4294967295,0,0
Block,672,384,A94B1151,0,1,1,4294967295,0,0
Block,672,352,F55DED59,0,1,1,4294967295,0,0
Block,672,320,750A5F0E,0,1,1,4294967295,0,0
Block,720,384,120B14B3,0,1,1,4294967295,0,0
MiniBlock,672,304,41DDCB23,0,1,1,4294967295,0,0
MiniBlock,688,304,C93C6F88,0,1,1,4294967295,0,0
Block,784,352,F943076D,0,1,1,4294967295,0,0
MiniBlock,720,272,CFE775C3,0,1,1,4294967295,0,0
MiniBlock,736,272,6ACA125D,0,1,1,4294967295,0,0
Block,720,240,1246E579,0,1,1,4294967295,0,0
MiniBlock,752,272,0B681979,0,1,1,4294967295,0,0
MiniBlock,752,256,67C4342A,0,1,1,4294967295,0,0
MiniBlock,752,240,30D96EE2,0,1,1,4294967295,0,0
MiniBlock,752,224,94F30654,0,1,1,4294967295,0,0
MiniBlock,752,208,AB876694,0,1,1,4294967295,0,0
Block,752,0,1C7D9D09,0,1,1,4294967295,0,0
Block,752,32,FE49DFFC,0,1,1,4294967295,0,0
Block,784,32,87DB0CFF,0,1,1,4294967295,0,0
Block,784,64,03780327,0,1,1,4294967295,0,0
Block,752,64,C1A11B73,0,1,1,4294967295,0,0
MiniBlock,752,192,48C29BDA,0,1,1,4294967295,0,0
MiniBlock,752,176,D3695C2C,0,1,1,4294967295,0,0
MiniBlock,752,160,685DB00F,0,1,1,4294967295,0,0
MiniBlock,720,112,0F4EBA33,0,1,1,4294967295,0,0
MiniBlock,704,112,AC97904F,0,1,1,4294967295,0,0
MiniBlock,688,112,4747FE2D,0,1,1,4294967295,0,0
MiniBlock,672,208,4D00114E,0,1,1,4294967295,0,0
Block,688,0,E014D4D6,0,1,1,4294967295,0,0
Block,656,0,E773C335,0,1,1,4294967295,0,0
MiniBlock,656,128,E403184E,0,1,1,4294967295,0,0
MiniBlock,656,112,2DB4C43D,0,1,1,4294967295,0,0
MiniBlock,672,112,43F432B3,0,1,1,4294967295,0,0
Block,640,144,FEBAF1DA,0,1,1,4294967295,0,0
MiniBlock,560,400,AC3B6F7B,0,1,1,4294967295,0,0
Block,560,368,D1485C78,0,1,1,4294967295,0,0
Block,640,256,9AB1ECEF,0,1,1,4294967295,0,0
Block,640,288,C22BBC92,0,1,1,4294967295,0,0
MiniBlock,576,352,088C167A,0,1,1,4294967295,0,0
MiniBlock,560,352,2BF2F3C1,0,1,1,4294967295,0,0
MiniBlock,480,64,E83E7C4E,0,1,1,4294967295,0,0
MiniBlock,480,48,900CAF45,0,1,1,4294967295,0,0
MiniBlock,480,32,428883A2,0,1,1,4294967295,0,0
Block,560,0,2A801E50,0,1,1,4294967295,0,0
MiniBlock,560,96,F760C87E,0,1,1,4294967295,0,0
MiniBlock,544,96,C03D3ED2,0,1,1,4294967295,0,0
MiniBlock,560,432,07E1A665,0,1,1,4294967295,0,0
MiniBlock,560,416,D77DB482,0,1,1,4294967295,0,0
MiniBlock,544,224,212D36CE,0,1,1,4294967295,0,0
MiniBlock,544,240,A618BF9C,0,1,1,4294967295,0,0
MiniBlock,544,256,D858A3A2,0,1,1,4294967295,0,0
MiniBlock,544,272,A789F8F9,0,1,1,4294967295,0,0
MiniBlock,528,272,656E7C77,0,1,1,4294967295,0,0
MiniBlock,512,192,FE7F750B,0,1,1,4294967295,0,0
Block,544,160,CA622B47,0,1,1,4294967295,0,0
Block,576,192,F901B1AB,0,1,1,4294967295,0,0
Block,544,192,650A9061,0,1,1,4294967295,0,0
MiniBlock,480,0,64BF87FF,0,1,1,4294967295,0,0
MiniBlock,480,16,84E54ECE,0,1,1,4294967295,0,0
Block,512,80,4AFADEA7,0,1,1,4294967295,0,0
Block,416,80,760B0550,0,1,1,4294967295,0,0
Block,416,48,EBBDE579,0,1,1,4294967295,0,0
Block,320,64,70665C6D,0,1,1,4294967295,0,0
MiniBlock,352,160,6FB0078D,0,1,1,4294967295,0,0
MiniBlock,352,176,8F6DBF98,0,1,1,4294967295,0,0
MiniBlock,368,160,55E873E3,0,1,1,4294967295,0,0
Block,288,0,8DDE446B,0,1,1,4294967295,0,0
Block,288,32,1A2BD9E4,0,1,1,4294967295,0,0
Block,288,64,2E0CE076,0,1,1,4294967295,0,0
Block,288,96,1B3620C9,0,1,1,4294967295,0,0
MiniBlock,352,192,7BB62588,0,1,1,4294967295,0,0
MiniBlock,336,192,68BBC9C8,0,1,1,4294967295,0,0
Block,288,272,70F63AF9,0,1,1,4294967295,0,0
MiniBlock,224,128,460A710F,0,1,1,4294967295,0,0
MiniBlock,256,160,7FF8AC55,0,1,1,4294967295,0,0
MiniBlock,224,176,625B346C,0,1,1,4294967295,0,0
MiniBlock,288,192,7739B0C9,0,1,1,4294967295,0,0
MiniBlock,288,176,765D21BD,0,1,1,4294967295,0,0
Block,272,144,814FC65D,0,1,1,4294967295,0,0
MiniBlock,224,160,7B8C7D56,0,1,1,4294967295,0,0
MiniBlock,224,144,79D6C07E,0,1,1,4294967295,0,0
MiniBlock,272,32,39A28440,0,1,1,4294967295,0,0
MiniBlock,256,32,2C79CF9A,0,1,1,4294967295,0,0
Block,256,0,D12CAF42,0,1,1,4294967295,0,0
Block,224,0,CFCE4B5C,0,1,1,4294967295,0,0
Block,128,48,38E7146C,0,1,1,4294967295,0,0
Block,112,144,8E439203,0,1,1,4294967295,0,0
Block,48,160,3FDFDC41,0,1,1,4294967295,0,0
Block,112,176,03356F54,0,1,1,4294967295,0,0
MiniBlock,48,240,6582F3F7,0,1,1,4294967295,0,0
MiniBlock,64,240,979D4A4D,0,1,1,4294967295,0,0
MiniBlock,112,320,3984FEBA,0,1,1,4294967295,0,0
MiniBlock,112,304,B62DCC46,0,1,1,4294967295,0,0
MiniBlock,112,288,B0A24B2F,0,1,1,4294967295,0,0
Block,48,256,BE3761E9,0,1,1,4294967295,0,0
MiniBlock,0,368,B1C2D518,0,1,1,4294967295,0,0
MiniBlock,0,352,D9BC6EDD,0,1,1,4294967295,0,0
MiniBlock,0,336,52CE3A76,0,1,1,4294967295,0,0
Block,16,352,19F3D005,0,1,1,4294967295,0,0
MiniBlock,80,400,A29C3A4D,0,1,1,4294967295,0,0
MiniBlock,80,384,21F9A154,0,1,1,4294967295,0,0
Block,0,464,92FA8A94,0,1,1,4294967295,0,0
MiniBlock,144,480,64C50EAD,0,1,1,4294967295,0,0
MiniBlock,128,480,138BCB5F,0,1,1,4294967295,0,0
Block,128,448,F90A33CF,0,1,1,4294967295,0,0
Block,112,576,EFB01877,0,1,1,4294967295,0,0
Block,80,576,3E70A47C,0,1,1,4294967295,0,0
MiniBlock,128,560,56A3DEB9,0,1,1,4294967295,0,0
MiniBlock,128,544,4B1A6E24,0,1,1,4294967295,0,0
Block,80,416,C524AB7F,0,1,1,4294967295,0,0
Block,160,288,67F9C906,0,1,1,4294967295,0,0
Block,128,288,D99102FC,0,1,1,4294967295,0,0
Block,128,416,9842AD04,0,1,1,4294967295,0,0
Block,128,384,0DD3BFF5,0,1,1,4294967295,0,0
MiniBlock,208,400,C629F2A1,0,1,1,4294967295,0,0
MiniBlock,192,400,146B7BFE,0,1,1,4294967295,0,0
MiniBlock,192,384,51BEF9EC,0,1,1,4294967295,0,0
MiniBlock,224,400,67F6DAE5,0,1,1,4294967295,0,0
MiniBlock,224,416,91F6064C,0,1,1,4294967295,0,0
MiniBlock,208,512,ABB0550B,0,1,1,4294967295,0,0
MiniBlock,208,496,4CAABBC8,0,1,1,4294967295,0,0
Block,192,464,020A5721,0,1,1,4294967295,0,0
MiniBlock,224,512,D66B57C6,0,1,1,4294967295,0,0
MiniBlock,240,512,8EA9C473,0,1,1,4294967295,0,0
MiniBlock,272,512,F3448BC2,0,1,1,4294967295,0,0
MiniBlock,256,512,E64A8920,0,1,1,4294967295,0,0
MiniBlock,304,592,11418BAB,0,1,1,4294967295,0,0
MiniBlock,304,576,87E7B2FB,0,1,1,4294967295,0,0
MiniBlock,304,560,A2CC927F,0,1,1,4294967295,0,0
MiniBlock,304,544,58597A7F,0,1,1,4294967295,0,0
MiniBlock,304,528,A5B5A443,0,1,1,4294967295,0,0
MiniBlock,304,512,DC87018F,0,1,1,4294967295,0,0
Block,272,368,17617452,0,1,1,4294967295,0,0
Block,272,336,D7515DFF,0,1,1,4294967295,0,0
MiniBlock,352,368,679325C4,0,1,1,4294967295,0,0
MiniBlock,352,352,AE5C6B6F,0,1,1,4294967295,0,0
MiniBlock,352,336,C766EAAD,0,1,1,4294967295,0,0
Block,320,576,DD09F9A7,0,1,1,4294967295,0,0
Block,304,480,D00AFFF2,0,1,1,4294967295,0,0
MiniBlock,336,496,69748010,0,1,1,4294967295,0,0
MiniBlock,368,512,D7FE477C,0,1,1,4294967295,0,0
MiniBlock,368,528,219D2EF3,0,1,1,4294967295,0,0
Block,432,592,2CEA238C,0,1,1,4294967295,0,0
Block,432,560,84A5D74E,0,1,1,4294967295,0,0
Block,384,432,F08C506B,0,1,1,4294967295,0,0
Block,432,528,83B6C595,0,1,1,4294967295,0,0
Block,496,544,386381D1,0,1,1,4294967295,0,0
Block,496,448,B211DF18,0,1,1,4294967295,0,0
MiniBlock,512,432,8F370913,0,1,1,4294967295,0,0
MiniBlock,512,416,00A54A63,0,1,1,4294967295,0,0
MiniBlock,496,352,5877F80C,0,1,1,4294967295,0,0
MiniBlock,496,336,C28FCEB4,0,1,1,4294967295,0,0
Block,480,304,8464D5D9,0,1,1,4294967295,0,0
Block,432,224,BF233589,0,1,1,4294967295,0,0
Block,432,192,B12AF704,0,1,1,4294967295,0,0
MiniBlock,400,320,9C34D2CC,0,1,1,4294967295,0,0
MiniBlock,400,304,B16CB690,0,1,1,4294967295,0,0
MiniBlock,400,336,C373F279,0,1,1,4294967295,0,0
MiniBlock,416,336,1B9F4D90,0,1,1,4294967295,0,0
Block,400,352,65EA200F,0,1,1,4294967295,0,0
Block,368,352,6EA7DD57,0,1,1,4294967295,0,0
Water3,688,128,96E537FD,0,1,1,4294967295,0,0
Water2,480,80,B672A6B0,0,1,1,4294967295,0,0
Water2,48,368,F957BA7F,0,1,1,4294967295,0,0
Water2,48,400,8C537EAF,0,1,1,4294967295,0,0
Water2,240,480,286AB55B,0,1,1,4294967295,0,0
Water2,400,576,AC7CF4C8,0,1,1,4294967295,0,0
Water2,400,544,79D0B592,0,1,1,4294967295,0,0
SpikeU,48,96,4CF7A3A4,0,1,1,4294967295,0,0
SpikeU,592,480,6351CC8D,0,1,1,4294967295,0,0
SpikeL,624,496,2F47FBD3,0,1,1,4294967295,0,0
SpikeD,640,464,D72D0CE8,0,1,1,4294967295,0,0
SpikeR,608,448,9D293EF4,0,1,1,4294967295,0,0
MiniSpikeRight,592,432,6DF5A19B,0,1,1,4294967295,0,0
SpikeD,560,560,A5EF657A,0,1,1,4294967295,0,0
SpikeL,208,288,EA84FED2,0,1,1,4294967295,0,0
SpikeR,240,320,EEC89C8E,0,1,1,4294967295,0,0
MiniSpikeDown,720,528,411C55BA,0,1,1,4294967295,0,0
MiniSpikeDown,672,512,D0A46E58,0,1,1,4294967295,0,0
MiniSpikeDown,688,512,E5602D8F,0,1,1,4294967295,0,0
SpikeD,768,528,3E16071B,0,1,1,4294967295,0,0
SpikeU,768,496,D602EC17,0,1,1,4294967295,0,0
SpikeL,752,400,30394E7B,0,1,1,4294967295,0,0
SpikeU,720,464,CC14C0FC,0,1,1,4294967295,0,0
MiniSpikeUp,720,368,74D0B8E1,0,1,1,4294967295,0,0
MiniSpikeUp,736,368,4590DC3E,0,1,1,4294967295,0,0
MiniSpikeUp,672,288,E6388B57,0,1,1,4294967295,0,0
SpikeU,784,320,5D5E5251,0,1,1,4294967295,0,0
MiniSpikeDown,784,224,EDC6E10B,0,1,1,4294967295,0,0
MiniSpikeUp,784,208,BDD48E22,0,1,1,4294967295,0,0
MiniSpikeRight,704,288,F5208D91,0,1,1,4294967295,0,0
MiniSpikeLeft,688,288,738ECFDA,0,1,1,4294967295,0,0
SpikeD,672,128,E8361A04,0,1,1,4294967295,0,0
SpikeL,720,208,111C09B1,0,1,1,4294967295,0,0
MiniSpikeDown,752,96,9CD57241,0,1,1,4294967295,0,0
MiniSpikeUp,752,144,70297461,0,1,1,4294967295,0,0
SpikeU,704,80,1C1790BE,0,1,1,4294967295,0,0
MiniSpikeUp,688,96,D6899489,0,1,1,4294967295,0,0
MiniSpikeDown,672,224,34C67187,0,1,1,4294967295,0,0
MiniSpikeUp,672,192,86B31ACE,0,1,1,4294967295,0,0
SpikeL,624,0,1CC6D92D,0,1,1,4294967295,0,0
SpikeR,688,16,266CF6D4,0,1,1,4294967295,0,0
SpikeL,656,16,42CD86E8,0,1,1,4294967295,0,0
SpikeU,656,80,4DB1FC66,0,1,1,4294967295,0,0
MiniSpikeRight,624,208,676B850D,0,1,1,4294967295,0,0
MiniSpikeLeft,608,208,1F9B729B,0,1,1,4294967295,0,0
MiniSpikeUp,560,336,C8F3FE4C,0,1,1,4294967295,0,0
MiniSpikeLeft,576,432,1B6BC47A,0,1,1,4294967295,0,0
SpikeD,576,224,5F8A2C04,0,1,1,4294967295,0,0
SpikeL,608,288,F908A64A,0,1,1,4294967295,0,0
MiniSpikeUp,576,336,82EDF952,0,1,1,4294967295,0,0
MiniSpikeRight,560,272,3310A84D,0,1,1,4294967295,0,0
MiniSpikeDown,576,32,0FAE2B12,0,1,1,4294967295,0,0
SpikeL,528,0,8B61CF51,0,1,1,4294967295,0,0
MiniSpikeUp,560,80,2782A659,0,1,1,4294967295,0,0
MiniSpikeUp,512,176,DB5C06BE,0,1,1,4294967295,0,0
MiniSpikeUp,528,256,79C60EC0,0,1,1,4294967295,0,0
MiniSpikeUp,560,144,02D1EE80,0,1,1,4294967295,0,0
MiniSpikeUp,544,144,4C758EFA,0,1,1,4294967295,0,0
SpikeU,576,160,EC7846EC,0,1,1,4294967295,0,0
MiniSpikeUp,528,64,8B781A4B,0,1,1,4294967295,0,0
MiniSpikeUp,512,64,A96042AD,0,1,1,4294967295,0,0
SpikeR,464,224,BF933C9B,0,1,1,4294967295,0,0
SpikeD,464,80,5B4DE898,0,1,1,4294967295,0,0
SpikeU,464,48,BF2F5BBA,0,1,1,4294967295,0,0
MiniSpikeUp,448,176,5182A657,0,1,1,4294967295,0,0
MiniSpikeUp,432,176,37E10E24,0,1,1,4294967295,0,0
MiniSpikeDown,432,112,D562D302,0,1,1,4294967295,0,0
MiniSpikeDown,416,112,F2AA78E6,0,1,1,4294967295,0,0
MiniSpikeRight,432,32,C73C77A2,0,1,1,4294967295,0,0
MiniSpikeLeft,416,32,2143D517,0,1,1,4294967295,0,0
SpikeD,368,0,CC863D29,0,1,1,4294967295,0,0
SpikeR,320,80,4A1200B7,0,1,1,4294967295,0,0
SpikeR,352,64,DD2C062E,0,1,1,4294967295,0,0
SpikeU,352,128,4957BF68,0,1,1,4294967295,0,0
MiniSpikeRight,304,144,A239AB58,0,1,1,4294967295,0,0
SpikeD,336,208,6420723E,0,1,1,4294967295,0,0
MiniSpikeLeft,320,192,8F2E3FB8,0,1,1,4294967295,0,0
MiniSpikeUp,304,256,D2360E65,0,1,1,4294967295,0,0
MiniSpikeUp,288,256,A17A187E,0,1,1,4294967295,0,0
SpikeD,288,304,926CFAD8,0,1,1,4294967295,0,0
MiniSpikeUp,224,112,4F096A3F,0,1,1,4294967295,0,0
MiniSpikeUp,256,144,9CA68796,0,1,1,4294967295,0,0
MiniSpikeDown,224,192,0024CB09,0,1,1,4294967295,0,0
SpikeD,256,48,3E7EFD71,0,1,1,4294967295,0,0
SpikeL,224,16,9E5C9FF4,0,1,1,4294967295,0,0
SpikeU,128,16,C2D75A68,0,1,1,4294967295,0,0
SpikeL,192,80,050782A9,0,1,1,4294967295,0,0
SpikeR,192,96,6D2239FF,0,1,1,4294967295,0,0
SpikeL,144,128,89F90F6D,0,1,1,4294967295,0,0
SpikeR,144,144,F8605D28,0,1,1,4294967295,0,0
SpikeL,160,272,1320BFF7,0,1,1,4294967295,0,0
MiniSpikeUp,144,272,72EEBEE7,0,1,1,4294967295,0,0
SpikeR,80,160,18995BF7,0,1,1,4294967295,0,0
SpikeL,80,176,97C49C85,0,1,1,4294967295,0,0
SpikeU,112,256,B831AE55,0,1,1,4294967295,0,0
MiniSpikeRight,80,240,D2697934,0,1,1,4294967295,0,0
SpikeL,16,256,43FD3CFB,0,1,1,4294967295,0,0
SpikeD,48,288,2E97013F,0,1,1,4294967295,0,0
SpikeR,16,336,BD77909C,0,1,1,4294967295,0,0
MiniSpikeRight,48,352,5A5EE8AE,0,1,1,4294967295,0,0
MiniSpikeUp,80,368,1D350307,0,1,1,4294967295,0,0
MiniSpikeUp,0,448,9D32F59F,0,1,1,4294967295,0,0
MiniSpikeUp,16,448,F688ADBA,0,1,1,4294967295,0,0
MiniSpikeRight,32,480,B897CABD,0,1,1,4294967295,0,0
SpikeU,80,544,C4151800,0,1,1,4294967295,0,0
MiniSpikeUp,128,528,A83A22AF,0,1,1,4294967295,0,0
SpikeL,48,416,6392D4E0,0,1,1,4294967295,0,0
SpikeU,80,384,1BD05AA2,0,1,1,4294967295,0,0
MiniSpikeRight,160,392,A0DEAA10,0,1,1,4294967295,0,0
SpikeR,128,304,942ABF74,0,1,1,4294967295,0,0
MiniSpikeUp,128,368,5E6D1DC7,0,1,1,4294967295,0,0
MiniSpikeUp,144,368,6AD7137F,0,1,1,4294967295,0,0
MiniSpikeDown,144,496,2617CFA5,0,1,1,4294967295,0,0
MiniSpikeUp,224,384,7E8A2392,0,1,1,4294967295,0,0
MiniSpikeUp,192,368,ED3C250C,0,1,1,4294967295,0,0
SpikeU,224,480,2C8A020F,0,1,1,4294967295,0,0
MiniSpikeRight,240,416,F6348662,0,1,1,4294967295,0,0
SpikeU,256,480,B1F77577,0,1,1,4294967295,0,0
SpikeU,272,304,A2C8C2B3,0,1,1,4294967295,0,0
SpikeL,240,336,8CA970D0,0,1,1,4294967295,0,0
SpikeD,272,400,DADFB331,0,1,1,4294967295,0,0
MiniSpikeUp,352,320,AF0CDC53,0,1,1,4294967295,0,0
SpikeU,320,336,2A668041,0,1,1,4294967295,0,0
SpikeD,320,368,47173748,0,1,1,4294967295,0,0
MiniSpikeUp,384,416,A86D2251,0,1,1,4294967295,0,0
SpikeU,304,448,2C48FB1F,0,1,1,4294967295,0,0
MiniSpikeUp,336,480,1AD2E426,0,1,1,4294967295,0,0
MiniSpikeDown,336,512,E1A45F5D,0,1,1,4294967295,0,0
MiniSpikeDown,400,464,739B9845,0,1,1,4294967295,0,0
MiniSpikeDown,384,464,BE6AF874,0,1,1,4294967295,0,0
MiniSpikeUp,368,496,58533942,0,1,1,4294967295,0,0
MiniSpikeRight,432,352,7D3560F1,0,1,1,4294967295,0,0
SpikeL,400,528,66B16FB6,0,1,1,4294967295,0,0
MiniSpikeUp,400,416,80E25606,0,1,1,4294967295,0,0
SpikeR,416,432,E1D8C1DE,0,1,1,4294967295,0,0
SpikeU,432,496,B4AE51C5,0,1,1,4294967295,0,0
MiniSpikeUp,496,528,5091E7F9,0,1,1,4294967295,0,0
MiniSpikeRight,528,544,EEABA515,0,1,1,4294967295,0,0
MiniSpikeUp,512,528,00E66A15,0,1,1,4294967295,0,0
SpikeD,448,400,50CD4E6D,0,1,1,4294967295,0,0
SpikeU,448,368,9FFAEF4C,0,1,1,4294967295,0,0
MiniSpikeUp,496,432,B48DF6BB,0,1,1,4294967295,0,0
SpikeD,544,448,51E54F2C,0,1,1,4294967295,0,0
SpikeU,544,416,58D0D07E,0,1,1,4294967295,0,0
MiniSpikeUp,512,400,61D20DCB,0,1,1,4294967295,0,0
MiniSpikeRight,448,256,A3FA9EA7,0,1,1,4294967295,0,0
MiniSpikeLeft,432,256,589225D1,0,1,1,4294967295,0,0
MiniSpikeLeft,464,320,9C5307A5,0,1,1,4294967295,0,0
SpikeU,480,272,7DCE4312,0,1,1,4294967295,0,0
SpikeL,400,224,47B66A14,0,1,1,4294967295,0,0
MiniSpikeUp,400,288,4AD852CA,0,1,1,4294967295,0,0
SpikeU,400,304,100BD1F4,0,1,1,4294967295,0,0
MiniSpikeRight,512,200,0419D3E4,0,1,1,4294967295,0,0
WallJumpR,784,352,1D940167,0,1,1,4294967295,0,0
WallJumpR,720,240,66400275,0,1,1,4294967295,0,0
WallJumpL,560,368,3FA2E787,0,1,1,4294967295,0,0
WallJumpR,544,192,D47734D3,0,1,1,4294967295,0,0
WallJumpR,544,160,61FB25EF,0,1,1,4294967295,0,0
WallJumpL,432,192,C18E1371,0,1,1,4294967295,0,0
WallJumpR,288,272,840CF849,0,1,1,4294967295,0,0
WallJumpR,112,288,F46EEFC1,0,1,1,4294967295,0,0
WallJumpR,128,544,E99EDE6D,0,1,1,4294967295,0,0
WallJumpR,384,432,76E12323,0,1,1,4294967295,0,0
Cherry,560,128,A84FF1DC,0,1,1,4294967295,0,0
Cherry,592,64,BDE634E8,0,1,1,4294967295,0,0
Cherry,440,152,94B443EB,0,1,1,4294967295,0,0
Cherry,352,272,DAD520D7,0,1,1,4294967295,0,0
Cherry,352,304,0CC1E2D8,0,1,1,4294967295,0,0
Cherry,224,240,6DB6F786,0,1,1,4294967295,0,0
Cherry,480,464,E9AE38A2,0,1,1,4294967295,0,0
Skinner,176,16,71C92CA5,0,1,1,4294967295,0,1
MusicPlayer,112,32,1BC0ECBB,0,1,1,4294967295,0,1
Platform,640,320,63C01E82,0,1,1,4294967295,0,0
Platform,144,176,F8AA5145,0,1,1,4294967295,0,0
Platform,400,384,B04A7F67,0,1,1,4294967295,0,0
PlayerStart,368,320,CB73D6E9,0,1,1,4294967295,0,0
