background113_block,16,48,0,0,32,32,0,1,1,4294967295
background114_miniblock,96,96,0,0,16,16,0,1,1,4294967295
background114_miniblock,96,112,0,0,16,16,0,1,1,4294967295
background114_miniblock,96,128,0,0,16,16,0,1,1,4294967295
background114_miniblock,96,288,0,0,16,16,0,1,1,4294967295
background114_miniblock,96,304,0,0,16,16,0,1,1,4294967295
background114_miniblock,96,320,0,0,16,16,0,1,1,4294967295
background114_miniblock,96,336,0,0,16,16,0,1,1,4294967295
background114_miniblock,16,352,0,0,16,16,0,1,1,4294967295
background114_miniblock,16,368,0,0,16,16,0,1,1,4294967295
background114_miniblock,16,384,0,0,16,16,0,1,1,4294967295
background114_miniblock,16,400,0,0,16,16,0,1,1,4294967295
background114_miniblock,176,240,0,0,16,16,0,1,1,4294967295
background114_miniblock,176,256,0,0,16,16,0,1,1,4294967295
background114_miniblock,208,288,0,0,16,16,0,1,1,4294967295
background114_miniblock,224,288,0,0,16,16,0,1,1,4294967295
background114_miniblock,240,544,0,0,16,16,0,1,1,4294967295
background114_miniblock,416,208,0,0,16,16,0,1,1,4294967295
background114_miniblock,416,224,0,0,16,16,0,1,1,4294967295
background114_miniblock,416,240,0,0,16,16,0,1,1,4294967295
background114_miniblock,416,256,0,0,16,16,0,1,1,4294967295
background114_miniblock,416,272,0,0,16,16,0,1,1,4294967295
background114_miniblock,416,288,0,0,16,16,0,1,1,4294967295
background114_miniblock,320,320,0,0,16,16,0,1,1,4294967295
background114_miniblock,320,336,0,0,16,16,0,1,1,4294967295
background114_miniblock,320,352,0,0,16,16,0,1,1,4294967295
background114_miniblock,288,384,0,0,16,16,0,1,1,4294967295
background114_miniblock,528,320,0,0,16,16,0,1,1,4294967295
background114_miniblock,528,336,0,0,16,16,0,1,1,4294967295
background114_miniblock,576,256,0,0,16,16,0,1,1,4294967295
background114_miniblock,592,256,0,0,16,16,0,1,1,4294967295
background114_miniblock,320,0,0,0,16,16,0,1,1,4294967295
background114_miniblock,320,16,0,0,16,16,0,1,1,4294967295
background114_miniblock,736,352,0,0,16,16,0,1,1,4294967295
background114_miniblock,720,352,0,0,16,16,0,1,1,4294967295
background114_miniblock,720,368,0,0,16,16,0,1,1,4294967295
background114_miniblock,560,432,0,0,16,16,0,1,1,4294967295
background114_miniblock,576,432,0,0,16,16,0,1,1,4294967295
background114_miniblock,560,352,0,0,16,16,0,1,1,4294967295
background114_miniblock,576,352,0,0,16,16,0,1,1,4294967295
background115,704,16,0,0,64,64,0,1,1,4294967295
