Autotiler,16,48,8DDA4626,0,1,1,4294967295,0,1
Warp,272,0,ED22545B,0,1,1,4294967295,0,0
MiniBlock,320,16,2273E27E,0,1,1,4294967295,0,0
MiniBlock,320,0,E37E30E2,0,1,1,4294967295,0,0
Block,496,64,AB57951E,0,1,1,4294967295,0,0
Block,608,96,C6EE195A,0,1,1,4294967295,0,0
Block,576,96,00703CD3,0,1,1,4294967295,0,0
Block,480,144,04F5DF7E,0,1,1,4294967295,0,0
MiniBlock,576,256,18A620AE,0,1,1,4294967295,0,0
MiniBlock,592,256,938C2B76,0,1,1,4294967295,0,0
Block,608,304,1DCED540,0,1,1,4294967295,0,0
Block,608,336,610BDC72,0,1,1,4294967295,0,0
Block,752,256,8140D9CA,0,1,1,4294967295,0,0
Block,752,224,4D80F190,0,1,1,4294967295,0,0
Block,720,224,B8EFF599,0,1,1,4294967295,0,0
Block,672,368,6D5AFB27,0,1,1,4294967295,0,0
MiniBlock,720,352,BA919CAC,0,1,1,4294967295,0,0
MiniBlock,736,352,6889FEF6,0,1,1,4294967295,0,0
MiniBlock,720,368,A3C2C7AA,0,1,1,4294967295,0,0
Block,784,432,67BCCA54,0,1,1,4294967295,0,0
Block,784,400,DE707858,0,1,1,4294967295,0,0
Block,784,464,76C63F71,0,1,1,4294967295,0,0
Block,752,464,169FB463,0,1,1,4294967295,0,0
Block,784,576,9C916C6F,0,1,1,4294967295,0,0
Block,752,576,A900C916,0,1,1,4294967295,0,0
Block,720,576,047A9A7A,0,1,1,4294967295,0,0
Block,720,560,CEF966ED,0,1,1,4294967295,0,0
Block,688,592,4337BF5D,0,1,1,4294967295,0,0
Block,656,592,5ECBFF34,0,1,1,4294967295,0,0
Block,672,464,8D8C7B1A,0,1,1,4294967295,0,0
Block,576,496,BABBB825,0,1,1,4294967295,0,0
MiniBlock,560,432,90D259B0,0,1,1,4294967295,0,0
MiniBlock,576,432,7287D717,0,1,1,4294967295,0,0
Block,512,416,56E109E4,0,1,1,4294967295,0,0
Block,512,384,AE1EC46F,0,1,1,4294967295,0,0
Block,512,352,A37686A8,0,1,1,4294967295,0,0
MiniBlock,528,336,0155412B,0,1,1,4294967295,0,0
MiniBlock,528,320,D315400E,0,1,1,4294967295,0,0
MiniBlock,416,240,99D95ED4,0,1,1,4294967295,0,0
MiniBlock,416,224,A8BF5C00,0,1,1,4294967295,0,0
Block,480,176,51A2B838,0,1,1,4294967295,0,0
Block,480,240,B62414F8,0,1,1,4294967295,0,0
Block,480,208,5C947D81,0,1,1,4294967295,0,0
MiniBlock,416,288,3B6A554F,0,1,1,4294967295,0,0
MiniBlock,416,272,1DE8CDD3,0,1,1,4294967295,0,0
MiniBlock,416,256,58F790FF,0,1,1,4294967295,0,0
MiniBlock,416,208,0F344BBB,0,1,1,4294967295,0,0
Block,432,80,2183EEA5,0,1,1,4294967295,0,0
Block,432,48,4CE647CE,0,1,1,4294967295,0,0
Block,240,-16,BE7E0276,0,1,1,4294967295,0,0
Block,352,80,8405E5BA,0,1,1,4294967295,0,0
Block,352,112,4696A6D7,0,1,1,4294967295,0,0
Block,320,112,23AE1585,0,1,1,4294967295,0,0
Block,288,112,A19177F2,0,1,1,4294967295,0,0
Block,416,336,A9172498,0,1,1,4294967295,0,0
Block,416,304,08348CBF,0,1,1,4294967295,0,0
Block,80,64,C2F79C24,0,1,1,4294967295,0,0
MiniBlock,96,96,70863B2A,0,1,1,4294967295,0,0
MiniBlock,96,112,686D85FA,0,1,1,4294967295,0,0
MiniBlock,96,128,1CABA04D,0,1,1,4294967295,0,0
Block,208,480,3367DE33,0,1,1,4294967295,0,0
Block,208,144,FCBABAC0,0,1,1,4294967295,0,0
MiniBlock,96,336,76BA3104,0,1,1,4294967295,0,0
MiniBlock,16,400,BA446488,0,1,1,4294967295,0,0
MiniBlock,16,384,8078A019,0,1,1,4294967295,0,0
MiniBlock,16,368,5C08B089,0,1,1,4294967295,0,0
MiniBlock,16,352,B7B63679,0,1,1,4294967295,0,0
Block,-16,144,9FC0488E,0,1,1,4294967295,0,0
Block,384,304,AD55A46D,0,1,1,4294967295,0,0
Block,304,288,2AA21A61,0,1,1,4294967295,0,0
MiniBlock,320,320,B9B82EBA,0,1,1,4294967295,0,0
MiniBlock,320,336,DA4CFD62,0,1,1,4294967295,0,0
MiniBlock,320,352,9A3CF0A3,0,1,1,4294967295,0,0
Block,400,496,A416D64C,0,1,1,4294967295,0,0
Block,320,448,260C4795,0,1,1,4294967295,0,0
Block,320,368,023E847D,0,1,1,4294967295,0,0
MiniBlock,288,384,35FD85BC,0,1,1,4294967295,0,0
MiniBlock,240,544,4F1B5031,0,1,1,4294967295,0,0
Block,224,592,C6C09BA9,0,1,1,4294967295,0,0
Block,224,560,4E470EF0,0,1,1,4294967295,0,0
Block,208,448,475B0C39,0,1,1,4294967295,0,0
Block,176,304,11D4076F,0,1,1,4294967295,0,0
Block,208,304,FBE2FAF0,0,1,1,4294967295,0,0
Block,112,448,FD83CD61,0,1,1,4294967295,0,0
Block,240,16,B5FBB52A,0,1,1,4294967295,0,0
Block,240,48,96DCA8DD,0,1,1,4294967295,0,0
Block,208,16,6706BC25,0,1,1,4294967295,0,0
Block,224,176,1066643B,0,1,1,4294967295,0,0
Block,144,128,2133BA4A,0,1,1,4294967295,0,0
MiniBlock,224,288,AEEB1105,0,1,1,4294967295,0,0
MiniBlock,208,288,74DD146F,0,1,1,4294967295,0,0
MiniBlock,176,256,1E8193E2,0,1,1,4294967295,0,0
MiniBlock,176,240,595DCBC5,0,1,1,4294967295,0,0
Block,176,272,AC20701A,0,1,1,4294967295,0,0
MiniBlock,96,320,9AB0C996,0,1,1,4294967295,0,0
MiniBlock,96,304,CF1C5F2E,0,1,1,4294967295,0,0
MiniBlock,96,288,E86342A4,0,1,1,4294967295,0,0
Block,112,208,790815A2,0,1,1,4294967295,0,0
Block,80,144,2EE67F1D,0,1,1,4294967295,0,0
Block,32,384,736DD8BF,0,1,1,4294967295,0,0
Block,64,384,82545120,0,1,1,4294967295,0,0
MiniBlock,576,352,522ECACF,0,1,1,4294967295,0,0
MiniBlock,560,352,EFF7BA6E,0,1,1,4294967295,0,0
SavePointVeryHard,576,464,7C1E5373,0,1,1,4294967295,0,0
SavePointVeryHard,288,352,C62A831B,0,1,1,4294967295,0,0
SavePointVeryHard,32,352,07A11BBA,0,1,1,4294967295,0,0
Water2,528,-16,15DCBC7C,0,1,1,4294967295,0,0
Water2,528,16,BABA30CE,0,1,1,4294967295,0,0
Water2,528,48,9A34EE3F,0,1,1,4294967295,0,0
Water2,720,256,97B4C682,0,1,1,4294967295,0,0
Water2,720,288,AA235AC9,0,1,1,4294967295,0,0
Water2,720,320,45019623,0,1,1,4294967295,0,0
Water2,672,560,48EB7AB8,0,1,1,4294967295,0,0
Water2,544,400,2D357FA0,0,1,1,4294967295,0,0
Water2,464,272,FC3C02AB,0,1,1,4294967295,0,0
Water2,432,272,AE75AEAA,0,1,1,4294967295,0,0
Water3,384,96,9865B8EB,0,1.5,0.5,4294967295,0,0
Water2,144,272,506D4C95,0,1,1,4294967295,0,0
Water2,144,304,C6E1C833,0,1,1,4294967295,0,0
Water2,144,336,D0414FF2,0,1,1,4294967295,0,0
Water3,352,368,F3CAB383,0,1,1,4294967295,0,0
Water2,32,208,716ED966,0,1,1,4294967295,0,0
Water2,32,240,B2CF3A4D,0,1,1,4294967295,0,0
MiniSpikeDown,720,384,816A5FD7,0,1,1,4294967295,0,0
MiniSpikeRight,400,64,ADD0E26D,0,1,1,4294967295,0,0
SpikeR,560,-16,0F2A6A55,0,1,1,4294967295,0,0
SpikeL,528,-16,425383EB,0,1,1,4294967295,0,0
SpikeU,752,192,E56877E1,0,1,1,4294967295,0,0
MiniSpikeUp,736,208,BCF15614,0,1,1,4294967295,0,0
SpikeU,608,64,C1D53CC8,0,1,1,4294967295,0,0
SpikeU,496,32,4F621B54,0,1,1,4294967295,0,0
SpikeU,576,64,A7814BDE,0,1,1,4294967295,0,0
SpikeR,528,64,0C9BF51B,0,1,1,4294967295,0,0
MiniSpikeRight,640,128,0D0B27DB,0,1,1,4294967295,0,0
MiniSpikeLeft,560,128,13FE0EBC,0,1,1,4294967295,0,0
SpikeR,608,128,5A4350F4,0,1,1,4294967295,0,0
SpikeL,576,128,041775BC,0,1,1,4294967295,0,0
SpikeD,608,192,F51265BC,0,1,1,4294967295,0,0
SpikeL,560,192,211E8012,0,1,1,4294967295,0,0
SpikeU,480,112,62D54183,0,1,1,4294967295,0,0
SpikeU,576,224,57DF3805,0,1,1,4294967295,0,0
SpikeU,672,336,954E9A64,0,1,1,4294967295,0,0
SpikeD,656,272,9122F7AB,0,1,1,4294967295,0,0
SpikeU,656,240,1F027287,0,1,1,4294967295,0,0
SpikeL,672,192,E9B41CE9,0,1,1,4294967295,0,0
SpikeR,704,192,1979322C,0,1,1,4294967295,0,0
SpikeL,720,256,D0B8E5B1,0,1,1,4294967295,0,0
SpikeU,720,320,BC7A0E4C,0,1,1,4294967295,0,0
SpikeU,784,368,35A4F253,0,1,1,4294967295,0,0
MiniSpikeRight,752,352,57BD702A,0,1,1,4294967295,0,0
MiniSpikeLeft,768,448,DEE51196,0,1,1,4294967295,0,0
MiniSpikeLeft,768,432,83BAA9FC,0,1,1,4294967295,0,0
SpikeL,752,400,2A36EC92,0,1,1,4294967295,0,0
SpikeU,768,544,51873FD2,0,1,1,4294967295,0,0
SpikeU,720,528,FFE99EA1,0,1,1,4294967295,0,0
SpikeU,656,496,A825DE2E,0,1,1,4294967295,0,0
SpikeD,656,528,1A1C6BCD,0,1,1,4294967295,0,0
SpikeU,688,560,05850479,0,1,1,4294967295,0,0
SpikeU,656,560,0D8F9260,0,1,1,4294967295,0,0
SpikeL,720,464,4CFFB31A,0,1,1,4294967295,0,0
SpikeL,640,464,DD50DF21,0,1,1,4294967295,0,0
SpikeU,672,432,40093CCF,0,1,1,4294967295,0,0
SpikeD,640,400,64AC6377,0,1,1,4294967295,0,0
MiniSpikeRight,592,432,AD5A1A32,0,1,1,4294967295,0,0
MiniSpikeLeft,544,432,D927BA04,0,1,1,4294967295,0,0
MiniSpikeUp,528,304,4BEA0E47,0,1,1,4294967295,0,0
SpikeU,560,400,82F44D16,0,1,1,4294967295,0,0
SpikeL,480,416,4922302A,0,1,1,4294967295,0,0
SpikeL,448,400,A39351B6,0,1,1,4294967295,0,0
SpikeL,480,384,DAF9CDE1,0,1,1,4294967295,0,0
MiniSpikeUp,512,336,1C483890,0,1,1,4294967295,0,0
SpikeR,512,208,B618F95E,0,1,1,4294967295,0,0
SpikeD,480,272,A2102200,0,1,1,4294967295,0,0
MiniSpikeUp,432,288,F20DCAB6,0,1,1,4294967295,0,0
SpikeL,448,208,24BEA97E,0,1,1,4294967295,0,0
SpikeD,432,112,0CCE37D7,0,1,1,4294967295,0,0
MiniSpikeDown,416,192,1C4312C8,0,1,1,4294967295,0,0
MiniSpikeUp,416,176,CFB48751,0,1,1,4294967295,0,0
SpikeL,400,80,50C25757,0,1,1,4294967295,0,0
MiniSpikeLeft,384,64,EDEE50B9,0,1,1,4294967295,0,0
MiniSpikeLeft,320,272,DD3DA889,0,1,1,4294967295,0,0
MiniSpikeDown,320,32,D229D795,0,1,1,4294967295,0,0
MiniSpikeUp,288,96,47D4EE73,0,1,1,4294967295,0,0
SpikeU,304,80,3058FBED,0,1,1,4294967295,0,0
SpikeR,336,-16,CAF2D2AD,0,1,1,4294967295,0,0
SpikeU,352,48,009D9C3A,0,1,1,4294967295,0,0
MiniSpikeUp,304,272,78E365A7,0,1,1,4294967295,0,0
MiniSpikeLeft,288,288,9F6BD093,0,1,1,4294967295,0,0
MiniSpikeLeft,336,216,874997ED,0,1,1,4294967295,0,0
MiniSpikeRight,352,216,D1D00A3F,0,1,1,4294967295,0,0
SpikeR,352,144,6204DA35,0,1,1,4294967295,0,0
SpikeL,320,144,CBBC0601,0,1,1,4294967295,0,0
MiniSpikeRight,384,224,F4C943BF,0,1,1,4294967295,0,0
MiniSpikeLeft,368,224,34D97689,0,1,1,4294967295,0,0
SpikeD,416,368,353EC463,0,1,1,4294967295,0,0
SpikeL,384,240,9AFE2F08,0,1,1,4294967295,0,0
SpikeU,208,-16,680A8134,0,1,1,4294967295,0,0
SpikeU,80,32,5D5282F8,0,1,1,4294967295,0,0
MiniSpikeUp,16,336,4600F260,0,1,1,4294967295,0,0
SpikeU,-16,112,AB28CA82,0,1,1,4294967295,0,0
MiniSpikeRight,368,312,325CF917,0,1,1,4294967295,0,0
MiniSpikeRight,336,272,05D1CB56,0,1,1,4294967295,0,0
MiniSpikeLeft,352,312,F8254E12,0,1,1,4294967295,0,0
MiniSpikeUp,336,352,A2068337,0,1,1,4294967295,0,0
SpikeU,368,352,4785BEBF,0,1,1,4294967295,0,0
SpikeD,368,384,65DF1263,0,1,1,4294967295,0,0
MiniSpikeUp,416,448,5AEC546C,0,1,1,4294967295,0,0
MiniSpikeDown,416,464,D03FB6CF,0,1,1,4294967295,0,0
SpikeR,352,448,C084909E,0,1,1,4294967295,0,0
SpikeR,368,544,89A54BDD,0,1,1,4294967295,0,0
SpikeL,336,544,73E89A60,0,1,1,4294967295,0,0
MiniSpikeDown,336,400,FE278BE5,0,1,1,4294967295,0,0
MiniSpikeDown,320,400,33EE4E81,0,1,1,4294967295,0,0
MiniSpikeUp,336,432,06570B2D,0,1,1,4294967295,0,0
MiniSpikeUp,320,432,77ECBB96,0,1,1,4294967295,0,0
SpikeD,320,480,0ACD8C3B,0,1,1,4294967295,0,0
MiniSpikeRight,272,384,F82718E4,0,1,1,4294967295,0,0
MiniSpikeLeft,256,384,748C46F2,0,1,1,4294967295,0,0
MiniSpikeUp,240,528,935943A9,0,1,1,4294967295,0,0
MiniSpikeUp,224,544,4E495B4A,0,1,1,4294967295,0,0
SpikeD,256,480,DECE67A9,0,1,1,4294967295,0,0
SpikeU,256,448,771084F8,0,1,1,4294967295,0,0
SpikeU,208,416,B06FA81D,0,1,1,4294967295,0,0
SpikeD,256,288,AC2F3E29,0,1,1,4294967295,0,0
SpikeU,256,256,86E365EA,0,1,1,4294967295,0,0
SpikeU,112,416,C9DDA78C,0,1,1,4294967295,0,0
SpikeD,240,80,1112F967,0,1,1,4294967295,0,0
SpikeD,208,48,DAABF429,0,1,1,4294967295,0,0
MiniSpikeUp,80,128,A50F8468,0,1,1,4294967295,0,0
SpikeD,128,96,AEE9A9FF,0,1,1,4294967295,0,0
SpikeL,176,16,FE5E1854,0,1,1,4294967295,0,0
MiniSpikeUp,128,192,33D92D71,0,1,1,4294967295,0,0
MiniSpikeUp,112,192,B56440C0,0,1,1,4294967295,0,0
SpikeU,144,96,C025F899,0,1,1,4294967295,0,0
SpikeR,176,128,6CF811C7,0,1,1,4294967295,0,0
MiniSpikeUp,208,272,28BCA212,0,1,1,4294967295,0,0
SpikeD,224,208,92B2A5E0,0,1,1,4294967295,0,0
SpikeL,192,176,D66F508F,0,1,1,4294967295,0,0
MiniSpikeUp,192,256,6A47AEB2,0,1,1,4294967295,0,0
MiniSpikeUp,176,224,6D9188F2,0,1,1,4294967295,0,0
SpikeR,176,352,349C7351,0,1,1,4294967295,0,0
SpikeL,144,352,39EB9B30,0,1,1,4294967295,0,0
MiniSpikeRight,112,320,22A12180,0,1,1,4294967295,0,0
MiniSpikeUp,144,256,3C01D72D,0,1,1,4294967295,0,0
MiniSpikeUp,128,256,405615FD,0,1,1,4294967295,0,0
MiniSpikeUp,96,272,9A2BC5EF,0,1,1,4294967295,0,0
SpikeD,128,272,9C029350,0,1,1,4294967295,0,0
SpikeL,48,144,8839BE8B,0,1,1,4294967295,0,0
SpikeR,16,144,1B1A3816,0,1,1,4294967295,0,0
SpikeD,32,208,B945C9DB,0,1,1,4294967295,0,0
MiniSpikeRight,48,264,CCC00D58,0,1,1,4294967295,0,0
MiniSpikeLeft,32,264,A83D2721,0,1,1,4294967295,0,0
SpikeD,32,320,54DC6155,0,1,1,4294967295,0,0
SpikeU,64,352,7B3A2B39,0,1,1,4294967295,0,0
WallJumpR,720,224,35F144DF,0,1,1,4294967295,0,0
WallJumpL,416,336,5A4E14A2,0,1,1,4294967295,0,0
WallJumpL,400,224,60E1EC23,0,1,1,4294967295,0,0
WallJumpL,224,592,AC40CE43,0,1,1,4294967295,0,0
WallJumpL,224,560,B581E2D2,0,1,1,4294967295,0,0
WallJumpL,112,448,152BA062,0,1,1,4294967295,0,0
WallJumpR,144,128,D022A45C,0,1,1,4294967295,0,0
SpikeU,560,320,CED4BF00,0,1,1,4294967295,0,0
Cherry,528,112,062B3800,0,1,1,4294967295,0,0
Cherry,432,432,9CFBC420,0,1,1,4294967295,0,0
Cherry,256,128,23153A7A,0,1,1,4294967295,0,0
Cherry,256,336,F81D2212,0,1,1,4294967295,0,0
Cherry,272,224,93A1C2AF,0,1,1,4294967295,0,0
Cherry,80,272,40FC26D7,0,1,1,4294967295,0,0
Skinner,8,128,E476B315,0,1,1,4294967295,0,1
Platform,560,160,171375C3,0,1,1,4294967295,0,0
Platform,688,224,B77C3D82,0,1,1,4294967295,0,0
Platform,352,176,B760D212,0,1,1,4294967295,0,0
Platform,320,176,D8208924,0,1,1,4294967295,0,0
Platform,176,336,2B083E7E,0,1,1,4294967295,0,0
MusicPlayer,96,480,78131D9A,0,1,1,4294967295,0,1
AutoSaver,32,352,FE89A086,0,1,1,4294967295,0,0
PlayerStart,32,352,51466D1E,0,1,1,4294967295,0,0
