Warp,96,336,984DF850,0,1,1,4294967295,0,0
Block,400,352,3C3222C8,0,1,1,4294967295,0,0
Block,432,352,B3BE3AC0,0,1,1,4294967295,0,0
Block,352,336,9850AFA5,0,0.5,1,4294967295,0,0
Block,256,336,2F6A86F8,0,1,1,4294967295,0,0
Block,256,368,D6321252,0,1,1,4294967295,0,0
Block,256,400,9BEFA1E8,0,1,1,4294967295,0,0
Block,288,400,8BD4532D,0,1,1,4294967295,0,0
Block,288,224,F6A54CFB,0,1,1,4294967295,0,0
Block,224,192,20185BF8,0,1,1,4294967295,0,0
Block,224,224,2D54BFC3,0,1,1,4294967295,0,0
Block,336,528,22E6306C,0,1,1,4294967295,0,0
Block,336,560,D7AD2348,0,1,1,4294967295,0,0
Block,368,560,B3C53560,0,1,1,4294967295,0,0
Block,368,528,71A1C275,0,1,1,4294967295,0,0
Block,448,432,BDAF7B8F,0,1,1,4294967295,0,0
Block,432,528,3E163623,0,0.5,1,4294967295,0,0
Block,192,336,B5440AE6,0,1,1,4294967295,0,0
Block,192,368,DA8BA9C1,0,1,1,4294967295,0,0
Block,160,368,02F1E25B,0,1,1,4294967295,0,0
Block,544,352,DFCF64F3,0,1,1,4294967295,0,0
Block,544,384,464F27BA,0,1,1,4294967295,0,0
Block,528,480,A8EF0512,0,1,1,4294967295,0,0
Block,448,384,E2A10ED3,0,0.5,1.5,4294967295,0,0
Block,464,320,847B9452,0,0.5,1.5,4294967295,0,0
Block,448,288,DC2AD9AB,0,1,1,4294967295,0,0
Block,608,256,73787FE2,0,1,1,4294967295,0,0
Block,608,288,56F810C6,0,1,1,4294967295,0,0
Block,528,512,AFB69391,0,1,1,4294967295,0,0
Block,560,512,36A51CCC,0,1,1,4294967295,0,0
Block,640,448,F965ED9E,0,1,1,4294967295,0,0
Block,640,416,49795B43,0,1,1,4294967295,0,0
Block,640,384,C6F69FBB,0,1,1,4294967295,0,0
Block,640,352,A6A0C487,0,1,1,4294967295,0,0
Block,640,320,0B1D4A40,0,1,1,4294967295,0,0
Block,640,288,A1D44DEC,0,1,1,4294967295,0,0
Block,592,576,D96E7361,0,1,1,4294967295,0,0
Block,688,512,9AD897AA,0,1,1,4294967295,0,0
Block,688,544,8529C4CF,0,1,1,4294967295,0,0
Block,736,448,1DA2C6D2,0,1,1,4294967295,0,0
Block,784,496,9A65825C,0,1,1,4294967295,0,0
Block,736,416,E2ACE6C8,0,1,1,4294967295,0,0
Block,736,320,4971D188,0,1,1,4294967295,0,0
Block,768,320,22AAEF36,0,1,1,4294967295,0,0
Block,640,224,CCE83FBF,0,1,1,4294967295,0,0
Block,640,256,81717D5F,0,1,1,4294967295,0,0
Block,768,192,8ED81DD5,0,1,1,4294967295,0,0
Block,640,192,CCDB0EBB,0,1,1,4294967295,0,0
Block,608,224,8EF346AC,0,1,1,4294967295,0,0
Block,576,80,EAF28CAF,0,1,1,4294967295,0,0
Block,576,112,61334968,0,1,1,4294967295,0,0
Block,512,112,9A3A5A24,0,1,1,4294967295,0,0
Block,512,80,2B26AEAC,0,1,1,4294967295,0,0
Block,480,80,CA88510C,0,1,1,4294967295,0,0
Block,480,112,493FDC61,0,1,1,4294967295,0,0
Block,448,192,730500ED,0,1,1,4294967295,0,0
Block,384,32,FE29E62D,0,1,1,4294967295,0,0
Block,352,32,7102ABA2,0,1,1,4294967295,0,0
Block,352,64,E218563A,0,1,1,4294967295,0,0
Block,352,96,B0971130,0,1,1,4294967295,0,0
Block,352,128,77C18D9B,0,1,1,4294967295,0,0
Block,288,-16,5121C3FD,0,1,1,4294967295,0,0
Block,224,160,0FE7CECE,0,1,1,4294967295,0,0
Block,224,0,530FD210,0,1,1,4294967295,0,0
Block,768,96,64045871,0,1,1,4294967295,0,0
Block,768,64,F10E2387,0,1,1,4294967295,0,0
Block,576,144,7BE77A74,0,0.5,1,4294967295,0,0
Block,448,224,A15CB842,0,1,1,4294967295,0,0
Block,448,256,39665AAD,0,1,1,4294967295,0,0
Block,192,0,35055E1F,0,1,1,4294967295,0,0
Block,192,32,23BB0520,0,1,1,4294967295,0,0
Block,192,128,0DBB883C,0,1,1,4294967295,0,0
Block,192,64,7045374F,0,1,1,4294967295,0,0
Block,192,96,A2256655,0,1,1,4294967295,0,0
Block,192,160,B4A4F57B,0,1,1,4294967295,0,0
Block,128,368,7C455507,0,1,1,4294967295,0,0
Block,144,480,6119A5B2,0,1,1,4294967295,0,0
Block,288,432,5D190FB2,0,1,1,4294967295,0,0
Block,288,464,81A2B916,0,1,1,4294967295,0,0
Block,240,496,D995C73D,0,1,1,4294967295,0,0
SavePointVeryHard,432,320,76374841,0,1,1,4294967295,0,0
Water3,384,496,EE6482CA,0,0.5,1,4294967295,0,0
CatharsisWater,256,256,AB4C4ABB,0,1,2.5,4294967295,0,0
Water3,576,352,B69FDF28,0,1,0.5,4294967295,0,0
CatharsisWater,608,384,D6D7950E,0,0.5,4.5,4294967295,0,0
CatharsisWater,688,400,C98660C6,0,1,3.5,4294967295,0,0
Water2,672,320,76E44CD2,0,1.5,0.5,4294967295,0,0
Water2,720,288,37185033,0,0.5,1,4294967295,0,0
Water2,736,192,89239EA9,0,0.5,2,4294967295,0,0
Water2,416,48,E5249DA2,0,1,2,4294967295,0,0
Water3,256,0,7C903ED5,0,1,1,4294967295,0,0
Water3,288,16,CCA92058,0,0.5,0.5,4294967295,0,0
SavePointVeryHard,768,160,793216FE,0,1,1,4294967295,0,0
CatharsisWater,576,176,7AFAE7BF,0,0.5,3,4294967295,0,0
Water2,416,0,402E99B8,0,1,1.5,4294967295,0,0
Water2,96,384,46191826,0,0.5,1.5,4294967295,0,0
SpikeU,400,320,E3759757,0,1,1,4294967295,0,0
SpikeR,384,256,ACE7A5BB,0,1,1,4294967295,0,0
SpikeL,336,288,D818FC2E,0,1,1,4294967295,0,0
SpikeL,352,224,75E35384,0,1,1,4294967295,0,0
MiniSpikeUp,352,320,0404A359,0,1,1,4294967295,0,0
SpikeR,320,400,BD8DD0DC,0,1,1,4294967295,0,0
SpikeU,288,368,C538213D,0,1,1,4294967295,0,0
SpikeU,256,304,B946E5E7,0,1,1,4294967295,0,0
MiniSpikeDown,256,256,AB4C569C,0,1,1,4294967295,0,0
MiniSpikeDown,272,256,7A53EA6D,0,1,1,4294967295,0,0
SpikeU,352,464,5D4D1B5D,0,1,1,4294967295,0,0
SpikeU,336,496,79BCC76D,0,1,1,4294967295,0,0
SpikeU,368,496,B91E9643,0,1,1,4294967295,0,0
SpikeL,416,432,4DB42E31,0,1,1,4294967295,0,0
MiniSpikeUp,432,512,B92DC65A,0,1,1,4294967295,0,0
SpikeL,192,224,DC5DF21C,0,1,1,4294967295,0,0
SpikeU,192,304,87D41B9D,0,1,1,4294967295,0,0
SpikeU,160,336,30BD3EE0,0,1,1,4294967295,0,0
SpikeR,480,432,431D644F,0,1,1,4294967295,0,0
SpikeL,496,480,80F5462E,0,1,1,4294967295,0,0
SpikeL,512,368,D6A6C46A,0,1,1,4294967295,0,0
MiniSpikeUp,528,464,A26D00DA,0,1,1,4294967295,0,0
MiniSpikeUp,544,464,C714CF1B,0,1,1,4294967295,0,0
MiniSpikeDown,464,368,5A03C3B7,0,1,1,4294967295,0,0
SpikeR,480,336,18168082,0,1,1,4294967295,0,0
MiniSpikeLeft,528,400,D9BA2FD8,0,1,1,4294967295,0,0
MiniSpikeUp,544,336,8EB759C8,0,1,1,4294967295,0,0
MiniSpikeUp,560,336,D05D93F0,0,1,1,4294967295,0,0
SpikeL,544,272,C4765D23,0,1,1,4294967295,0,0
SpikeL,576,288,91B3EB69,0,1,1,4294967295,0,0
SpikeL,576,256,B244FB04,0,1,1,4294967295,0,0
SpikeU,592,352,E68DA037,0,1,1,4294967295,0,0
MiniSpikeDown,560,416,E88557F4,0,1,1,4294967295,0,0
SpikeD,592,384,D99874C6,0,1,1,4294967295,0,0
SpikeL,608,448,FDB898F5,0,1,1,4294967295,0,0
SpikeR,592,512,EDF65DD6,0,1,1,4294967295,0,0
SpikeU,560,480,09C91E05,0,1,1,4294967295,0,0
SpikeU,592,544,23495E62,0,1,1,4294967295,0,0
MiniSpikeRight,576,384,23125AC6,0,1,1,4294967295,0,0
MiniSpikeRight,400,544,D3B1DCDE,0,1,1,4294967295,0,0
MiniSpikeLeft,416,544,16E62C59,0,1,1,4294967295,0,0
SpikeL,672,384,BDF07690,0,1,1,4294967295,0,0
SpikeU,688,480,A87037C2,0,1,1,4294967295,0,0
SpikeR,704,384,277BDCCB,0,1,1,4294967295,0,0
SpikeD,784,432,7B6DA07D,0,1,1,4294967295,0,0
SpikeU,784,400,3CE4E26A,0,1,1,4294967295,0,0
SpikeD,704,320,D064EABB,0,1,1,4294967295,0,0
SpikeU,704,288,8155EA91,0,1,1,4294967295,0,0
MiniSpikeUp,736,304,972D8CCE,0,1,1,4294967295,0,0
MiniSpikeUp,752,304,53DB9284,0,1,1,4294967295,0,0
SpikeU,768,288,7DE6ABDF,0,1,1,4294967295,0,0
SpikeR,672,224,B89F9F17,0,1,1,4294967295,0,0
SpikeL,704,224,B472CD4C,0,1,1,4294967295,0,0
SpikeD,720,192,03AADF58,0,1,1,4294967295,0,0
SpikeD,704,112,8C51D5BF,0,1,1,4294967295,0,0
SpikeU,640,160,67BBBB5E,0,1,1,4294967295,0,0
SpikeU,608,192,09FA5F43,0,1,1,4294967295,0,0
SpikeR,480,192,832FF95C,0,1,1,4294967295,0,0
SpikeR,640,96,E306EB59,0,1,1,4294967295,0,0
SpikeR,608,112,2AD45B6C,0,1,1,4294967295,0,0
SpikeR,608,80,F206E466,0,1,1,4294967295,0,0
SpikeU,576,48,203D14FA,0,1,1,4294967295,0,0
SpikeR,544,96,276C77CA,0,1,1,4294967295,0,0
SpikeU,288,192,360E6B5D,0,1,1,4294967295,0,0
SpikeL,416,96,086DF274,0,1,1,4294967295,0,0
SpikeR,448,96,C48049DA,0,1,1,4294967295,0,0
SpikeR,416,32,0C6B200C,0,1,1,4294967295,0,0
SpikeD,352,160,D4716B28,0,1,1,4294967295,0,0
SpikeL,320,80,1FB99AB6,0,1,1,4294967295,0,0
SpikeD,288,96,E9592926,0,1,1,4294967295,0,0
SpikeD,288,16,6EDDB61E,0,1,1,4294967295,0,0
SpikeU,256,64,3EC612A2,0,1,1,4294967295,0,0
SpikeU,224,128,1D864CC0,0,1,1,4294967295,0,0
SpikeR,256,-16,73D0C6DE,0,1,1,4294967295,0,0
SpikeL,736,96,3CBB9787,0,1,1,4294967295,0,0
SpikeU,768,32,577DFB7B,0,1,1,4294967295,0,0
SpikeL,512,192,40598D91,0,1,1,4294967295,0,0
MiniSpikeUp,464,176,32292618,0,1,1,4294967295,0,0
SpikeU,240,464,B3982C3E,0,1,1,4294967295,0,0
SpikeD,288,496,80AA065D,0,1,1,4294967295,0,0
SpikeU,144,448,7C06E710,0,1,1,4294967295,0,0
SpikeR,112,400,C445D4B9,0,1,1,4294967295,0,0
SpikeL,96,368,40A84040,0,1,1,4294967295,0,0
MiniSpikeLeft,272,0,3F88FD6A,0,1,1,4294967295,0,0
SpikeU,480,48,26308819,0,1,1,4294967295,0,0
SpikeU,512,48,F05BBB36,0,1,1,4294967295,0,0
SpikeU,256,224,811CD700,0,1,1,4294967295,0,0
WallJumpR,352,336,A8361647,0,1,1,4294967295,0,0
WallJumpL,416,528,6D98643A,0,1,1,4294967295,0,0
WallJumpL,592,576,AEA4BFC1,0,1,1,4294967295,0,0
WallJumpL,640,416,A76A7CDA,0,1,1,4294967295,0,0
WallJumpR,608,224,989C70FA,0,1,1,4294967295,0,0
WallJumpR,576,112,52DD52B8,0,1,1,4294967295,0,0
WallJumpL,224,192,D37AE8EE,0,1,1,4294967295,0,0
WallJumpR,144,480,079F7DA4,0,1,1,4294967295,0,0
CherryGray,432,272,E643D04C,0,1,1,4294967295,0,0
CherryGray,384,368,A8FB60E0,0,1,1,4294967295,0,0
Platform,672,416,D24CD356,0,0.5,2,4294967295,0,0
CherryGray,496,272,B38D5FBA,0,1,1,4294967295,0,0
Platform,544,128,B4DFFEB7,0,1,1,4294967295,0,0
CherryGray,160,320,6F27D340,0,1,1,4294967295,0,0
CherryGray,168,288,4A8DA860,0,1,1,4294967295,0,0
CherryGray,176,256,3D98964C,0,1,1,4294967295,0,0
CherryGray,288,544,3B356F8D,0,1,1,4294967295,0,0
AutoSaver,432,320,34F75D55,0,1,1,4294967295,0,0
MusicPlayer,80,248,321D9AEF,0,1,1,4294967295,0,1
PlayerStart,432,320,CF2B7335,0,1,1,4294967295,0,0
