background154_block,160,128,0,0,32,32,0,1,1,4294967295
background154_block,160,160,0,0,32,32,0,1,1,4294967295
background154_block,160,192,0,0,32,32,0,1,1,4294967295
background154_block,160,224,0,0,32,32,0,1,1,4294967295
background154_block,160,256,0,0,32,32,0,1,1,4294967295
background154_block,160,288,0,0,32,32,0,1,1,4294967295
background154_block,160,320,0,0,32,32,0,1,1,4294967295
background154_block,160,352,0,0,32,32,0,1,1,4294967295
background154_block,160,384,0,0,32,32,0,1,1,4294967295
background154_block,160,416,0,0,32,32,0,1,1,4294967295
background154_block,160,448,0,0,32,32,0,1,1,4294967295
background154_block,160,480,0,0,32,32,0,1,1,4294967295
background154_block,160,512,0,0,32,32,0,1,1,4294967295
background154_block,160,544,0,0,32,32,0,1,1,4294967295
background154_block,160,576,0,0,32,32,0,1,1,4294967295
background154_block,608,0,0,0,32,32,0,1,1,4294967295
background154_block,608,32,0,0,32,32,0,1,1,4294967295
background154_block,608,64,0,0,32,32,0,1,1,4294967295
background154_block,608,96,0,0,32,32,0,1,1,4294967295
background154_block,608,128,0,0,32,32,0,1,1,4294967295
background154_block,608,160,0,0,32,32,0,1,1,4294967295
background154_block,608,192,0,0,32,32,0,1,1,4294967295
background154_block,608,224,0,0,32,32,0,1,1,4294967295
background154_block,608,256,0,0,32,32,0,1,1,4294967295
background154_block,608,288,0,0,32,32,0,1,1,4294967295
background154_block,608,320,0,0,32,32,0,1,1,4294967295
background154_block,608,352,0,0,32,32,0,1,1,4294967295
background154_block,608,384,0,0,32,32,0,1,1,4294967295
background154_block,608,512,0,0,32,32,0,1,1,4294967295
background154_block,608,544,0,0,32,32,0,1,1,4294967295
background154_block,608,576,0,0,32,32,0,1,1,4294967295
background154_block,608,608,0,0,32,32,0,1,1,4294967295
background154_block,0,0,0,0,32,32,0,1,1,4294967295
background154_block,32,0,0,0,32,32,0,1,1,4294967295
background154_block,64,0,0,0,32,32,0,1,1,4294967295
background154_block,96,0,0,0,32,32,0,1,1,4294967295
background154_block,128,0,0,0,32,32,0,1,1,4294967295
background154_block,160,0,0,0,32,32,0,1,1,4294967295
background154_block,192,0,0,0,32,32,0,1,1,4294967295
background154_block,224,0,0,0,32,32,0,1,1,4294967295
background154_block,256,0,0,0,32,32,0,1,1,4294967295
background154_block,288,0,0,0,32,32,0,1,1,4294967295
background154_block,320,0,0,0,32,32,0,1,1,4294967295
background154_block,352,0,0,0,32,32,0,1,1,4294967295
background154_block,384,0,0,0,32,32,0,1,1,4294967295
background154_block,416,0,0,0,32,32,0,1,1,4294967295
background154_block,448,0,0,0,32,32,0,1,1,4294967295
background154_block,480,0,0,0,32,32,0,1,1,4294967295
background154_block,512,0,0,0,32,32,0,1,1,4294967295
background154_block,544,0,0,0,32,32,0,1,1,4294967295
background154_block,576,0,0,0,32,32,0,1,1,4294967295
background156,64,160,0,0,64,64,0,1,1,4294967295
background154_block,128,128,0,0,32,32,0,1,1,4294967295
background154_block,96,128,0,0,32,32,0,1,1,4294967295
background154_block,64,128,0,0,32,32,0,1,1,4294967295
background154_block,32,128,0,0,32,32,0,1,1,4294967295
background154_block,0,128,0,0,32,32,0,1,1,4294967295
background154_block,192,128,0,0,32,32,0,1,1,4294967295
background154_block,304,144,0,0,32,32,0,1,1,4294967295
background154_block,304,176,0,0,32,32,0,1,1,4294967295
background154_block,272,176,0,0,32,32,0,1,1,4294967295
background154_block,304,208,0,0,32,32,0,1,1,4294967295
background154_block,336,208,0,0,32,32,0,1,1,4294967295
background154_block,384,96,0,0,32,32,0,1,1,4294967295
background154_block,432,256,0,0,32,32,0,1,1,4294967295
background154_block,496,128,0,0,32,32,0,1,1,4294967295
background154_block,512,240,0,0,32,32,0,1,1,4294967295
background154_block,560,192,0,0,32,32,0,1,1,4294967295
background154_block,224,208,0,0,32,32,0,1,1,4294967295
background154_block,336,368,0,0,32,32,0,1,1,4294967295
background154_block,368,368,0,0,32,32,0,1,1,4294967295
background154_block,336,400,0,0,32,32,0,1,1,4294967295
background154_block,256,352,0,0,32,32,0,1,1,4294967295
background154_block,464,352,0,0,32,32,0,1,1,4294967295
background154_block,464,384,0,0,32,32,0,1,1,4294967295
background154_block,336,480,0,0,32,32,0,1,1,4294967295
background154_block,224,480,0,0,32,32,0,1,1,4294967295
background154_block,336,544,0,0,32,32,0,1,1,4294967295
background154_block,336,576,0,0,32,32,0,1,1,4294967295
background154_block,368,400,0,0,32,32,0,1,1,4294967295
background154_block,368,432,0,0,32,32,0,1,1,4294967295
background154_block,384,528,0,0,32,32,0,1,1,4294967295
background154_block,512,464,0,0,32,32,0,1,1,4294967295
background154_block,512,496,0,0,32,32,0,1,1,4294967295
background154_block,304,352,0,0,32,32,0,1,1,4294967295
background154_block,544,448,0,0,32,32,0,1,1,4294967295
background154_block,544,480,0,0,32,32,0,1,1,4294967295
background154_block,544,272,0,0,32,32,0,1,1,4294967295
background154_block,544,512,0,0,32,32,0,1,1,4294967295
background154_block,544,544,0,0,32,32,0,1,1,4294967295
background154_block,640,384,0,0,32,32,0,1,1,4294967295
background154_block,672,384,0,0,32,32,0,1,1,4294967295
background154_block,704,384,0,0,32,32,0,1,1,4294967295
background154_block,736,384,0,0,32,32,0,1,1,4294967295
background154_block,768,384,0,0,32,32,0,1,1,4294967295
background154_block,640,512,0,0,32,32,0,1,1,4294967295
background154_block,672,512,0,0,32,32,0,1,1,4294967295
background154_block,704,512,0,0,32,32,0,1,1,4294967295
background154_block,736,512,0,0,32,32,0,1,1,4294967295
background154_block,768,512,0,0,32,32,0,1,1,4294967295
background154_block,304,480,0,0,32,16,0,1,1,4294967295
background154_block,256,384,0,0,32,16,0,1,1,4294967295
background154_block,464,416,0,0,16,32,0,1,1,4294967295
background154_block,800,512,0,0,32,32,0,1,1,4294967295
background154_block,832,512,0,0,32,32,0,1,1,4294967295
background154_block,864,512,0,0,32,32,0,1,1,4294967295
background154_block,896,512,0,0,32,32,0,1,1,4294967295
background154_block,928,512,0,0,32,32,0,1,1,4294967295
background154_block,960,512,0,0,32,32,0,1,1,4294967295
background154_block,960,544,0,0,32,32,0,1,1,4294967295
background154_block,960,576,0,0,32,32,0,1,1,4294967295
background154_block,800,384,0,0,32,32,0,1,1,4294967295
background154_block,832,384,0,0,32,32,0,1,1,4294967295
background154_block,864,384,0,0,32,32,0,1,1,4294967295
background154_block,896,384,0,0,32,32,0,1,1,4294967295
background154_block,928,384,0,0,32,32,0,1,1,4294967295
background154_block,960,384,0,0,32,32,0,1,1,4294967295
background154_block,960,352,0,0,32,32,0,1,1,4294967295
background154_block,960,320,0,0,32,32,0,1,1,4294967295
background154_block,960,288,0,0,32,32,0,1,1,4294967295
background154_block,960,256,0,0,32,32,0,1,1,4294967295
background154_block,960,224,0,0,32,32,0,1,1,4294967295
background154_block,960,192,0,0,32,32,0,1,1,4294967295
background154_block,960,160,0,0,32,32,0,1,1,4294967295
background154_block,960,128,0,0,32,32,0,1,1,4294967295
background154_block,960,96,0,0,32,32,0,1,1,4294967295
background154_block,960,64,0,0,32,32,0,1,1,4294967295
background154_block,960,32,0,0,32,32,0,1,1,4294967295
background154_block,960,0,0,0,32,32,0,1,1,4294967295
background154_block,1440,0,0,0,32,32,0,1,1,4294967295
background154_block,1472,0,0,0,32,32,0,1,1,4294967295
background154_block,1504,0,0,0,32,32,0,1,1,4294967295
background154_block,1536,0,0,0,32,32,0,1,1,4294967295
background154_block,1568,0,0,0,32,32,0,1,1,4294967295
background154_block,1568,128,0,0,32,32,0,1,1,4294967295
background154_block,1536,128,0,0,32,32,0,1,1,4294967295
background154_block,1504,128,0,0,32,32,0,1,1,4294967295
background154_block,1472,128,0,0,32,32,0,1,1,4294967295
background154_block,1440,128,0,0,32,32,0,1,1,4294967295
background154_block,1440,160,0,0,32,32,0,1,1,4294967295
background154_block,1440,192,0,0,32,32,0,1,1,4294967295
background154_block,1440,224,0,0,32,32,0,1,1,4294967295
background154_block,1440,256,0,0,32,32,0,1,1,4294967295
background154_block,1440,288,0,0,32,32,0,1,1,4294967295
background154_block,1440,320,0,0,32,32,0,1,1,4294967295
background154_block,1440,352,0,0,32,32,0,1,1,4294967295
background154_block,1440,384,0,0,32,32,0,1,1,4294967295
background154_block,1440,416,0,0,32,32,0,1,1,4294967295
background154_block,1440,448,0,0,32,32,0,1,1,4294967295
background154_block,1440,480,0,0,32,32,0,1,1,4294967295
background154_block,1440,512,0,0,32,32,0,1,1,4294967295
background154_block,1440,544,0,0,32,32,0,1,1,4294967295
background154_block,1440,576,0,0,32,32,0,1,1,4294967295
background154_block,1440,608,0,0,32,32,0,1,1,4294967295
background154_block,992,0,0,0,32,32,0,1,1,4294967295
background154_block,1024,0,0,0,32,32,0,1,1,4294967295
background154_block,1056,0,0,0,32,32,0,1,1,4294967295
background154_block,1088,0,0,0,32,32,0,1,1,4294967295
background154_block,1120,0,0,0,32,32,0,1,1,4294967295
background154_block,1152,0,0,0,32,32,0,1,1,4294967295
background154_block,1184,0,0,0,32,32,0,1,1,4294967295
background154_block,1216,0,0,0,32,32,0,1,1,4294967295
background154_block,1248,0,0,0,32,32,0,1,1,4294967295
background154_block,1280,0,0,0,32,32,0,1,1,4294967295
background154_block,1312,0,0,0,32,32,0,1,1,4294967295
background154_block,1344,0,0,0,32,32,0,1,1,4294967295
background154_block,1376,0,0,0,32,32,0,1,1,4294967295
background154_block,1408,0,0,0,32,32,0,1,1,4294967295
background154_block,992,480,0,0,32,32,0,1,1,4294967295
background154_block,992,512,0,0,32,32,0,1,1,4294967295
background154_block,992,352,0,0,32,32,0,1,1,4294967295
background154_block,1088,368,0,0,32,32,0,1,1,4294967295
background154_block,1088,400,0,0,32,32,0,1,1,4294967295
background154_block,1088,496,0,0,32,32,0,1,1,4294967295
background154_block,992,544,0,0,32,32,0,1,1,4294967295
background154_block,992,576,0,0,32,32,0,1,1,4294967295
background154_block,1152,544,0,0,32,32,0,1,1,4294967295
background154_block,1152,576,0,0,32,32,0,1,1,4294967295
background154_block,1200,576,0,0,32,32,0,1,1,4294967295
background154_block,1232,544,0,0,32,32,0,1,1,4294967295
background154_block,1232,576,0,0,32,32,0,1,1,4294967295
background154_block,1056,336,0,0,32,32,0,1,1,4294967295
background154_block,1088,336,0,0,32,32,0,1,1,4294967295
background154_block,992,320,0,0,32,32,0,1,1,4294967295
background154_block,1056,208,0,0,32,32,0,1,1,4294967295
background154_block,1056,240,0,0,32,32,0,1,1,4294967295
background154_block,1088,208,0,0,32,32,0,1,1,4294967295
background154_block,1168,272,0,0,32,32,0,1,1,4294967295
background154_block,1216,176,0,0,32,32,0,1,1,4294967295
background154_block,1216,208,0,0,32,32,0,1,1,4294967295
background154_block,1216,240,0,0,32,32,0,1,1,4294967295
background154_block,1152,400,0,0,32,32,0,1,1,4294967295
background154_block,1184,400,0,0,32,32,0,1,1,4294967295
background154_block,1216,368,0,0,16,32,0,1,1,4294967295
background154_block,1216,400,0,0,16,32,0,1,1,4294967295
background154_block,1264,576,0,0,32,32,0,1,1,4294967295
background154_block,1264,480,0,0,32,32,0,1,1,4294967295
background154_block,1280,304,0,0,32,32,0,1,1,4294967295
background154_block,1280,336,0,0,32,32,0,1,1,4294967295
background154_block,1280,368,0,0,32,32,0,1,1,4294967295
background154_block,1312,400,0,0,32,32,0,1,1,4294967295
background154_block,1360,528,0,0,32,32,0,1,1,4294967295
background154_block,1360,560,0,0,32,32,0,1,1,4294967295
background154_block,1312,432,0,0,32,32,0,1,1,4294967295
background154_block,1392,432,0,0,32,32,0,1,1,4294967295
background154_block,1280,272,0,0,32,32,0,1,1,4294967295
background155_water1,1392,272,0,0,32,32,0,1,1,4294967295
background154_block,1344,112,0,0,32,32,0,1,1,4294967295
background154_block,1344,144,0,0,32,32,0,1,1,4294967295
background154_block,1344,176,0,0,32,32,0,1,1,4294967295
background154_block,1040,80,0,0,32,32,0,1,1,4294967295
background154_block,1040,112,0,0,32,32,0,1,1,4294967295
background154_block,1072,80,0,0,32,32,0,1,1,4294967295
background154_block,1104,80,0,0,32,32,0,1,1,4294967295
background154_block,1216,96,0,0,32,32,0,1,1,4294967295
background154_block,1280,32,0,0,32,32,0,1,1,4294967295
background154_block,1392,32,0,0,32,32,0,1,1,4294967295
background154_block,1392,64,0,0,32,32,0,1,1,4294967295
background154_block,1392,96,0,0,32,32,0,1,1,4294967295
background154_block,1392,272,0,0,32,32,0,1,1,4294967295
background154_block,1664,96,0,0,32,32,0,1,1,4294967295
background154_block,1600,0,0,0,32,32,0,1,1,4294967295
background154_block,1632,0,0,0,32,32,0,1,1,4294967295
background154_block,1664,0,0,0,32,32,0,1,1,4294967295
background154_block,1696,0,0,0,32,32,0,1,1,4294967295
background154_block,1728,0,0,0,32,32,0,1,1,4294967295
background154_block,1760,0,0,0,32,32,0,1,1,4294967295
background154_block,1792,0,0,0,32,32,0,1,1,4294967295
background154_block,1824,0,0,0,32,32,0,1,1,4294967295
background154_block,1856,0,0,0,32,32,0,1,1,4294967295
background154_block,1888,0,0,0,32,32,0,1,1,4294967295
background154_block,1920,0,0,0,32,32,0,1,1,4294967295
background154_block,1952,0,0,0,32,32,0,1,1,4294967295
background154_block,1984,0,0,0,32,32,0,1,1,4294967295
background154_block,2016,0,0,0,32,32,0,1,1,4294967295
background154_block,2048,0,0,0,32,32,0,1,1,4294967295
background154_block,2112,0,0,0,32,32,0,1,1,4294967295
background154_block,2368,128,0,0,32,32,0,1,1,4294967295
background154_block,2368,160,0,0,32,32,0,1,1,4294967295
background154_block,2368,192,0,0,32,32,0,1,1,4294967295
background154_block,2368,224,0,0,32,32,0,1,1,4294967295
background154_block,2368,256,0,0,32,32,0,1,1,4294967295
background154_block,2368,288,0,0,32,32,0,1,1,4294967295
background154_block,2368,320,0,0,32,32,0,1,1,4294967295
background154_block,2368,352,0,0,32,32,0,1,1,4294967295
background154_block,2368,384,0,0,32,32,0,1,1,4294967295
background154_block,2368,416,0,0,32,32,0,1,1,4294967295
background154_block,2368,448,0,0,32,32,0,1,1,4294967295
background154_block,2368,480,0,0,32,32,0,1,1,4294967295
background154_block,2368,512,0,0,32,32,0,1,1,4294967295
background154_block,2368,544,0,0,32,32,0,1,1,4294967295
background154_block,2368,576,0,0,32,32,0,1,1,4294967295
background154_block,1600,128,0,0,32,32,0,1,1,4294967295
background154_block,1632,128,0,0,32,32,0,1,1,4294967295
background154_block,1664,128,0,0,32,32,0,1,1,4294967295
background154_block,1664,160,0,0,32,32,0,1,1,4294967295
background154_block,1664,192,0,0,32,32,0,1,1,4294967295
background154_block,1664,224,0,0,32,32,0,1,1,4294967295
background154_block,1664,256,0,0,32,32,0,1,1,4294967295
background154_block,1664,288,0,0,32,32,0,1,1,4294967295
background154_block,1664,320,0,0,32,32,0,1,1,4294967295
background154_block,1664,352,0,0,32,32,0,1,1,4294967295
background154_block,1664,384,0,0,32,32,0,1,1,4294967295
background154_block,1664,416,0,0,32,32,0,1,1,4294967295
background154_block,1664,448,0,0,32,32,0,1,1,4294967295
background154_block,1664,480,0,0,32,32,0,1,1,4294967295
background154_block,1664,512,0,0,32,32,0,1,1,4294967295
background154_block,1664,544,0,0,32,32,0,1,1,4294967295
background154_block,1664,576,0,0,32,32,0,1,1,4294967295
background154_block,1792,80,0,0,32,32,0,1,1,4294967295
background154_block,1792,112,0,0,32,32,0,1,1,4294967295
background154_block,1760,112,0,0,32,32,0,1,1,4294967295
background154_block,1824,224,0,0,32,32,0,1,1,4294967295
background154_block,1824,256,0,0,32,32,0,1,1,4294967295
background154_block,1840,112,0,0,32,16,0,1,1,4294967295
background154_block,1728,240,0,0,32,32,0,1,1,4294967295
background154_block,1728,272,0,0,32,32,0,1,1,4294967295
background154_block,1872,112,0,0,32,32,0,1,1,4294967295
background154_block,1888,192,0,0,32,32,0,1,1,4294967295
background154_block,1888,224,0,0,32,32,0,1,1,4294967295
background154_block,1824,400,0,0,32,32,0,1,1,4294967295
background154_block,1824,368,0,0,32,32,0,1,1,4294967295
background154_block,1920,304,0,0,32,32,0,1,1,4294967295
background154_block,1952,416,0,0,32,32,0,1,1,4294967295
background154_block,1824,432,0,0,32,32,0,1,1,4294967295
background154_block,1824,464,0,0,32,32,0,1,1,4294967295
background154_block,1824,496,0,0,32,32,0,1,1,4294967295
background154_block,1920,448,0,0,32,32,0,1,1,4294967295
background154_block,1920,480,0,0,32,32,0,1,1,4294967295
background154_block,1920,512,0,0,32,16,0,1,1,4294967295
background154_block,1888,512,0,0,32,16,0,1,1,4294967295
background154_block,1856,512,0,0,32,16,0,1,1,4294967295
background154_block,1920,432,0,16,32,16,0,1,1,4294967295
background154_block,1952,384,0,0,32,32,0,1,1,4294967295
background154_block,1712,576,0,0,16,32,0,1,1,4294967295
background154_block,1728,576,0,0,16,32,0,1,1,4294967295
background154_block,1856,576,0,0,32,32,0,1,1,4294967295
background154_block,2000,448,0,0,32,32,0,1,1,4294967295
background154_block,2000,480,0,0,32,32,0,1,1,4294967295
background154_block,2000,512,0,0,32,32,0,1,1,4294967295
background154_block,2032,512,0,0,32,32,0,1,1,4294967295
background154_block,2032,480,0,0,32,32,0,1,1,4294967295
background154_block,2048,352,0,0,16,32,0,1,1,4294967295
background154_block,2096,416,0,0,32,32,0,1,1,4294967295
background154_block,2144,320,0,0,32,32,0,1,1,4294967295
background154_block,2112,256,0,0,32,32,0,1,1,4294967295
background154_block,2144,256,0,0,32,32,0,1,1,4294967295
background154_block,2144,288,0,0,32,32,0,1,1,4294967295
background154_block,2128,480,0,0,32,32,0,1,1,4294967295
background154_block,2160,480,0,0,32,32,0,1,1,4294967295
background154_block,2160,448,0,0,32,32,0,1,1,4294967295
background154_block,2064,512,0,0,32,32,0,1,1,4294967295
background154_block,2064,544,0,0,32,32,0,1,1,4294967295
background154_block,2032,544,0,0,32,32,0,1,1,4294967295
background154_block,2096,512,0,0,16,32,0,1,1,4294967295
background154_block,2288,384,0,0,32,32,0,1,1,4294967295
background154_block,2288,416,0,0,32,32,0,1,1,4294967295
background154_block,2320,384,0,0,32,32,0,1,1,4294967295
background154_block,2320,416,0,0,32,32,0,1,1,4294967295
background154_block,2224,480,0,0,32,32,0,1,1,4294967295
background154_block,2224,560,0,0,32,32,0,1,1,4294967295
background154_block,2272,544,0,0,32,32,0,1,1,4294967295
background154_block,2224,592,0,0,32,32,0,1,1,4294967295
background154_block,2208,192,0,0,32,32,0,1,1,4294967295
background154_block,2208,224,0,0,32,32,0,1,1,4294967295
background154_block,2208,256,0,0,32,32,0,1,1,4294967295
background154_block,2208,288,0,0,32,32,0,1,1,4294967295
background154_block,2240,256,0,0,32,32,0,1,1,4294967295
background154_block,2240,288,0,0,32,32,0,1,1,4294967295
background154_block,2320,320,0,0,32,32,0,1,1,4294967295
background154_block,2320,352,0,0,32,32,0,1,1,4294967295
background154_block,2080,96,0,0,32,32,0,1,1,4294967295
background154_block,2112,96,0,0,32,32,0,1,1,4294967295
background154_block,2112,128,0,0,32,32,0,1,1,4294967295
background154_block,2080,224,0,0,32,32,0,1,1,4294967295
background154_block,2080,256,0,0,32,32,0,1,1,4294967295
background154_block,2016,208,0,0,32,32,0,1,1,4294967295
background154_block,2048,64,0,0,32,32,0,1,1,4294967295
background154_block,2080,64,0,0,32,32,0,1,1,4294967295
background154_block,2112,64,0,0,32,32,0,1,1,4294967295
background154_block,1952,64,0,0,32,32,0,1,1,4294967295
background154_block,1840,80,0,0,32,32,0,1,1,4294967295
background154_block,2112,32,0,0,32,32,0,1,1,4294967295
background154_block,2144,128,0,0,32,32,0,1,1,4294967295
background154_block,2176,128,0,0,32,32,0,1,1,4294967295
background154_block,2208,128,0,0,32,32,0,1,1,4294967295
background154_block,2240,128,0,0,32,32,0,1,1,4294967295
background154_block,2272,128,0,0,32,32,0,1,1,4294967295
background154_block,2304,128,0,0,32,32,0,1,1,4294967295
background154_block,2336,128,0,0,32,32,0,1,1,4294967295
background154_block,2208,160,0,0,32,32,0,1,1,4294967295
