background155_water1,192,0,0,0,32,32,0,1,1,4294967295
background155_water1,224,0,0,0,32,32,0,1,1,4294967295
background155_water1,256,0,0,0,32,32,0,1,1,4294967295
background155_water1,288,0,0,0,32,32,0,1,1,4294967295
background155_water1,320,0,0,0,32,32,0,1,1,4294967295
background155_water1,352,0,0,0,32,32,0,1,1,4294967295
background155_water1,384,0,0,0,32,32,0,1,1,4294967295
background155_water1,416,0,0,0,32,32,0,1,1,4294967295
background155_water1,448,0,0,0,32,32,0,1,1,4294967295
background155_water1,480,0,0,0,32,32,0,1,1,4294967295
background155_water1,512,0,0,0,32,32,0,1,1,4294967295
background155_water1,544,0,0,0,32,32,0,1,1,4294967295
background155_water1,576,0,0,0,32,32,0,1,1,4294967295
background155_water1,576,32,0,0,32,32,0,1,1,4294967295
background155_water1,544,32,0,0,32,32,0,1,1,4294967295
background155_water1,512,32,0,0,32,32,0,1,1,4294967295
background155_water1,480,32,0,0,32,32,0,1,1,4294967295
background155_water1,448,32,0,0,32,32,0,1,1,4294967295
background155_water1,416,32,0,0,32,32,0,1,1,4294967295
background155_water1,384,32,0,0,32,32,0,1,1,4294967295
background155_water1,352,32,0,0,32,32,0,1,1,4294967295
background155_water1,320,32,0,0,32,32,0,1,1,4294967295
background155_water1,288,32,0,0,32,32,0,1,1,4294967295
background155_water1,256,32,0,0,32,32,0,1,1,4294967295
background155_water1,224,32,0,0,32,32,0,1,1,4294967295
background155_water1,192,32,0,0,32,32,0,1,1,4294967295
background155_water1,192,64,0,0,32,32,0,1,1,4294967295
background155_water1,224,64,0,0,32,32,0,1,1,4294967295
background155_water1,256,64,0,0,32,32,0,1,1,4294967295
background155_water1,288,64,0,0,32,32,0,1,1,4294967295
background155_water1,320,64,0,0,32,32,0,1,1,4294967295
background155_water1,352,64,0,0,32,32,0,1,1,4294967295
background155_water1,384,64,0,0,32,32,0,1,1,4294967295
background155_water1,416,64,0,0,32,32,0,1,1,4294967295
background155_water1,448,64,0,0,32,32,0,1,1,4294967295
background155_water1,480,64,0,0,32,32,0,1,1,4294967295
background155_water1,512,64,0,0,32,32,0,1,1,4294967295
background155_water1,544,64,0,0,32,32,0,1,1,4294967295
background155_water1,544,96,0,0,32,32,0,1,1,4294967295
background155_water1,576,96,0,0,32,32,0,1,1,4294967295
background155_water1,576,64,0,0,32,32,0,1,1,4294967295
background155_water1,512,96,0,0,32,32,0,1,1,4294967295
background155_water1,480,96,0,0,32,32,0,1,1,4294967295
background155_water1,448,96,0,0,32,32,0,1,1,4294967295
background155_water1,416,96,0,0,32,32,0,1,1,4294967295
background155_water1,384,96,0,0,32,32,0,1,1,4294967295
background155_water1,352,96,0,0,32,32,0,1,1,4294967295
background155_water1,320,96,0,0,32,32,0,1,1,4294967295
background155_water1,288,96,0,0,32,32,0,1,1,4294967295
background155_water1,256,96,0,0,32,32,0,1,1,4294967295
background155_water1,224,96,0,0,32,32,0,1,1,4294967295
background155_water1,192,96,0,0,32,32,0,1,1,4294967295
background155_water1,192,128,0,0,32,32,0,1,1,4294967295
background155_water1,224,128,0,0,32,32,0,1,1,4294967295
background155_water1,256,128,0,0,32,32,0,1,1,4294967295
background155_water1,288,128,0,0,32,32,0,1,1,4294967295
background155_water1,320,128,0,0,32,32,0,1,1,4294967295
background155_water1,352,128,0,0,32,32,0,1,1,4294967295
background155_water1,384,128,0,0,32,32,0,1,1,4294967295
background155_water1,384,160,0,0,32,32,0,1,1,4294967295
background155_water1,416,160,0,0,32,32,0,1,1,4294967295
background155_water1,448,160,0,0,32,32,0,1,1,4294967295
background155_water1,480,160,0,0,32,32,0,1,1,4294967295
background155_water1,512,160,0,0,32,32,0,1,1,4294967295
background155_water1,544,160,0,0,32,32,0,1,1,4294967295
background155_water1,544,128,0,0,32,32,0,1,1,4294967295
background155_water1,576,128,0,0,32,32,0,1,1,4294967295
background155_water1,448,128,0,0,32,32,0,1,1,4294967295
background155_water1,416,128,0,0,32,32,0,1,1,4294967295
background155_water1,352,160,0,0,32,32,0,1,1,4294967295
background155_water1,320,160,0,0,32,32,0,1,1,4294967295
background155_water1,288,160,0,0,32,32,0,1,1,4294967295
background155_water1,256,160,0,0,32,32,0,1,1,4294967295
background155_water1,224,160,0,0,32,32,0,1,1,4294967295
background155_water1,224,192,0,0,32,32,0,1,1,4294967295
background155_water1,192,192,0,0,32,32,0,1,1,4294967295
background155_water1,192,224,0,0,32,32,0,1,1,4294967295
background155_water1,192,256,0,0,32,32,0,1,1,4294967295
background155_water1,192,288,0,0,32,32,0,1,1,4294967295
background155_water1,192,320,0,0,32,32,0,1,1,4294967295
background155_water1,192,352,0,0,32,32,0,1,1,4294967295
background155_water1,192,384,0,0,32,32,0,1,1,4294967295
background155_water1,192,416,0,0,32,32,0,1,1,4294967295
background155_water1,192,448,0,0,32,32,0,1,1,4294967295
background155_water1,192,480,0,0,32,32,0,1,1,4294967295
background155_water1,192,512,0,0,32,32,0,1,1,4294967295
background155_water1,192,544,0,0,32,32,0,1,1,4294967295
background155_water1,192,576,0,0,32,32,0,1,1,4294967295
background155_water1,224,576,0,0,32,32,0,1,1,4294967295
background155_water1,256,576,0,0,32,32,0,1,1,4294967295
background155_water1,288,576,0,0,32,32,0,1,1,4294967295
background155_water1,320,576,0,0,32,32,0,1,1,4294967295
background155_water1,352,576,0,0,32,32,0,1,1,4294967295
background155_water1,384,576,0,0,32,32,0,1,1,4294967295
background155_water1,416,576,0,0,32,32,0,1,1,4294967295
background155_water1,448,576,0,0,32,32,0,1,1,4294967295
background155_water1,480,576,0,0,32,32,0,1,1,4294967295
background155_water1,512,576,0,0,32,32,0,1,1,4294967295
background155_water1,544,576,0,0,32,32,0,1,1,4294967295
background155_water1,576,576,0,0,32,32,0,1,1,4294967295
background155_water1,576,544,0,0,32,32,0,1,1,4294967295
background155_water1,576,512,0,0,32,32,0,1,1,4294967295
background155_water1,576,480,0,0,32,32,0,1,1,4294967295
background155_water1,576,448,0,0,32,32,0,1,1,4294967295
background155_water1,576,416,0,0,32,32,0,1,1,4294967295
background155_water1,576,384,0,0,32,32,0,1,1,4294967295
background155_water1,576,352,0,0,32,32,0,1,1,4294967295
background155_water1,576,320,0,0,32,32,0,1,1,4294967295
background155_water1,576,288,0,0,32,32,0,1,1,4294967295
background155_water1,576,256,0,0,32,32,0,1,1,4294967295
background155_water1,576,224,0,0,32,32,0,1,1,4294967295
background155_water1,576,192,0,0,32,32,0,1,1,4294967295
background155_water1,576,160,0,0,32,32,0,1,1,4294967295
background155_water1,512,128,0,0,32,32,0,1,1,4294967295
background155_water1,480,128,0,0,32,32,0,1,1,4294967295
background155_water1,192,160,0,0,32,32,0,1,1,4294967295
background155_water1,224,512,0,0,32,32,0,1,1,4294967295
background155_water1,224,544,0,0,32,32,0,1,1,4294967295
background155_water1,224,480,0,0,32,32,0,1,1,4294967295
background155_water1,224,448,0,0,32,32,0,1,1,4294967295
background155_water1,224,416,0,0,32,32,0,1,1,4294967295
background155_water1,256,416,0,0,32,32,0,1,1,4294967295
background155_water1,256,384,0,0,32,32,0,1,1,4294967295
background155_water1,256,352,0,0,32,32,0,1,1,4294967295
background155_water1,256,320,0,0,32,32,0,1,1,4294967295
background155_water1,256,288,0,0,32,32,0,1,1,4294967295
background155_water1,256,256,0,0,32,32,0,1,1,4294967295
background155_water1,256,224,0,0,32,32,0,1,1,4294967295
background155_water1,256,192,0,0,32,32,0,1,1,4294967295
background155_water1,224,288,0,0,32,32,0,1,1,4294967295
background155_water1,224,320,0,0,32,32,0,1,1,4294967295
background155_water1,224,352,0,0,32,32,0,1,1,4294967295
background155_water1,224,384,0,0,32,32,0,1,1,4294967295
background155_water1,224,256,0,0,32,32,0,1,1,4294967295
background155_water1,224,224,0,0,32,32,0,1,1,4294967295
background155_water1,256,448,0,0,32,32,0,1,1,4294967295
background155_water1,256,480,0,0,32,32,0,1,1,4294967295
background155_water1,256,512,0,0,32,32,0,1,1,4294967295
background155_water1,256,544,0,0,32,32,0,1,1,4294967295
background155_water1,288,448,0,0,32,32,0,1,1,4294967295
background155_water1,288,416,0,0,32,32,0,1,1,4294967295
background155_water1,288,384,0,0,32,32,0,1,1,4294967295
background155_water1,288,352,0,0,32,32,0,1,1,4294967295
background155_water1,288,320,0,0,32,32,0,1,1,4294967295
background155_water1,288,288,0,0,32,32,0,1,1,4294967295
background155_water1,288,256,0,0,32,32,0,1,1,4294967295
background155_water1,288,224,0,0,32,32,0,1,1,4294967295
background155_water1,288,192,0,0,32,32,0,1,1,4294967295
background155_water1,288,480,0,0,32,32,0,1,1,4294967295
background155_water1,352,192,0,0,32,32,0,1,1,4294967295
background155_water1,352,224,0,0,32,32,0,1,1,4294967295
background155_water1,352,256,0,0,32,32,0,1,1,4294967295
background155_water1,320,256,0,0,32,32,0,1,1,4294967295
background155_water1,320,288,0,0,32,32,0,1,1,4294967295
background155_water1,320,320,0,0,32,32,0,1,1,4294967295
background155_water1,320,352,0,0,32,32,0,1,1,4294967295
background155_water1,320,384,0,0,32,32,0,1,1,4294967295
background155_water1,320,416,0,0,32,32,0,1,1,4294967295
background155_water1,320,448,0,0,32,32,0,1,1,4294967295
background155_water1,320,480,0,0,32,32,0,1,1,4294967295
background155_water1,320,512,0,0,32,32,0,1,1,4294967295
background155_water1,320,544,0,0,32,32,0,1,1,4294967295
background155_water1,320,224,0,0,32,32,0,1,1,4294967295
background155_water1,320,192,0,0,32,32,0,1,1,4294967295
background155_water1,288,512,0,0,32,32,0,1,1,4294967295
background155_water1,288,544,0,0,32,32,0,1,1,4294967295
background155_water1,352,384,0,0,32,32,0,1,1,4294967295
background155_water1,352,352,0,0,32,32,0,1,1,4294967295
background155_water1,352,320,0,0,32,32,0,1,1,4294967295
background155_water1,352,288,0,0,32,32,0,1,1,4294967295
background155_water1,384,288,0,0,32,32,0,1,1,4294967295
background155_water1,384,256,0,0,32,32,0,1,1,4294967295
background155_water1,384,224,0,0,32,32,0,1,1,4294967295
background155_water1,384,192,0,0,32,32,0,1,1,4294967295
background155_water1,352,416,0,0,32,32,0,1,1,4294967295
background155_water1,352,448,0,0,32,32,0,1,1,4294967295
background155_water1,352,480,0,0,32,32,0,1,1,4294967295
background155_water1,352,544,0,0,32,32,0,1,1,4294967295
background155_water1,352,512,0,0,32,32,0,1,1,4294967295
background155_water1,384,448,0,0,32,32,0,1,1,4294967295
background155_water1,384,416,0,0,32,32,0,1,1,4294967295
background155_water1,384,384,0,0,32,32,0,1,1,4294967295
background155_water1,384,352,0,0,32,32,0,1,1,4294967295
background155_water1,384,320,0,0,32,32,0,1,1,4294967295
background155_water1,416,320,0,0,32,32,0,1,1,4294967295
background155_water1,416,288,0,0,32,32,0,1,1,4294967295
background155_water1,416,256,0,0,32,32,0,1,1,4294967295
background155_water1,416,224,0,0,32,32,0,1,1,4294967295
background155_water1,384,480,0,0,32,32,0,1,1,4294967295
background155_water1,416,192,0,0,32,32,0,1,1,4294967295
background155_water1,416,352,0,0,32,32,0,1,1,4294967295
background155_water1,416,384,0,0,32,32,0,1,1,4294967295
background155_water1,416,416,0,0,32,32,0,1,1,4294967295
background155_water1,384,512,0,0,32,32,0,1,1,4294967295
background155_water1,384,544,0,0,32,32,0,1,1,4294967295
background155_water1,448,288,0,0,32,32,0,1,1,4294967295
background155_water1,448,256,0,0,32,32,0,1,1,4294967295
background155_water1,448,224,0,0,32,32,0,1,1,4294967295
background155_water1,448,192,0,0,32,32,0,1,1,4294967295
background155_water1,416,448,0,0,32,32,0,1,1,4294967295
background155_water1,416,480,0,0,32,32,0,1,1,4294967295
background155_water1,416,512,0,0,32,32,0,1,1,4294967295
background155_water1,416,544,0,0,32,32,0,1,1,4294967295
background155_water1,448,448,0,0,32,32,0,1,1,4294967295
background155_water1,448,416,0,0,32,32,0,1,1,4294967295
background155_water1,448,384,0,0,32,32,0,1,1,4294967295
background155_water1,448,352,0,0,32,32,0,1,1,4294967295
background155_water1,480,320,0,0,32,32,0,1,1,4294967295
background155_water1,480,288,0,0,32,32,0,1,1,4294967295
background155_water1,480,256,0,0,32,32,0,1,1,4294967295
background155_water1,480,224,0,0,32,32,0,1,1,4294967295
background155_water1,512,224,0,0,32,32,0,1,1,4294967295
background155_water1,512,192,0,0,32,32,0,1,1,4294967295
background155_water1,480,352,0,0,32,32,0,1,1,4294967295
background155_water1,480,384,0,0,32,32,0,1,1,4294967295
background155_water1,480,416,0,0,32,32,0,1,1,4294967295
background155_water1,480,448,0,0,32,32,0,1,1,4294967295
background155_water1,448,480,0,0,32,32,0,1,1,4294967295
background155_water1,448,512,0,0,32,32,0,1,1,4294967295
background155_water1,448,544,0,0,32,32,0,1,1,4294967295
background155_water1,480,512,0,0,32,32,0,1,1,4294967295
background155_water1,480,480,0,0,32,32,0,1,1,4294967295
background155_water1,480,192,0,0,32,32,0,1,1,4294967295
background155_water1,448,320,0,0,32,32,0,1,1,4294967295
background155_water1,512,384,0,0,32,32,0,1,1,4294967295
background155_water1,512,352,0,0,32,32,0,1,1,4294967295
background155_water1,512,320,0,0,32,32,0,1,1,4294967295
background155_water1,512,288,0,0,32,32,0,1,1,4294967295
background155_water1,544,256,0,0,32,32,0,1,1,4294967295
background155_water1,544,224,0,0,32,32,0,1,1,4294967295
background155_water1,544,192,0,0,32,32,0,1,1,4294967295
background155_water1,544,288,0,0,32,32,0,1,1,4294967295
background155_water1,544,320,0,0,32,32,0,1,1,4294967295
background155_water1,544,352,0,0,32,32,0,1,1,4294967295
background155_water1,544,384,0,0,32,32,0,1,1,4294967295
background155_water1,544,416,0,0,32,32,0,1,1,4294967295
background155_water1,544,448,0,0,32,32,0,1,1,4294967295
background155_water1,512,480,0,0,32,32,0,1,1,4294967295
background155_water1,512,512,0,0,32,32,0,1,1,4294967295
background155_water1,512,544,0,0,32,32,0,1,1,4294967295
background155_water1,544,480,0,0,32,32,0,1,1,4294967295
background155_water1,512,256,0,0,32,32,0,1,1,4294967295
background155_water1,512,416,0,0,32,32,0,1,1,4294967295
background155_water1,512,448,0,0,32,32,0,1,1,4294967295
background155_water1,480,544,0,0,32,32,0,1,1,4294967295
background155_water1,544,512,0,0,32,32,0,1,1,4294967295
background155_water1,544,544,0,0,32,32,0,1,1,4294967295
background155_water1,160,32,0,0,32,32,0,1,1,4294967295
background155_water1,160,64,0,0,32,32,0,1,1,4294967295
background155_water1,160,96,0,0,32,32,0,1,1,4294967295
background155_water1,608,416,0,0,32,32,0,1,1,4294967295
background155_water1,640,416,0,0,32,32,0,1,1,4294967295
background155_water1,672,416,0,0,32,32,0,1,1,4294967295
background155_water1,704,416,0,0,32,32,0,1,1,4294967295
background155_water1,736,416,0,0,32,32,0,1,1,4294967295
background155_water1,768,416,0,0,32,32,0,1,1,4294967295
background155_water1,768,448,0,0,32,32,0,1,1,4294967295
background155_water1,768,480,0,0,32,32,0,1,1,4294967295
background155_water1,736,480,0,0,32,32,0,1,1,4294967295
background155_water1,704,480,0,0,32,32,0,1,1,4294967295
background155_water1,672,480,0,0,32,32,0,1,1,4294967295
background155_water1,640,480,0,0,32,32,0,1,1,4294967295
background155_water1,608,480,0,0,32,32,0,1,1,4294967295
background155_water1,608,448,0,0,32,32,0,1,1,4294967295
background155_water1,640,448,0,0,32,32,0,1,1,4294967295
background155_water1,672,448,0,0,32,32,0,1,1,4294967295
background155_water1,704,448,0,0,32,32,0,1,1,4294967295
background155_water1,736,448,0,0,32,32,0,1,1,4294967295
background155_water1,0,32,0,0,32,32,0,1,1,4294967295
background155_water1,32,32,0,0,32,32,0,1,1,4294967295
background155_water1,64,32,0,0,32,32,0,1,1,4294967295
background155_water1,96,32,0,0,32,32,0,1,1,4294967295
background155_water1,128,32,0,0,32,32,0,1,1,4294967295
background155_water1,128,64,0,0,32,32,0,1,1,4294967295
background155_water1,96,64,0,0,32,32,0,1,1,4294967295
background155_water1,0,64,0,0,32,32,0,1,1,4294967295
background155_water1,32,64,0,0,32,32,0,1,1,4294967295
background155_water1,64,64,0,0,32,32,0,1,1,4294967295
background155_water1,0,96,0,0,32,32,0,1,1,4294967295
background155_water1,32,96,0,0,32,32,0,1,1,4294967295
background155_water1,64,96,0,0,32,32,0,1,1,4294967295
background155_water1,96,96,0,0,32,32,0,1,1,4294967295
background155_water1,128,96,0,0,32,32,0,1,1,4294967295
background155_water1,800,416,0,0,32,32,0,1,1,4294967295
background155_water1,832,416,0,0,32,32,0,1,1,4294967295
background155_water1,864,416,0,0,32,32,0,1,1,4294967295
background155_water1,896,416,0,0,32,32,0,1,1,4294967295
background155_water1,928,416,0,0,32,32,0,1,1,4294967295
background155_water1,960,416,0,0,32,32,0,1,1,4294967295
background155_water1,992,416,0,0,32,32,0,1,1,4294967295
background155_water1,992,384,0,0,32,32,0,1,1,4294967295
background155_water1,992,352,0,0,32,32,0,1,1,4294967295
background155_water1,992,320,0,0,32,32,0,1,1,4294967295
background155_water1,992,288,0,0,32,32,0,1,1,4294967295
background155_water1,992,256,0,0,32,32,0,1,1,4294967295
background155_water1,992,224,0,0,32,32,0,1,1,4294967295
background155_water1,992,192,0,0,32,32,0,1,1,4294967295
background155_water1,992,160,0,0,32,32,0,1,1,4294967295
background155_water1,992,128,0,0,32,32,0,1,1,4294967295
background155_water1,992,96,0,0,32,32,0,1,1,4294967295
background155_water1,992,64,0,0,32,32,0,1,1,4294967295
background155_water1,992,32,0,0,32,32,0,1,1,4294967295
background155_water1,992,0,0,0,32,32,0,1,1,4294967295
background155_water1,992,448,0,0,32,32,0,1,1,4294967295
background155_water1,992,480,0,0,32,32,0,1,1,4294967295
background155_water1,992,512,0,0,32,32,0,1,1,4294967295
background155_water1,992,544,0,0,32,32,0,1,1,4294967295
background155_water1,992,576,0,0,32,32,0,1,1,4294967295
background155_water1,960,448,0,0,32,32,0,1,1,4294967295
background155_water1,960,480,0,0,32,32,0,1,1,4294967295
background155_water1,928,480,0,0,32,32,0,1,1,4294967295
background155_water1,896,480,0,0,32,32,0,1,1,4294967295
background155_water1,864,480,0,0,32,32,0,1,1,4294967295
background155_water1,832,480,0,0,32,32,0,1,1,4294967295
background155_water1,800,480,0,0,32,32,0,1,1,4294967295
background155_water1,800,448,0,0,32,32,0,1,1,4294967295
background155_water1,832,448,0,0,32,32,0,1,1,4294967295
background155_water1,864,448,0,0,32,32,0,1,1,4294967295
background155_water1,896,448,0,0,32,32,0,1,1,4294967295
background155_water1,928,448,0,0,32,32,0,1,1,4294967295
background155_water1,1024,416,0,0,32,32,0,1,1,4294967295
background155_water1,1024,384,0,0,32,32,0,1,1,4294967295
background155_water1,1024,352,0,0,32,32,0,1,1,4294967295
background155_water1,1024,320,0,0,32,32,0,1,1,4294967295
background155_water1,1024,288,0,0,32,32,0,1,1,4294967295
background155_water1,1024,256,0,0,32,32,0,1,1,4294967295
background155_water1,1024,224,0,0,32,32,0,1,1,4294967295
background155_water1,1024,192,0,0,32,32,0,1,1,4294967295
background155_water1,1024,160,0,0,32,32,0,1,1,4294967295
background155_water1,1024,128,0,0,32,32,0,1,1,4294967295
background155_water1,1024,96,0,0,32,32,0,1,1,4294967295
background155_water1,1024,64,0,0,32,32,0,1,1,4294967295
background155_water1,1024,32,0,0,32,32,0,1,1,4294967295
background155_water1,1024,0,0,0,32,32,0,1,1,4294967295
background155_water1,1024,448,0,0,32,32,0,1,1,4294967295
background155_water1,1024,480,0,0,32,32,0,1,1,4294967295
background155_water1,1024,512,0,0,32,32,0,1,1,4294967295
background155_water1,1024,544,0,0,32,32,0,1,1,4294967295
background155_water1,1024,576,0,0,32,32,0,1,1,4294967295
background155_water1,1056,416,0,0,32,32,0,1,1,4294967295
background155_water1,1056,384,0,0,32,32,0,1,1,4294967295
background155_water1,1056,352,0,0,32,32,0,1,1,4294967295
background155_water1,1056,320,0,0,32,32,0,1,1,4294967295
background155_water1,1056,288,0,0,32,32,0,1,1,4294967295
background155_water1,1056,256,0,0,32,32,0,1,1,4294967295
background155_water1,1056,224,0,0,32,32,0,1,1,4294967295
background155_water1,1056,192,0,0,32,32,0,1,1,4294967295
background155_water1,1056,160,0,0,32,32,0,1,1,4294967295
background155_water1,1056,128,0,0,32,32,0,1,1,4294967295
background155_water1,1056,96,0,0,32,32,0,1,1,4294967295
background155_water1,1056,64,0,0,32,32,0,1,1,4294967295
background155_water1,1056,32,0,0,32,32,0,1,1,4294967295
background155_water1,1056,0,0,0,32,32,0,1,1,4294967295
background155_water1,1056,448,0,0,32,32,0,1,1,4294967295
background155_water1,1056,480,0,0,32,32,0,1,1,4294967295
background155_water1,1056,512,0,0,32,32,0,1,1,4294967295
background155_water1,1056,544,0,0,32,32,0,1,1,4294967295
background155_water1,1056,576,0,0,32,32,0,1,1,4294967295
background155_water1,1088,416,0,0,32,32,0,1,1,4294967295
background155_water1,1088,384,0,0,32,32,0,1,1,4294967295
background155_water1,1088,352,0,0,32,32,0,1,1,4294967295
background155_water1,1088,320,0,0,32,32,0,1,1,4294967295
background155_water1,1088,288,0,0,32,32,0,1,1,4294967295
background155_water1,1088,256,0,0,32,32,0,1,1,4294967295
background155_water1,1088,224,0,0,32,32,0,1,1,4294967295
background155_water1,1088,192,0,0,32,32,0,1,1,4294967295
background155_water1,1088,160,0,0,32,32,0,1,1,4294967295
background155_water1,1088,128,0,0,32,32,0,1,1,4294967295
background155_water1,1088,96,0,0,32,32,0,1,1,4294967295
background155_water1,1088,64,0,0,32,32,0,1,1,4294967295
background155_water1,1088,32,0,0,32,32,0,1,1,4294967295
background155_water1,1088,0,0,0,32,32,0,1,1,4294967295
background155_water1,1088,448,0,0,32,32,0,1,1,4294967295
background155_water1,1088,480,0,0,32,32,0,1,1,4294967295
background155_water1,1088,512,0,0,32,32,0,1,1,4294967295
background155_water1,1088,544,0,0,32,32,0,1,1,4294967295
background155_water1,1088,576,0,0,32,32,0,1,1,4294967295
background155_water1,1120,416,0,0,32,32,0,1,1,4294967295
background155_water1,1120,384,0,0,32,32,0,1,1,4294967295
background155_water1,1120,352,0,0,32,32,0,1,1,4294967295
background155_water1,1120,320,0,0,32,32,0,1,1,4294967295
background155_water1,1120,288,0,0,32,32,0,1,1,4294967295
background155_water1,1120,256,0,0,32,32,0,1,1,4294967295
background155_water1,1120,224,0,0,32,32,0,1,1,4294967295
background155_water1,1120,192,0,0,32,32,0,1,1,4294967295
background155_water1,1120,160,0,0,32,32,0,1,1,4294967295
background155_water1,1120,128,0,0,32,32,0,1,1,4294967295
background155_water1,1120,96,0,0,32,32,0,1,1,4294967295
background155_water1,1120,64,0,0,32,32,0,1,1,4294967295
background155_water1,1120,32,0,0,32,32,0,1,1,4294967295
background155_water1,1120,0,0,0,32,32,0,1,1,4294967295
background155_water1,1120,448,0,0,32,32,0,1,1,4294967295
background155_water1,1120,480,0,0,32,32,0,1,1,4294967295
background155_water1,1120,512,0,0,32,32,0,1,1,4294967295
background155_water1,1120,544,0,0,32,32,0,1,1,4294967295
background155_water1,1120,576,0,0,32,32,0,1,1,4294967295
background155_water1,1152,416,0,0,32,32,0,1,1,4294967295
background155_water1,1152,384,0,0,32,32,0,1,1,4294967295
background155_water1,1152,352,0,0,32,32,0,1,1,4294967295
background155_water1,1152,320,0,0,32,32,0,1,1,4294967295
background155_water1,1152,288,0,0,32,32,0,1,1,4294967295
background155_water1,1152,256,0,0,32,32,0,1,1,4294967295
background155_water1,1152,224,0,0,32,32,0,1,1,4294967295
background155_water1,1152,192,0,0,32,32,0,1,1,4294967295
background155_water1,1152,160,0,0,32,32,0,1,1,4294967295
background155_water1,1152,128,0,0,32,32,0,1,1,4294967295
background155_water1,1152,96,0,0,32,32,0,1,1,4294967295
background155_water1,1152,64,0,0,32,32,0,1,1,4294967295
background155_water1,1152,32,0,0,32,32,0,1,1,4294967295
background155_water1,1152,0,0,0,32,32,0,1,1,4294967295
background155_water1,1152,448,0,0,32,32,0,1,1,4294967295
background155_water1,1152,480,0,0,32,32,0,1,1,4294967295
background155_water1,1152,512,0,0,32,32,0,1,1,4294967295
background155_water1,1152,544,0,0,32,32,0,1,1,4294967295
background155_water1,1152,576,0,0,32,32,0,1,1,4294967295
background155_water1,1184,416,0,0,32,32,0,1,1,4294967295
background155_water1,1184,384,0,0,32,32,0,1,1,4294967295
background155_water1,1184,352,0,0,32,32,0,1,1,4294967295
background155_water1,1184,320,0,0,32,32,0,1,1,4294967295
background155_water1,1184,288,0,0,32,32,0,1,1,4294967295
background155_water1,1184,256,0,0,32,32,0,1,1,4294967295
background155_water1,1184,224,0,0,32,32,0,1,1,4294967295
background155_water1,1184,192,0,0,32,32,0,1,1,4294967295
background155_water1,1184,160,0,0,32,32,0,1,1,4294967295
background155_water1,1184,128,0,0,32,32,0,1,1,4294967295
background155_water1,1184,96,0,0,32,32,0,1,1,4294967295
background155_water1,1184,64,0,0,32,32,0,1,1,4294967295
background155_water1,1184,32,0,0,32,32,0,1,1,4294967295
background155_water1,1184,0,0,0,32,32,0,1,1,4294967295
background155_water1,1184,448,0,0,32,32,0,1,1,4294967295
background155_water1,1184,480,0,0,32,32,0,1,1,4294967295
background155_water1,1184,512,0,0,32,32,0,1,1,4294967295
background155_water1,1184,544,0,0,32,32,0,1,1,4294967295
background155_water1,1184,576,0,0,32,32,0,1,1,4294967295
background155_water1,1216,416,0,0,32,32,0,1,1,4294967295
background155_water1,1216,384,0,0,32,32,0,1,1,4294967295
background155_water1,1216,352,0,0,32,32,0,1,1,4294967295
background155_water1,1216,320,0,0,32,32,0,1,1,4294967295
background155_water1,1216,288,0,0,32,32,0,1,1,4294967295
background155_water1,1216,256,0,0,32,32,0,1,1,4294967295
background155_water1,1216,224,0,0,32,32,0,1,1,4294967295
background155_water1,1216,192,0,0,32,32,0,1,1,4294967295
background155_water1,1216,160,0,0,32,32,0,1,1,4294967295
background155_water1,1216,128,0,0,32,32,0,1,1,4294967295
background155_water1,1216,96,0,0,32,32,0,1,1,4294967295
background155_water1,1216,64,0,0,32,32,0,1,1,4294967295
background155_water1,1216,32,0,0,32,32,0,1,1,4294967295
background155_water1,1216,0,0,0,32,32,0,1,1,4294967295
background155_water1,1216,448,0,0,32,32,0,1,1,4294967295
background155_water1,1216,480,0,0,32,32,0,1,1,4294967295
background155_water1,1216,512,0,0,32,32,0,1,1,4294967295
background155_water1,1216,544,0,0,32,32,0,1,1,4294967295
background155_water1,1216,576,0,0,32,32,0,1,1,4294967295
background155_water1,1248,416,0,0,32,32,0,1,1,4294967295
background155_water1,1248,384,0,0,32,32,0,1,1,4294967295
background155_water1,1248,352,0,0,32,32,0,1,1,4294967295
background155_water1,1248,320,0,0,32,32,0,1,1,4294967295
background155_water1,1248,288,0,0,32,32,0,1,1,4294967295
background155_water1,1248,256,0,0,32,32,0,1,1,4294967295
background155_water1,1248,224,0,0,32,32,0,1,1,4294967295
background155_water1,1248,192,0,0,32,32,0,1,1,4294967295
background155_water1,1248,160,0,0,32,32,0,1,1,4294967295
background155_water1,1248,128,0,0,32,32,0,1,1,4294967295
background155_water1,1248,96,0,0,32,32,0,1,1,4294967295
background155_water1,1248,64,0,0,32,32,0,1,1,4294967295
background155_water1,1248,32,0,0,32,32,0,1,1,4294967295
background155_water1,1248,0,0,0,32,32,0,1,1,4294967295
background155_water1,1248,448,0,0,32,32,0,1,1,4294967295
background155_water1,1248,480,0,0,32,32,0,1,1,4294967295
background155_water1,1248,512,0,0,32,32,0,1,1,4294967295
background155_water1,1248,544,0,0,32,32,0,1,1,4294967295
background155_water1,1248,576,0,0,32,32,0,1,1,4294967295
background155_water1,1312,416,0,0,32,32,0,1,1,4294967295
background155_water1,1312,384,0,0,32,32,0,1,1,4294967295
background155_water1,1312,352,0,0,32,32,0,1,1,4294967295
background155_water1,1312,320,0,0,32,32,0,1,1,4294967295
background155_water1,1312,288,0,0,32,32,0,1,1,4294967295
background155_water1,1312,256,0,0,32,32,0,1,1,4294967295
background155_water1,1312,224,0,0,32,32,0,1,1,4294967295
background155_water1,1312,192,0,0,32,32,0,1,1,4294967295
background155_water1,1312,160,0,0,32,32,0,1,1,4294967295
background155_water1,1312,128,0,0,32,32,0,1,1,4294967295
background155_water1,1312,96,0,0,32,32,0,1,1,4294967295
background155_water1,1312,64,0,0,32,32,0,1,1,4294967295
background155_water1,1312,32,0,0,32,32,0,1,1,4294967295
background155_water1,1312,0,0,0,32,32,0,1,1,4294967295
background155_water1,1312,448,0,0,32,32,0,1,1,4294967295
background155_water1,1312,480,0,0,32,32,0,1,1,4294967295
background155_water1,1312,512,0,0,32,32,0,1,1,4294967295
background155_water1,1312,544,0,0,32,32,0,1,1,4294967295
background155_water1,1312,576,0,0,32,32,0,1,1,4294967295
background155_water1,1280,416,0,0,32,32,0,1,1,4294967295
background155_water1,1280,384,0,0,32,32,0,1,1,4294967295
background155_water1,1280,352,0,0,32,32,0,1,1,4294967295
background155_water1,1280,320,0,0,32,32,0,1,1,4294967295
background155_water1,1280,288,0,0,32,32,0,1,1,4294967295
background155_water1,1280,256,0,0,32,32,0,1,1,4294967295
background155_water1,1280,224,0,0,32,32,0,1,1,4294967295
background155_water1,1280,192,0,0,32,32,0,1,1,4294967295
background155_water1,1280,160,0,0,32,32,0,1,1,4294967295
background155_water1,1280,128,0,0,32,32,0,1,1,4294967295
background155_water1,1280,96,0,0,32,32,0,1,1,4294967295
background155_water1,1280,64,0,0,32,32,0,1,1,4294967295
background155_water1,1280,32,0,0,32,32,0,1,1,4294967295
background155_water1,1280,0,0,0,32,32,0,1,1,4294967295
background155_water1,1280,448,0,0,32,32,0,1,1,4294967295
background155_water1,1280,480,0,0,32,32,0,1,1,4294967295
background155_water1,1280,512,0,0,32,32,0,1,1,4294967295
background155_water1,1280,544,0,0,32,32,0,1,1,4294967295
background155_water1,1280,576,0,0,32,32,0,1,1,4294967295
background155_water1,1344,416,0,0,32,32,0,1,1,4294967295
background155_water1,1344,384,0,0,32,32,0,1,1,4294967295
background155_water1,1344,352,0,0,32,32,0,1,1,4294967295
background155_water1,1344,320,0,0,32,32,0,1,1,4294967295
background155_water1,1344,288,0,0,32,32,0,1,1,4294967295
background155_water1,1344,256,0,0,32,32,0,1,1,4294967295
background155_water1,1344,224,0,0,32,32,0,1,1,4294967295
background155_water1,1344,192,0,0,32,32,0,1,1,4294967295
background155_water1,1344,160,0,0,32,32,0,1,1,4294967295
background155_water1,1344,128,0,0,32,32,0,1,1,4294967295
background155_water1,1344,96,0,0,32,32,0,1,1,4294967295
background155_water1,1344,64,0,0,32,32,0,1,1,4294967295
background155_water1,1344,32,0,0,32,32,0,1,1,4294967295
background155_water1,1344,0,0,0,32,32,0,1,1,4294967295
background155_water1,1344,448,0,0,32,32,0,1,1,4294967295
background155_water1,1344,480,0,0,32,32,0,1,1,4294967295
background155_water1,1344,512,0,0,32,32,0,1,1,4294967295
background155_water1,1344,544,0,0,32,32,0,1,1,4294967295
background155_water1,1344,576,0,0,32,32,0,1,1,4294967295
background155_water1,1376,416,0,0,32,32,0,1,1,4294967295
background155_water1,1376,384,0,0,32,32,0,1,1,4294967295
background155_water1,1376,352,0,0,32,32,0,1,1,4294967295
background155_water1,1376,320,0,0,32,32,0,1,1,4294967295
background155_water1,1376,288,0,0,32,32,0,1,1,4294967295
background155_water1,1376,256,0,0,32,32,0,1,1,4294967295
background155_water1,1376,224,0,0,32,32,0,1,1,4294967295
background155_water1,1376,192,0,0,32,32,0,1,1,4294967295
background155_water1,1376,160,0,0,32,32,0,1,1,4294967295
background155_water1,1376,128,0,0,32,32,0,1,1,4294967295
background155_water1,1376,96,0,0,32,32,0,1,1,4294967295
background155_water1,1376,64,0,0,32,32,0,1,1,4294967295
background155_water1,1376,32,0,0,32,32,0,1,1,4294967295
background155_water1,1376,0,0,0,32,32,0,1,1,4294967295
background155_water1,1376,448,0,0,32,32,0,1,1,4294967295
background155_water1,1376,480,0,0,32,32,0,1,1,4294967295
background155_water1,1376,512,0,0,32,32,0,1,1,4294967295
background155_water1,1376,544,0,0,32,32,0,1,1,4294967295
background155_water1,1376,576,0,0,32,32,0,1,1,4294967295
background155_water1,1408,416,0,0,32,32,0,1,1,4294967295
background155_water1,1408,384,0,0,32,32,0,1,1,4294967295
background155_water1,1408,352,0,0,32,32,0,1,1,4294967295
background155_water1,1408,320,0,0,32,32,0,1,1,4294967295
background155_water1,1408,288,0,0,32,32,0,1,1,4294967295
background155_water1,1408,256,0,0,32,32,0,1,1,4294967295
background155_water1,1408,224,0,0,32,32,0,1,1,4294967295
background155_water1,1408,192,0,0,32,32,0,1,1,4294967295
background155_water1,1408,160,0,0,32,32,0,1,1,4294967295
background155_water1,1408,128,0,0,32,32,0,1,1,4294967295
background155_water1,1408,96,0,0,32,32,0,1,1,4294967295
background155_water1,1408,64,0,0,32,32,0,1,1,4294967295
background155_water1,1408,32,0,0,32,32,0,1,1,4294967295
background155_water1,1408,0,0,0,32,32,0,1,1,4294967295
background155_water1,1408,448,0,0,32,32,0,1,1,4294967295
background155_water1,1408,480,0,0,32,32,0,1,1,4294967295
background155_water1,1408,512,0,0,32,32,0,1,1,4294967295
background155_water1,1408,544,0,0,32,32,0,1,1,4294967295
background155_water1,1408,576,0,0,32,32,0,1,1,4294967295
background155_water1,1440,32,0,0,32,32,0,1,1,4294967295
background155_water1,1472,32,0,0,32,32,0,1,1,4294967295
background155_water1,1504,32,0,0,32,32,0,1,1,4294967295
background155_water1,1536,32,0,0,32,32,0,1,1,4294967295
background155_water1,1568,32,0,0,32,32,0,1,1,4294967295
background155_water1,1568,64,0,0,32,32,0,1,1,4294967295
background155_water1,1536,64,0,0,32,32,0,1,1,4294967295
background155_water1,1504,64,0,0,32,32,0,1,1,4294967295
background155_water1,1472,64,0,0,32,32,0,1,1,4294967295
background155_water1,1440,64,0,0,32,32,0,1,1,4294967295
background155_water1,1536,96,0,0,32,32,0,1,1,4294967295
background155_water1,1568,96,0,0,32,32,0,1,1,4294967295
background155_water1,1504,96,0,0,32,32,0,1,1,4294967295
background155_water1,1472,96,0,0,32,32,0,1,1,4294967295
background155_water1,1440,96,0,0,32,32,0,1,1,4294967295
background155_water1,1696,416,0,0,32,32,0,1,1,4294967295
background155_water1,1696,384,0,0,32,32,0,1,1,4294967295
background155_water1,1696,352,0,0,32,32,0,1,1,4294967295
background155_water1,1696,320,0,0,32,32,0,1,1,4294967295
background155_water1,1696,288,0,0,32,32,0,1,1,4294967295
background155_water1,1696,256,0,0,32,32,0,1,1,4294967295
background155_water1,1696,224,0,0,32,32,0,1,1,4294967295
background155_water1,1696,192,0,0,32,32,0,1,1,4294967295
background155_water1,1696,160,0,0,32,32,0,1,1,4294967295
background155_water1,1696,128,0,0,32,32,0,1,1,4294967295
background155_water1,1696,96,0,0,32,32,0,1,1,4294967295
background155_water1,1696,64,0,0,32,32,0,1,1,4294967295
background155_water1,1696,32,0,0,32,32,0,1,1,4294967295
background155_water1,1696,448,0,0,32,32,0,1,1,4294967295
background155_water1,1696,480,0,0,32,32,0,1,1,4294967295
background155_water1,1696,512,0,0,32,32,0,1,1,4294967295
background155_water1,1696,544,0,0,32,32,0,1,1,4294967295
background155_water1,1696,576,0,0,32,32,0,1,1,4294967295
background155_water1,1728,416,0,0,32,32,0,1,1,4294967295
background155_water1,1728,384,0,0,32,32,0,1,1,4294967295
background155_water1,1728,352,0,0,32,32,0,1,1,4294967295
background155_water1,1728,320,0,0,32,32,0,1,1,4294967295
background155_water1,1728,288,0,0,32,32,0,1,1,4294967295
background155_water1,1728,256,0,0,32,32,0,1,1,4294967295
background155_water1,1728,224,0,0,32,32,0,1,1,4294967295
background155_water1,1728,192,0,0,32,32,0,1,1,4294967295
background155_water1,1728,160,0,0,32,32,0,1,1,4294967295
background155_water1,1728,128,0,0,32,32,0,1,1,4294967295
background155_water1,1728,96,0,0,32,32,0,1,1,4294967295
background155_water1,1728,64,0,0,32,32,0,1,1,4294967295
background155_water1,1728,32,0,0,32,32,0,1,1,4294967295
background155_water1,1728,448,0,0,32,32,0,1,1,4294967295
background155_water1,1728,480,0,0,32,32,0,1,1,4294967295
background155_water1,1728,512,0,0,32,32,0,1,1,4294967295
background155_water1,1728,544,0,0,32,32,0,1,1,4294967295
background155_water1,1728,576,0,0,32,32,0,1,1,4294967295
background155_water1,1760,416,0,0,32,32,0,1,1,4294967295
background155_water1,1760,384,0,0,32,32,0,1,1,4294967295
background155_water1,1760,352,0,0,32,32,0,1,1,4294967295
background155_water1,1760,320,0,0,32,32,0,1,1,4294967295
background155_water1,1760,288,0,0,32,32,0,1,1,4294967295
background155_water1,1760,256,0,0,32,32,0,1,1,4294967295
background155_water1,1760,224,0,0,32,32,0,1,1,4294967295
background155_water1,1760,192,0,0,32,32,0,1,1,4294967295
background155_water1,1760,160,0,0,32,32,0,1,1,4294967295
background155_water1,1760,128,0,0,32,32,0,1,1,4294967295
background155_water1,1760,96,0,0,32,32,0,1,1,4294967295
background155_water1,1760,64,0,0,32,32,0,1,1,4294967295
background155_water1,1760,32,0,0,32,32,0,1,1,4294967295
background155_water1,1760,448,0,0,32,32,0,1,1,4294967295
background155_water1,1760,480,0,0,32,32,0,1,1,4294967295
background155_water1,1760,512,0,0,32,32,0,1,1,4294967295
background155_water1,1760,544,0,0,32,32,0,1,1,4294967295
background155_water1,1760,576,0,0,32,32,0,1,1,4294967295
background155_water1,1792,416,0,0,32,32,0,1,1,4294967295
background155_water1,1792,384,0,0,32,32,0,1,1,4294967295
background155_water1,1792,352,0,0,32,32,0,1,1,4294967295
background155_water1,1792,320,0,0,32,32,0,1,1,4294967295
background155_water1,1792,288,0,0,32,32,0,1,1,4294967295
background155_water1,1792,256,0,0,32,32,0,1,1,4294967295
background155_water1,1792,224,0,0,32,32,0,1,1,4294967295
background155_water1,1792,192,0,0,32,32,0,1,1,4294967295
background155_water1,1792,160,0,0,32,32,0,1,1,4294967295
background155_water1,1792,128,0,0,32,32,0,1,1,4294967295
background155_water1,1792,96,0,0,32,32,0,1,1,4294967295
background155_water1,1792,64,0,0,32,32,0,1,1,4294967295
background155_water1,1792,32,0,0,32,32,0,1,1,4294967295
background155_water1,1792,448,0,0,32,32,0,1,1,4294967295
background155_water1,1792,480,0,0,32,32,0,1,1,4294967295
background155_water1,1792,512,0,0,32,32,0,1,1,4294967295
background155_water1,1792,544,0,0,32,32,0,1,1,4294967295
background155_water1,1792,576,0,0,32,32,0,1,1,4294967295
background155_water1,1824,416,0,0,32,32,0,1,1,4294967295
background155_water1,1824,384,0,0,32,32,0,1,1,4294967295
background155_water1,1824,352,0,0,32,32,0,1,1,4294967295
background155_water1,1824,320,0,0,32,32,0,1,1,4294967295
background155_water1,1824,288,0,0,32,32,0,1,1,4294967295
background155_water1,1824,256,0,0,32,32,0,1,1,4294967295
background155_water1,1824,224,0,0,32,32,0,1,1,4294967295
background155_water1,1824,192,0,0,32,32,0,1,1,4294967295
background155_water1,1824,160,0,0,32,32,0,1,1,4294967295
background155_water1,1824,128,0,0,32,32,0,1,1,4294967295
background155_water1,1824,96,0,0,32,32,0,1,1,4294967295
background155_water1,1824,64,0,0,32,32,0,1,1,4294967295
background155_water1,1824,32,0,0,32,32,0,1,1,4294967295
background155_water1,1824,448,0,0,32,32,0,1,1,4294967295
background155_water1,1824,480,0,0,32,32,0,1,1,4294967295
background155_water1,1824,512,0,0,32,32,0,1,1,4294967295
background155_water1,1824,544,0,0,32,32,0,1,1,4294967295
background155_water1,1824,576,0,0,32,32,0,1,1,4294967295
background155_water1,1856,416,0,0,32,32,0,1,1,4294967295
background155_water1,1856,384,0,0,32,32,0,1,1,4294967295
background155_water1,1856,352,0,0,32,32,0,1,1,4294967295
background155_water1,1856,320,0,0,32,32,0,1,1,4294967295
background155_water1,1856,288,0,0,32,32,0,1,1,4294967295
background155_water1,1856,256,0,0,32,32,0,1,1,4294967295
background155_water1,1856,224,0,0,32,32,0,1,1,4294967295
background155_water1,1856,192,0,0,32,32,0,1,1,4294967295
background155_water1,1856,160,0,0,32,32,0,1,1,4294967295
background155_water1,1856,128,0,0,32,32,0,1,1,4294967295
background155_water1,1856,96,0,0,32,32,0,1,1,4294967295
background155_water1,1856,64,0,0,32,32,0,1,1,4294967295
background155_water1,1856,32,0,0,32,32,0,1,1,4294967295
background155_water1,1856,448,0,0,32,32,0,1,1,4294967295
background155_water1,1856,480,0,0,32,32,0,1,1,4294967295
background155_water1,1856,512,0,0,32,32,0,1,1,4294967295
background155_water1,1856,544,0,0,32,32,0,1,1,4294967295
background155_water1,1856,576,0,0,32,32,0,1,1,4294967295
background155_water1,1888,416,0,0,32,32,0,1,1,4294967295
background155_water1,1888,384,0,0,32,32,0,1,1,4294967295
background155_water1,1888,352,0,0,32,32,0,1,1,4294967295
background155_water1,1888,320,0,0,32,32,0,1,1,4294967295
background155_water1,1888,288,0,0,32,32,0,1,1,4294967295
background155_water1,1888,256,0,0,32,32,0,1,1,4294967295
background155_water1,1888,224,0,0,32,32,0,1,1,4294967295
background155_water1,1888,192,0,0,32,32,0,1,1,4294967295
background155_water1,1888,160,0,0,32,32,0,1,1,4294967295
background155_water1,1888,128,0,0,32,32,0,1,1,4294967295
background155_water1,1888,96,0,0,32,32,0,1,1,4294967295
background155_water1,1888,64,0,0,32,32,0,1,1,4294967295
background155_water1,1888,32,0,0,32,32,0,1,1,4294967295
background155_water1,1888,448,0,0,32,32,0,1,1,4294967295
background155_water1,1888,480,0,0,32,32,0,1,1,4294967295
background155_water1,1888,512,0,0,32,32,0,1,1,4294967295
background155_water1,1888,544,0,0,32,32,0,1,1,4294967295
background155_water1,1888,576,0,0,32,32,0,1,1,4294967295
background155_water1,1920,416,0,0,32,32,0,1,1,4294967295
background155_water1,1920,384,0,0,32,32,0,1,1,4294967295
background155_water1,1920,352,0,0,32,32,0,1,1,4294967295
background155_water1,1920,320,0,0,32,32,0,1,1,4294967295
background155_water1,1920,288,0,0,32,32,0,1,1,4294967295
background155_water1,1920,256,0,0,32,32,0,1,1,4294967295
background155_water1,1920,224,0,0,32,32,0,1,1,4294967295
background155_water1,1920,192,0,0,32,32,0,1,1,4294967295
background155_water1,1920,160,0,0,32,32,0,1,1,4294967295
background155_water1,1920,128,0,0,32,32,0,1,1,4294967295
background155_water1,1920,96,0,0,32,32,0,1,1,4294967295
background155_water1,1920,64,0,0,32,32,0,1,1,4294967295
background155_water1,1920,32,0,0,32,32,0,1,1,4294967295
background155_water1,1920,448,0,0,32,32,0,1,1,4294967295
background155_water1,1920,480,0,0,32,32,0,1,1,4294967295
background155_water1,1920,512,0,0,32,32,0,1,1,4294967295
background155_water1,1920,544,0,0,32,32,0,1,1,4294967295
background155_water1,1920,576,0,0,32,32,0,1,1,4294967295
background155_water1,1952,416,0,0,32,32,0,1,1,4294967295
background155_water1,1952,384,0,0,32,32,0,1,1,4294967295
background155_water1,1952,352,0,0,32,32,0,1,1,4294967295
background155_water1,1952,320,0,0,32,32,0,1,1,4294967295
background155_water1,1952,288,0,0,32,32,0,1,1,4294967295
background155_water1,1952,256,0,0,32,32,0,1,1,4294967295
background155_water1,1952,224,0,0,32,32,0,1,1,4294967295
background155_water1,1952,192,0,0,32,32,0,1,1,4294967295
background155_water1,1952,160,0,0,32,32,0,1,1,4294967295
background155_water1,1952,128,0,0,32,32,0,1,1,4294967295
background155_water1,1952,96,0,0,32,32,0,1,1,4294967295
background155_water1,1952,64,0,0,32,32,0,1,1,4294967295
background155_water1,1952,32,0,0,32,32,0,1,1,4294967295
background155_water1,1952,448,0,0,32,32,0,1,1,4294967295
background155_water1,1952,480,0,0,32,32,0,1,1,4294967295
background155_water1,1952,512,0,0,32,32,0,1,1,4294967295
background155_water1,1952,544,0,0,32,32,0,1,1,4294967295
background155_water1,1952,576,0,0,32,32,0,1,1,4294967295
background155_water1,2016,416,0,0,32,32,0,1,1,4294967295
background155_water1,2016,384,0,0,32,32,0,1,1,4294967295
background155_water1,2016,352,0,0,32,32,0,1,1,4294967295
background155_water1,2016,320,0,0,32,32,0,1,1,4294967295
background155_water1,2016,288,0,0,32,32,0,1,1,4294967295
background155_water1,2016,256,0,0,32,32,0,1,1,4294967295
background155_water1,2016,224,0,0,32,32,0,1,1,4294967295
background155_water1,2016,192,0,0,32,32,0,1,1,4294967295
background155_water1,2016,160,0,0,32,32,0,1,1,4294967295
background155_water1,2016,128,0,0,32,32,0,1,1,4294967295
background155_water1,2016,96,0,0,32,32,0,1,1,4294967295
background155_water1,2016,64,0,0,32,32,0,1,1,4294967295
background155_water1,2016,32,0,0,32,32,0,1,1,4294967295
background155_water1,2016,448,0,0,32,32,0,1,1,4294967295
background155_water1,2016,480,0,0,32,32,0,1,1,4294967295
background155_water1,2016,512,0,0,32,32,0,1,1,4294967295
background155_water1,2016,544,0,0,32,32,0,1,1,4294967295
background155_water1,2016,576,0,0,32,32,0,1,1,4294967295
background155_water1,1984,416,0,0,32,32,0,1,1,4294967295
background155_water1,1984,384,0,0,32,32,0,1,1,4294967295
background155_water1,1984,352,0,0,32,32,0,1,1,4294967295
background155_water1,1984,320,0,0,32,32,0,1,1,4294967295
background155_water1,1984,288,0,0,32,32,0,1,1,4294967295
background155_water1,1984,256,0,0,32,32,0,1,1,4294967295
background155_water1,1984,224,0,0,32,32,0,1,1,4294967295
background155_water1,1984,192,0,0,32,32,0,1,1,4294967295
background155_water1,1984,160,0,0,32,32,0,1,1,4294967295
background155_water1,1984,128,0,0,32,32,0,1,1,4294967295
background155_water1,1984,96,0,0,32,32,0,1,1,4294967295
background155_water1,1984,64,0,0,32,32,0,1,1,4294967295
background155_water1,1984,32,0,0,32,32,0,1,1,4294967295
background155_water1,1984,448,0,0,32,32,0,1,1,4294967295
background155_water1,1984,480,0,0,32,32,0,1,1,4294967295
background155_water1,1984,512,0,0,32,32,0,1,1,4294967295
background155_water1,1984,544,0,0,32,32,0,1,1,4294967295
background155_water1,1984,576,0,0,32,32,0,1,1,4294967295
background155_water1,2048,416,0,0,32,32,0,1,1,4294967295
background155_water1,2048,384,0,0,32,32,0,1,1,4294967295
background155_water1,2048,352,0,0,32,32,0,1,1,4294967295
background155_water1,2048,320,0,0,32,32,0,1,1,4294967295
background155_water1,2048,288,0,0,32,32,0,1,1,4294967295
background155_water1,2048,256,0,0,32,32,0,1,1,4294967295
background155_water1,2048,224,0,0,32,32,0,1,1,4294967295
background155_water1,2048,192,0,0,32,32,0,1,1,4294967295
background155_water1,2048,160,0,0,32,32,0,1,1,4294967295
background155_water1,2048,128,0,0,32,32,0,1,1,4294967295
background155_water1,2048,96,0,0,32,32,0,1,1,4294967295
background155_water1,2048,64,0,0,32,32,0,1,1,4294967295
background155_water1,2048,32,0,0,32,32,0,1,1,4294967295
background155_water1,2048,448,0,0,32,32,0,1,1,4294967295
background155_water1,2048,480,0,0,32,32,0,1,1,4294967295
background155_water1,2048,512,0,0,32,32,0,1,1,4294967295
background155_water1,2048,544,0,0,32,32,0,1,1,4294967295
background155_water1,2048,576,0,0,32,32,0,1,1,4294967295
background155_water1,2080,416,0,0,32,32,0,1,1,4294967295
background155_water1,2080,384,0,0,32,32,0,1,1,4294967295
background155_water1,2080,352,0,0,32,32,0,1,1,4294967295
background155_water1,2080,320,0,0,32,32,0,1,1,4294967295
background155_water1,2080,288,0,0,32,32,0,1,1,4294967295
background155_water1,2080,256,0,0,32,32,0,1,1,4294967295
background155_water1,2080,224,0,0,32,32,0,1,1,4294967295
background155_water1,2080,192,0,0,32,32,0,1,1,4294967295
background155_water1,2080,160,0,0,32,32,0,1,1,4294967295
background155_water1,2080,128,0,0,32,32,0,1,1,4294967295
background155_water1,2080,96,0,0,32,32,0,1,1,4294967295
background155_water1,2080,64,0,0,32,32,0,1,1,4294967295
background155_water1,2080,32,0,0,32,32,0,1,1,4294967295
background155_water1,2080,448,0,0,32,32,0,1,1,4294967295
background155_water1,2080,480,0,0,32,32,0,1,1,4294967295
background155_water1,2080,512,0,0,32,32,0,1,1,4294967295
background155_water1,2080,544,0,0,32,32,0,1,1,4294967295
background155_water1,2080,576,0,0,32,32,0,1,1,4294967295
background155_water1,2112,416,0,0,32,32,0,1,1,4294967295
background155_water1,2112,384,0,0,32,32,0,1,1,4294967295
background155_water1,2112,352,0,0,32,32,0,1,1,4294967295
background155_water1,2112,320,0,0,32,32,0,1,1,4294967295
background155_water1,2112,288,0,0,32,32,0,1,1,4294967295
background155_water1,2112,256,0,0,32,32,0,1,1,4294967295
background155_water1,2112,224,0,0,32,32,0,1,1,4294967295
background155_water1,2112,192,0,0,32,32,0,1,1,4294967295
background155_water1,2112,160,0,0,32,32,0,1,1,4294967295
background155_water1,2112,128,0,0,32,32,0,1,1,4294967295
background155_water1,2112,96,0,0,32,32,0,1,1,4294967295
background155_water1,2112,64,0,0,32,32,0,1,1,4294967295
background155_water1,2112,32,0,0,32,32,0,1,1,4294967295
background155_water1,2112,448,0,0,32,32,0,1,1,4294967295
background155_water1,2112,480,0,0,32,32,0,1,1,4294967295
background155_water1,2112,512,0,0,32,32,0,1,1,4294967295
background155_water1,2112,544,0,0,32,32,0,1,1,4294967295
background155_water1,2112,576,0,0,32,32,0,1,1,4294967295
background155_water1,2144,416,0,0,32,32,0,1,1,4294967295
background155_water1,2144,384,0,0,32,32,0,1,1,4294967295
background155_water1,2144,352,0,0,32,32,0,1,1,4294967295
background155_water1,2144,320,0,0,32,32,0,1,1,4294967295
background155_water1,2144,288,0,0,32,32,0,1,1,4294967295
background155_water1,2144,256,0,0,32,32,0,1,1,4294967295
background155_water1,2144,224,0,0,32,32,0,1,1,4294967295
background155_water1,2144,192,0,0,32,32,0,1,1,4294967295
background155_water1,2144,160,0,0,32,32,0,1,1,4294967295
background155_water1,2144,128,0,0,32,32,0,1,1,4294967295
background155_water1,2144,448,0,0,32,32,0,1,1,4294967295
background155_water1,2144,480,0,0,32,32,0,1,1,4294967295
background155_water1,2144,512,0,0,32,32,0,1,1,4294967295
background155_water1,2144,544,0,0,32,32,0,1,1,4294967295
background155_water1,2144,576,0,0,32,32,0,1,1,4294967295
background155_water1,2208,416,0,0,32,32,0,1,1,4294967295
background155_water1,2208,384,0,0,32,32,0,1,1,4294967295
background155_water1,2208,352,0,0,32,32,0,1,1,4294967295
background155_water1,2208,320,0,0,32,32,0,1,1,4294967295
background155_water1,2208,288,0,0,32,32,0,1,1,4294967295
background155_water1,2208,256,0,0,32,32,0,1,1,4294967295
background155_water1,2208,224,0,0,32,32,0,1,1,4294967295
background155_water1,2208,192,0,0,32,32,0,1,1,4294967295
background155_water1,2208,160,0,0,32,32,0,1,1,4294967295
background155_water1,2208,128,0,0,32,32,0,1,1,4294967295
background155_water1,2208,448,0,0,32,32,0,1,1,4294967295
background155_water1,2208,480,0,0,32,32,0,1,1,4294967295
background155_water1,2208,512,0,0,32,32,0,1,1,4294967295
background155_water1,2208,544,0,0,32,32,0,1,1,4294967295
background155_water1,2208,576,0,0,32,32,0,1,1,4294967295
background155_water1,2176,416,0,0,32,32,0,1,1,4294967295
background155_water1,2176,384,0,0,32,32,0,1,1,4294967295
background155_water1,2176,352,0,0,32,32,0,1,1,4294967295
background155_water1,2176,320,0,0,32,32,0,1,1,4294967295
background155_water1,2176,288,0,0,32,32,0,1,1,4294967295
background155_water1,2176,256,0,0,32,32,0,1,1,4294967295
background155_water1,2176,224,0,0,32,32,0,1,1,4294967295
background155_water1,2176,192,0,0,32,32,0,1,1,4294967295
background155_water1,2176,160,0,0,32,32,0,1,1,4294967295
background155_water1,2176,128,0,0,32,32,0,1,1,4294967295
background155_water1,2176,448,0,0,32,32,0,1,1,4294967295
background155_water1,2176,480,0,0,32,32,0,1,1,4294967295
background155_water1,2176,512,0,0,32,32,0,1,1,4294967295
background155_water1,2176,544,0,0,32,32,0,1,1,4294967295
background155_water1,2176,576,0,0,32,32,0,1,1,4294967295
background155_water1,2240,416,0,0,32,32,0,1,1,4294967295
background155_water1,2240,384,0,0,32,32,0,1,1,4294967295
background155_water1,2240,352,0,0,32,32,0,1,1,4294967295
background155_water1,2240,320,0,0,32,32,0,1,1,4294967295
background155_water1,2240,288,0,0,32,32,0,1,1,4294967295
background155_water1,2240,256,0,0,32,32,0,1,1,4294967295
background155_water1,2240,224,0,0,32,32,0,1,1,4294967295
background155_water1,2240,192,0,0,32,32,0,1,1,4294967295
background155_water1,2240,160,0,0,32,32,0,1,1,4294967295
background155_water1,2240,128,0,0,32,32,0,1,1,4294967295
background155_water1,2240,448,0,0,32,32,0,1,1,4294967295
background155_water1,2240,480,0,0,32,32,0,1,1,4294967295
background155_water1,2240,512,0,0,32,32,0,1,1,4294967295
background155_water1,2240,544,0,0,32,32,0,1,1,4294967295
background155_water1,2240,576,0,0,32,32,0,1,1,4294967295
background155_water1,2272,416,0,0,32,32,0,1,1,4294967295
background155_water1,2272,384,0,0,32,32,0,1,1,4294967295
background155_water1,2272,352,0,0,32,32,0,1,1,4294967295
background155_water1,2272,320,0,0,32,32,0,1,1,4294967295
background155_water1,2272,288,0,0,32,32,0,1,1,4294967295
background155_water1,2272,256,0,0,32,32,0,1,1,4294967295
background155_water1,2272,224,0,0,32,32,0,1,1,4294967295
background155_water1,2272,192,0,0,32,32,0,1,1,4294967295
background155_water1,2272,160,0,0,32,32,0,1,1,4294967295
background155_water1,2272,128,0,0,32,32,0,1,1,4294967295
background155_water1,2272,448,0,0,32,32,0,1,1,4294967295
background155_water1,2272,480,0,0,32,32,0,1,1,4294967295
background155_water1,2272,512,0,0,32,32,0,1,1,4294967295
background155_water1,2272,544,0,0,32,32,0,1,1,4294967295
background155_water1,2272,576,0,0,32,32,0,1,1,4294967295
background155_water1,2304,416,0,0,32,32,0,1,1,4294967295
background155_water1,2304,384,0,0,32,32,0,1,1,4294967295
background155_water1,2304,352,0,0,32,32,0,1,1,4294967295
background155_water1,2304,320,0,0,32,32,0,1,1,4294967295
background155_water1,2304,288,0,0,32,32,0,1,1,4294967295
background155_water1,2304,256,0,0,32,32,0,1,1,4294967295
background155_water1,2304,224,0,0,32,32,0,1,1,4294967295
background155_water1,2304,192,0,0,32,32,0,1,1,4294967295
background155_water1,2304,160,0,0,32,32,0,1,1,4294967295
background155_water1,2304,128,0,0,32,32,0,1,1,4294967295
background155_water1,2304,448,0,0,32,32,0,1,1,4294967295
background155_water1,2304,480,0,0,32,32,0,1,1,4294967295
background155_water1,2304,512,0,0,32,32,0,1,1,4294967295
background155_water1,2304,544,0,0,32,32,0,1,1,4294967295
background155_water1,2304,576,0,0,32,32,0,1,1,4294967295
background155_water1,2336,128,0,0,32,32,0,1,1,4294967295
background155_water1,2336,160,0,0,32,32,0,1,1,4294967295
background155_water1,2336,192,0,0,32,32,0,1,1,4294967295
background155_water1,2336,224,0,0,32,32,0,1,1,4294967295
background155_water1,2336,256,0,0,32,32,0,1,1,4294967295
background155_water1,2336,288,0,0,32,32,0,1,1,4294967295
background155_water1,2336,320,0,0,32,32,0,1,1,4294967295
background155_water1,2336,352,0,0,32,32,0,1,1,4294967295
background155_water1,2336,384,0,0,32,32,0,1,1,4294967295
background155_water1,2336,416,0,0,32,32,0,1,1,4294967295
background155_water1,2336,448,0,0,32,32,0,1,1,4294967295
background155_water1,2336,480,0,0,32,32,0,1,1,4294967295
background155_water1,2336,512,0,0,32,32,0,1,1,4294967295
background155_water1,2336,544,0,0,32,32,0,1,1,4294967295
background155_water1,2336,576,0,0,32,32,0,1,1,4294967295
background155_water1,1600,32,0,0,32,32,0,1,1,4294967295
background155_water1,1632,32,0,0,32,32,0,1,1,4294967295
background155_water1,1664,32,0,0,32,32,0,1,1,4294967295
background155_water1,1664,64,0,0,32,32,0,1,1,4294967295
background155_water1,1664,96,0,0,32,32,0,1,1,4294967295
background155_water1,1600,96,0,0,32,32,0,1,1,4294967295
background155_water1,1600,64,0,0,32,32,0,1,1,4294967295
background155_water1,1632,64,0,0,32,32,0,1,1,4294967295
background155_water1,1632,96,0,0,32,32,0,1,1,4294967295
background155_water1,2080,0,0,0,32,32,0,1,1,4294967295
