Warp,2080,0,57DD023D,0,1,1,4294967295,0,0
Block,0,128,AA04F2BC,0,1,1,4294967295,0,0
Block,32,128,CC4CF136,0,1,1,4294967295,0,0
Block,64,128,7757AAE2,0,1,1,4294967295,0,0
Block,96,128,46C6E0D7,0,1,1,4294967295,0,0
Block,128,128,EB611CF0,0,1,1,4294967295,0,0
Block,160,128,F4459994,0,1,1,4294967295,0,0
Block,160,160,06428EC4,0,1,1,4294967295,0,0
Block,160,192,C57FCD66,0,1,1,4294967295,0,0
Block,160,224,A062C8AA,0,1,1,4294967295,0,0
Block,160,256,2EB128A6,0,1,1,4294967295,0,0
Block,160,288,DEF229D6,0,1,1,4294967295,0,0
Block,160,320,5EA213EC,0,1,1,4294967295,0,0
Block,160,352,290956E0,0,1,1,4294967295,0,0
Block,160,384,A78F06FD,0,1,1,4294967295,0,0
Block,160,416,E4E0C3BF,0,1,1,4294967295,0,0
Block,160,448,4A483E92,0,1,1,4294967295,0,0
Block,160,480,9B47D954,0,1,1,4294967295,0,0
Block,160,512,ED6AA588,0,1,1,4294967295,0,0
Block,160,576,8B1BF15F,0,1,1,4294967295,0,0
Block,160,544,F466FC1D,0,1,1,4294967295,0,0
Block,608,96,F1014844,0,1,1,4294967295,0,0
Block,608,64,D28623B6,0,1,1,4294967295,0,0
Block,608,32,DC6A6BA6,0,1,1,4294967295,0,0
Block,608,0,3047F19E,0,1,1,4294967295,0,0
Block,608,128,5030C32E,0,1,1,4294967295,0,0
Block,608,160,E3F3FC3D,0,1,1,4294967295,0,0
Block,608,192,D7E5A878,0,1,1,4294967295,0,0
Block,608,224,8BC11C19,0,1,1,4294967295,0,0
Block,608,256,EFE5BC07,0,1,1,4294967295,0,0
Block,608,288,80181120,0,1,1,4294967295,0,0
Block,608,320,8F53A428,0,1,1,4294967295,0,0
Block,608,352,09DE17A8,0,1,1,4294967295,0,0
Block,608,384,72F7D15E,0,1,1,4294967295,0,0
Block,608,512,C5346E15,0,1,1,4294967295,0,0
Block,608,544,DFC7CB51,0,1,1,4294967295,0,0
Block,608,576,A24F6FA9,0,1,1,4294967295,0,0
Block,0,0,38BCA248,0,1,1,4294967295,0,0
Block,32,0,EC8F47E5,0,1,1,4294967295,0,0
Block,64,0,90FF07DB,0,1,1,4294967295,0,0
Block,96,0,8888F867,0,1,1,4294967295,0,0
Block,128,0,E0328129,0,1,1,4294967295,0,0
Block,160,0,9B639D77,0,1,1,4294967295,0,0
Block,192,0,C895C177,0,1,1,4294967295,0,0
Block,224,0,275CA34C,0,1,1,4294967295,0,0
Block,256,0,30E2FBE3,0,1,1,4294967295,0,0
Block,288,0,48F582AB,0,1,1,4294967295,0,0
Block,320,0,3DADB6DA,0,1,1,4294967295,0,0
Block,352,0,FCEE46F4,0,1,1,4294967295,0,0
Block,384,0,4E4669E3,0,1,1,4294967295,0,0
Block,416,0,AECA42B0,0,1,1,4294967295,0,0
Block,448,0,8C44506E,0,1,1,4294967295,0,0
Block,480,0,164CDB74,0,1,1,4294967295,0,0
Block,512,0,E674E338,0,1,1,4294967295,0,0
Block,544,0,B4972DFD,0,1,1,4294967295,0,0
Block,576,0,453BBA12,0,1,1,4294967295,0,0
Block,272,176,B9A01EC8,0,1,1,4294967295,0,0
Block,304,144,E4D4FBD4,0,1,1,4294967295,0,0
Block,304,176,8D45A296,0,1,1,4294967295,0,0
Block,192,128,2BEBD6CA,0,1,1,4294967295,0,0
Block,304,208,F2228F27,0,1,1,4294967295,0,0
Block,336,208,3511E339,0,1,1,4294967295,0,0
Block,384,96,96F96C87,0,1,1,4294967295,0,0
Block,432,256,070E268D,0,1,1,4294967295,0,0
Block,512,240,F9310042,0,1,1,4294967295,0,0
Block,496,128,46FFD9D9,0,1,1,4294967295,0,0
Block,560,192,F5804606,0,1,1,4294967295,0,0
Block,224,208,1708978E,0,1,1,4294967295,0,0
Block,336,368,71D82BD2,0,1,1,4294967295,0,0
Block,368,368,F614B716,0,1,1,4294967295,0,0
Block,336,400,72311858,0,1,1,4294967295,0,0
Block,304,352,B3ADB327,0,1,1,4294967295,0,0
Block,256,352,823AAE94,0,1,1,4294967295,0,0
Block,464,352,F08B80B0,0,1,1,4294967295,0,0
Block,464,384,34C65EB8,0,1,1,4294967295,0,0
Block,224,480,950115C0,0,1,1,4294967295,0,0
Block,336,480,B72A2D13,0,1,1,4294967295,0,0
Block,336,544,30200469,0,1,1,4294967295,0,0
Block,336,576,3524BCA4,0,1,1,4294967295,0,0
Block,368,400,7D3B1C96,0,1,1,4294967295,0,0
Block,368,432,BB812A42,0,1,1,4294967295,0,0
Block,384,528,3FE26A93,0,1,1,4294967295,0,0
Block,464,416,8018845E,0,0.5,1,4294967295,0,0
Block,512,464,75A2A9FD,0,1,1,4294967295,0,0
Block,512,496,F53A80A1,0,1,1,4294967295,0,0
Block,544,448,BEA85CA6,0,1,1,4294967295,0,0
Block,544,480,24AB5FB6,0,1,1,4294967295,0,0
Block,544,272,38FDB00C,0,1,1,4294967295,0,0
Block,544,512,180BEA1B,0,1,1,4294967295,0,0
Block,544,544,9C31D09C,0,1,1,4294967295,0,0
Block,640,512,1020F809,0,1,1,4294967295,0,0
Block,672,512,EDE17584,0,1,1,4294967295,0,0
Block,704,512,AD289737,0,1,1,4294967295,0,0
Block,736,512,370F450C,0,1,1,4294967295,0,0
Block,768,512,B5C682AB,0,1,1,4294967295,0,0
Block,640,384,36746D8B,0,1,1,4294967295,0,0
Block,672,384,A5E9AAA5,0,1,1,4294967295,0,0
Block,704,384,8E42E034,0,1,1,4294967295,0,0
Block,736,384,AF312C02,0,1,1,4294967295,0,0
Block,768,384,C4744F0B,0,1,1,4294967295,0,0
Block,304,480,75B145F6,0,1,0.5,4294967295,0,0
Block,256,384,F245229C,0,1,0.5,4294967295,0,0
Block,800,384,F524A552,0,1,1,4294967295,0,0
Block,832,384,57F912D3,0,1,1,4294967295,0,0
Block,864,384,8DBF3BF5,0,1,1,4294967295,0,0
Block,896,384,788BDE5F,0,1,1,4294967295,0,0
Block,928,384,42386D6F,0,1,1,4294967295,0,0
Block,800,512,61852F16,0,1,1,4294967295,0,0
Block,832,512,462AEDF5,0,1,1,4294967295,0,0
Block,864,512,C604D39E,0,1,1,4294967295,0,0
Block,896,512,9536FDD2,0,1,1,4294967295,0,0
Block,928,512,64D34F61,0,1,1,4294967295,0,0
Block,960,384,F18A3D70,0,1,1,4294967295,0,0
Block,960,352,A02C6DB5,0,1,1,4294967295,0,0
Block,960,320,549C5B30,0,1,1,4294967295,0,0
Block,960,288,96460D5D,0,1,1,4294967295,0,0
Block,960,256,FEAF9E8D,0,1,1,4294967295,0,0
Block,960,224,055311F8,0,1,1,4294967295,0,0
Block,960,192,73B1C6C6,0,1,1,4294967295,0,0
Block,960,160,98149F44,0,1,1,4294967295,0,0
Block,960,128,E1C54B09,0,1,1,4294967295,0,0
Block,960,96,13FF5249,0,1,1,4294967295,0,0
Block,960,64,05C530CF,0,1,1,4294967295,0,0
Block,960,32,51D72B8B,0,1,1,4294967295,0,0
Block,960,0,4031E5BE,0,1,1,4294967295,0,0
Block,960,512,B0C568C3,0,1,1,4294967295,0,0
Block,960,544,C0DB10F2,0,1,1,4294967295,0,0
Block,960,576,CB0B1359,0,1,1,4294967295,0,0
Block,1568,0,BAEAF3CC,0,1,1,4294967295,0,0
Block,1536,0,7C47BA05,0,1,1,4294967295,0,0
Block,1504,0,714AA6A8,0,1,1,4294967295,0,0
Block,1472,0,8425BE60,0,1,1,4294967295,0,0
Block,1440,0,FF8FD34F,0,1,1,4294967295,0,0
Block,1440,128,51B03838,0,1,1,4294967295,0,0
Block,1472,128,77AE6432,0,1,1,4294967295,0,0
Block,1504,128,A2017C56,0,1,1,4294967295,0,0
Block,1536,128,E58ACA57,0,1,1,4294967295,0,0
Block,1568,128,9156FC66,0,1,1,4294967295,0,0
Block,1440,160,99972BFB,0,1,1,4294967295,0,0
Block,1440,192,69CC0541,0,1,1,4294967295,0,0
Block,1440,224,68F8B12C,0,1,1,4294967295,0,0
Block,1440,256,FFA8AFB9,0,1,1,4294967295,0,0
Block,1440,288,0F51E530,0,1,1,4294967295,0,0
Block,1440,320,C745D837,0,1,1,4294967295,0,0
Block,1440,352,3049FF6D,0,1,1,4294967295,0,0
Block,1440,384,4C1F4FCD,0,1,1,4294967295,0,0
Block,1440,416,7FA9E349,0,1,1,4294967295,0,0
Block,1440,448,4E69D823,0,1,1,4294967295,0,0
Block,1440,480,6F0415B8,0,1,1,4294967295,0,0
Block,1440,512,08637BDD,0,1,1,4294967295,0,0
Block,1440,544,A1CD1389,0,1,1,4294967295,0,0
Block,1440,576,B6B3B856,0,1,1,4294967295,0,0
Block,1440,608,4690192B,0,1,1,4294967295,0,0
Block,992,0,83B21A1B,0,1,1,4294967295,0,0
Block,1024,0,619C5A49,0,1,1,4294967295,0,0
Block,1056,0,A4632F04,0,1,1,4294967295,0,0
Block,1088,0,3DF353C2,0,1,1,4294967295,0,0
Block,1120,0,61D4676A,0,1,1,4294967295,0,0
Block,1152,0,48369D4D,0,1,1,4294967295,0,0
Block,1184,0,1CC41730,0,1,1,4294967295,0,0
Block,1216,0,37D7AEE6,0,1,1,4294967295,0,0
Block,1248,0,366E0482,0,1,1,4294967295,0,0
Block,1280,0,7BFE8FFD,0,1,1,4294967295,0,0
Block,1312,0,AF4B5CDC,0,1,1,4294967295,0,0
Block,1344,0,66CE0CAB,0,1,1,4294967295,0,0
Block,1376,0,E4EFF812,0,1,1,4294967295,0,0
Block,1408,0,934B92EF,0,1,1,4294967295,0,0
Block,992,480,2C84DAF3,0,1,1,4294967295,0,0
Block,992,512,DA05B1DE,0,1,1,4294967295,0,0
Block,992,352,C49E0195,0,1,1,4294967295,0,0
Block,1088,368,80D0F1CA,0,1,1,4294967295,0,0
Block,1088,400,8320C297,0,1,1,4294967295,0,0
Block,1088,496,FBE50CCB,0,1,1,4294967295,0,0
Block,992,544,959FC41F,0,1,1,4294967295,0,0
Block,992,576,CC1FF9E4,0,1,1,4294967295,0,0
Block,1152,544,8330BF48,0,1,1,4294967295,0,0
Block,1152,576,853E5CCE,0,1,1,4294967295,0,0
Block,1200,576,BFA6CBC7,0,1,1,4294967295,0,0
Block,1232,544,17724BDA,0,1,1,4294967295,0,0
Block,1232,576,151DFA8F,0,1,1,4294967295,0,0
Block,1056,336,2253C8D8,0,1,1,4294967295,0,0
Block,1088,336,7F36F0A8,0,1,1,4294967295,0,0
Block,992,320,CF1B31DE,0,1,1,4294967295,0,0
Block,1056,240,5823B968,0,1,1,4294967295,0,0
Block,1056,208,F5809EE5,0,1,1,4294967295,0,0
Block,1088,208,D21E80D7,0,1,1,4294967295,0,0
Block,1168,272,A640F89E,0,1,1,4294967295,0,0
Block,1216,240,63CC6829,0,1,1,4294967295,0,0
Block,1216,208,7CFA6324,0,1,1,4294967295,0,0
Block,1216,176,BADA2C81,0,1,1,4294967295,0,0
Block,1152,400,68EDBB2D,0,1,1,4294967295,0,0
Block,1184,400,09BCA6AF,0,1,1,4294967295,0,0
Block,1216,368,B991075A,0,0.5,2,4294967295,0,0
Block,1280,368,9AE0BBC0,0,1,1,4294967295,0,0
Block,1280,336,C312328C,0,1,1,4294967295,0,0
Block,1280,304,1E18A5A6,0,1,1,4294967295,0,0
Block,1264,480,BE3D62E0,0,1,1,4294967295,0,0
Block,1264,576,905BF978,0,1,1,4294967295,0,0
Block,1312,400,FFC6B306,0,1,1,4294967295,0,0
Block,1360,528,F5FD4D56,0,1,1,4294967295,0,0
Block,1360,560,C4BB2168,0,1,1,4294967295,0,0
Block,1392,432,3CCDE72B,0,1,1,4294967295,0,0
Block,1312,432,51C52046,0,1,1,4294967295,0,0
Block,1280,272,AC2D3407,0,1,1,4294967295,0,0
Block,1392,272,6F6DDDBA,0,1,1,4294967295,0,0
Block,1344,112,17889417,0,1,1,4294967295,0,0
Block,1344,144,DB5110C2,0,1,1,4294967295,0,0
Block,1344,176,8125528E,0,1,1,4294967295,0,0
Block,1104,80,92015FD0,0,1,1,4294967295,0,0
Block,1072,80,3EB00C5E,0,1,1,4294967295,0,0
Block,1040,80,450C44FE,0,1,1,4294967295,0,0
Block,1040,112,735306D5,0,1,1,4294967295,0,0
Block,1280,32,F100A6B0,0,1,1,4294967295,0,0
Block,1216,96,2A63E831,0,1,1,4294967295,0,0
Block,1392,96,E0A67FC3,0,1,1,4294967295,0,0
Block,1392,64,D8920D37,0,1,1,4294967295,0,0
Block,1392,32,BB7C6FAC,0,1,1,4294967295,0,0
Block,1232,272,6E0820D5,0,0.5,1,4294967295,0,0
Block,1600,0,25FD068C,0,1,1,4294967295,0,0
Block,1632,0,BCAF380F,0,1,1,4294967295,0,0
Block,1664,0,49335EA5,0,1,1,4294967295,0,0
Block,1696,0,AC697F69,0,1,1,4294967295,0,0
Block,1728,0,B6823845,0,1,1,4294967295,0,0
Block,1600,128,6521BEDD,0,1,1,4294967295,0,0
Block,1632,128,24836FB2,0,1,1,4294967295,0,0
Block,1664,128,80BE7C79,0,1,1,4294967295,0,0
Block,1664,160,7FEE9F3A,0,1,1,4294967295,0,0
Block,1664,192,BF2ABC61,0,1,1,4294967295,0,0
Block,1664,224,0548C204,0,1,1,4294967295,0,0
Block,1664,256,58AA8539,0,1,1,4294967295,0,0
Block,1664,288,1EC8049E,0,1,1,4294967295,0,0
Block,1664,320,4E59E253,0,1,1,4294967295,0,0
Block,1664,352,5058018E,0,1,1,4294967295,0,0
Block,1664,384,5A0AFC6D,0,1,1,4294967295,0,0
Block,1664,416,AC3CAC06,0,1,1,4294967295,0,0
Block,1664,448,C532D6A0,0,1,1,4294967295,0,0
Block,1664,480,988F4B2F,0,1,1,4294967295,0,0
Block,1664,512,9ADFF7E6,0,1,1,4294967295,0,0
Block,1664,544,878A755F,0,1,1,4294967295,0,0
Block,1664,576,375565A7,0,1,1,4294967295,0,0
Block,1760,0,877204BD,0,1,1,4294967295,0,0
Block,1792,0,829983E7,0,1,1,4294967295,0,0
Block,1824,0,6E41DBE2,0,1,1,4294967295,0,0
Block,1856,0,CDDA340C,0,1,1,4294967295,0,0
Block,1888,0,8CE50AFC,0,1,1,4294967295,0,0
Block,1920,0,988E83FB,0,1,1,4294967295,0,0
Block,1952,0,D4D49C34,0,1,1,4294967295,0,0
Block,1984,0,C15FDEC6,0,1,1,4294967295,0,0
Block,2016,0,A87E9F5D,0,1,1,4294967295,0,0
Block,2048,0,6C21B2F1,0,1,1,4294967295,0,0
Block,2112,0,A4F1C513,0,1,1,4294967295,0,0
Block,2144,0,9FF343FE,0,1,1,4294967295,0,0
Block,2176,0,CBCCB2FD,0,1,1,4294967295,0,0
Block,2208,0,4E443DC3,0,1,1,4294967295,0,0
Block,2240,0,04714457,0,1,1,4294967295,0,0
Block,2272,0,980F13DA,0,1,1,4294967295,0,0
Block,2304,0,ADF31E39,0,1,1,4294967295,0,0
Block,2336,0,781BA27E,0,1,1,4294967295,0,0
Block,2368,0,A9FCBC5A,0,1,1,4294967295,0,0
Block,2368,32,BE7A7DB9,0,1,1,4294967295,0,0
Block,2368,64,02E24574,0,1,1,4294967295,0,0
Block,2368,96,719F7CB7,0,1,1,4294967295,0,0
Block,2368,128,59171418,0,1,1,4294967295,0,0
Block,2368,160,800F2023,0,1,1,4294967295,0,0
Block,2368,192,2B50A182,0,1,1,4294967295,0,0
Block,2368,224,EA676595,0,1,1,4294967295,0,0
Block,2368,256,33227CC6,0,1,1,4294967295,0,0
Block,2368,288,3E8A6749,0,1,1,4294967295,0,0
Block,2368,320,4F8C5F8C,0,1,1,4294967295,0,0
Block,2368,352,2D0B940E,0,1,1,4294967295,0,0
Block,2368,384,51E4DDFA,0,1,1,4294967295,0,0
Block,2368,416,CDA9BE3C,0,1,1,4294967295,0,0
Block,2368,448,F32087E1,0,1,1,4294967295,0,0
Block,2368,480,11F780A5,0,1,1,4294967295,0,0
Block,2368,512,097FD273,0,1,1,4294967295,0,0
Block,2368,544,954A10BA,0,1,1,4294967295,0,0
Block,2368,576,D66C2655,0,1,1,4294967295,0,0
Block,1664,96,75DE8A66,0,1,1,4294967295,0,0
Block,1792,80,B9883CF2,0,1,1,4294967295,0,0
Block,1760,112,14616C93,0,1,1,4294967295,0,0
Block,1792,112,725A631A,0,1,1,4294967295,0,0
Block,1728,240,E251764F,0,1,1,4294967295,0,0
Block,1824,224,EB54F403,0,1,1,4294967295,0,0
Block,1824,256,DCD001B7,0,1,1,4294967295,0,0
Block,1840,112,921FF309,0,1,0.5,4294967295,0,0
Block,1728,272,7EE1EB92,0,1,1,4294967295,0,0
Block,1872,112,5FF59857,0,1,1,4294967295,0,0
Block,1888,192,9AB1A874,0,1,1,4294967295,0,0
Block,1888,224,A008924A,0,1,1,4294967295,0,0
Block,1824,368,5CD54829,0,1,1,4294967295,0,0
Block,1920,304,E643F96C,0,1,1,4294967295,0,0
Block,1824,400,1C1DC44E,0,1,1,4294967295,0,0
Block,1824,432,0E6BDA04,0,1,1,4294967295,0,0
Block,1824,464,06FE7A84,0,1,1,4294967295,0,0
Block,1824,496,7C3A8E2F,0,1,1,4294967295,0,0
Block,1856,512,E22CC539,0,2,0.5,4294967295,0,0
Block,1920,448,EFDD4EDD,0,1,1,4294967295,0,0
Block,1920,480,48DFB397,0,1,1,4294967295,0,0
Block,1920,512,E77552F6,0,1,0.5,4294967295,0,0
Block,1920,432,951AF8B9,0,1,0.5,4294967295,0,0
Block,1952,416,298A70CD,0,1,1,4294967295,0,0
Block,1952,384,6C6935E3,0,1,1,4294967295,0,0
Block,1856,416,C4DDC005,0,0.5,0.5,4294967295,0,0
Block,1728,384,83B5A674,0,0.5,0.5,4294967295,0,0
Block,1760,496,B8F6E135,0,1,1,4294967295,0,0
Block,1696,544,32241670,0,0.5,1,4294967295,0,0
Block,1696,576,2900CE29,0,1.5,1,4294967295,0,0
Block,1856,576,5FDE0C1C,0,1,1,4294967295,0,0
Block,1968,480,DECFBC8F,0,1,0.5,4294967295,0,0
Block,2000,448,D4CC636D,0,1,1,4294967295,0,0
Block,2000,480,667AE80D,0,1,1,4294967295,0,0
Block,2000,512,67B677C1,0,1,1,4294967295,0,0
Block,2032,512,0A9CE987,0,1,1,4294967295,0,0
Block,2032,480,503331D7,0,1,1,4294967295,0,0
Block,2048,352,15B1D694,0,0.5,1,4294967295,0,0
Block,2096,416,DF6F288A,0,1,1,4294967295,0,0
Block,2144,320,DBCD5193,0,1,1,4294967295,0,0
Block,2144,288,F2243632,0,1,1,4294967295,0,0
Block,2144,256,D215B543,0,1,1,4294967295,0,0
Block,2112,256,2652A4B1,0,1,1,4294967295,0,0
Block,2128,480,58241747,0,1,1,4294967295,0,0
Block,2160,480,2E1728A6,0,1,1,4294967295,0,0
Block,2160,448,CFBF6364,0,1,1,4294967295,0,0
Block,2064,512,05A92A77,0,1,1,4294967295,0,0
Block,2096,512,A2D50526,0,0.5,1,4294967295,0,0
Block,2032,544,B9A8C5B0,0,1,1,4294967295,0,0
Block,2064,544,E4F3E41F,0,1,1,4294967295,0,0
Block,2224,480,5018E1B0,0,1,1,4294967295,0,0
Block,2224,560,428D622C,0,1,1,4294967295,0,0
Block,2288,384,B81E248C,0,1,1,4294967295,0,0
Block,2288,416,D9867C4D,0,1,1,4294967295,0,0
Block,2320,416,C8D729DE,0,1,1,4294967295,0,0
Block,2320,384,7F5EF545,0,1,1,4294967295,0,0
Block,2272,544,5DAB3E04,0,1,1,4294967295,0,0
Block,2224,592,7024EC6B,0,1,1,4294967295,0,0
Block,2208,192,74A6CD4C,0,1,1,4294967295,0,0
Block,2208,224,FDCA6705,0,1,1,4294967295,0,0
Block,2208,256,A564A9FA,0,1,1,4294967295,0,0
Block,2208,288,029831F4,0,1,1,4294967295,0,0
Block,2240,288,CEE8B13E,0,1,1,4294967295,0,0
Block,2240,256,A76348A0,0,1,1,4294967295,0,0
Block,2320,320,F3B18AC7,0,1,1,4294967295,0,0
Block,2320,352,C043B685,0,1,1,4294967295,0,0
Block,2080,224,0F44EA47,0,1,1,4294967295,0,0
Block,2080,256,E075953C,0,1,1,4294967295,0,0
Block,2080,96,35D380E5,0,1,1,4294967295,0,0
Block,2112,96,E68445C9,0,1,1,4294967295,0,0
Block,2112,128,0C116874,0,1,1,4294967295,0,0
Block,2016,208,014D3D64,0,1,1,4294967295,0,0
Block,2048,64,B767F7F9,0,1,1,4294967295,0,0
Block,2080,64,F567346A,0,1,1,4294967295,0,0
Block,2112,64,18AEED92,0,1,1,4294967295,0,0
Block,1952,64,66037A43,0,1,1,4294967295,0,0
Block,1840,80,90A730AB,0,1,1,4294967295,0,0
Block,2112,32,558AD8FF,0,1,1,4294967295,0,0
Block,2208,160,756C909B,0,1,1,4294967295,0,0
Block,2144,128,1E3B6F7C,0,1,1,4294967295,0,0
Block,2176,128,4B8F75B9,0,1,1,4294967295,0,0
Block,2208,128,F32F461A,0,1,1,4294967295,0,0
Block,2240,128,C5609403,0,1,1,4294967295,0,0
Block,2272,128,12D25013,0,1,1,4294967295,0,0
Block,2304,128,D07A7102,0,1,1,4294967295,0,0
Block,2336,128,BF05FCB0,0,1,1,4294967295,0,0
SavePointVeryHard,96,96,35F97CF1,0,1,1,4294967295,0,0
Water2,224,32,BDC3EB85,0,2,1,4294967295,0,0
CatharsisWater,304,32,85193AE7,0,0.5,3.5,4294967295,0,0
Water2,320,240,37BFEFD0,0,0.5,2,4294967295,0,0
Water2,256,480,70DAA53D,0,1.5,0.5,4294967295,0,0
Water2,400,464,357C764D,0,1,1,4294967295,0,0
CatharsisWater,400,408,2C2BA2C5,0,1,1.75,4294967295,0,0
Water1,432,408,4ADCD3B2,0,1,1.5,4294967295,0,0
CatharsisWater,224,392,1DDFEDDD,0,1,0.25,4294967295,0,0
CatharsisWater,272,208,9B604752,0,1,3,4294967295,0,0
CatharsisWater,224,400,FA87F22D,0,1,2.5,4294967295,0,0
CatharsisWater,192,504,15DE277C,0,0.5,2.75,4294967295,0,0
Water2,496,352,F7CA6729,0,2,1,4294967295,0,0
Water2,208,96,0614E0F5,0,0.5,1,4294967295,0,0
CatharsisWater,288,32,ACA9AD87,0,0.5,1,4294967295,0,0
SavePointVeryHard,960,480,19FA884D,0,1,1,4294967295,0,0
Water1,1088,432,39FE9CB0,0,1,2,4294967295,0,0
Water2,1184,576,BC8FD04F,0,0.5,1,4294967295,0,0
CatharsisWater,1104,304,A6F83E74,0,0.5,1,4294967295,0,0
Water2,1200,272,FD73D24B,0,1,1,4294967295,0,0
Water2,1184,240,80FF8589,0,1,1,4294967295,0,0
Water1,1280,208,B671E721,0,0.5,2,4294967295,0,0
CatharsisWater,1232,384,6FC00FB9,0,1,1.5,4294967295,0,0
Water1,1408,464,7D3D5E39,0,1,1,4294967295,0,0
Water2,1328,272,E2AB4692,0,1,1,4294967295,0,0
Water2,1360,272,3834BBDA,0,1,0.5,4294967295,0,0
Water2,1328,304,77FCC84B,0,1,2.5,4294967295,0,0
Water1,1296,208,F0F0540E,0,0.5,2,4294967295,0,0
Water2,1424,128,F7576C6F,0,0.5,2.5,4294967295,0,0
CatharsisWater,1360,48,7C14887B,0,0.5,2,4294967295,0,0
SavePointVeryHard,1632,96,97A87FEE,0,1,1,4294967295,0,0
CatharsisWater,1824,288,FD7D5412,0,1,2.5,4294967295,0,0
CatharsisWater,1856,240,F43B4305,0,1,0.5,4294967295,0,0
Water1,1792,416,98B6E797,0,1,3,4294967295,0,0
Water2,1760,400,D6549BC7,0,0.25,3,4294967295,0,0
Water2,1696,504,F44335BF,0,2,0.5,4294967295,0,0
CatharsisWater,1768,400,D7E53162,0,0.75,3,4294967295,0,0
Water2,1952,496,9DE5BBF7,0,1,1,4294967295,0,0
Water2,1952,480,CC34B9D3,0,0.5,0.5,4294967295,0,0
CatharsisWater,2096,448,8A95BD61,0,1,2,4294967295,0,0
Water2,2192,480,678461F7,0,0.5,4,4294967295,0,0
Water2,2208,568,958AB76C,0,0.5,1.25,4294967295,0,0
CatharsisWater,1984,144,F11CC1A5,0,1,2.5,4294967295,0,0
CatharsisWater,2016,160,A152ABF3,0,0.5,1.5,4294967295,0,0
CatharsisWater,2096,544,159C1AD5,0,0.5,1,4294967295,0,0
SpikeU,272,144,B33BFB1A,0,1,1,4294967295,0,0
SpikeU,192,96,0F9B9384,0,1,1,4294967295,0,0
SpikeU,304,112,B25E3D49,0,1,1,4294967295,0,0
SpikeR,336,144,99952C2D,0,1,1,4294967295,0,0
SpikeR,416,96,216D7A4C,0,1,1,4294967295,0,0
SpikeD,400,176,0263E9E6,0,1,1,4294967295,0,0
SpikeD,432,176,1F96D209,0,1,1,4294967295,0,0
SpikeD,416,208,682843AE,0,1,1,4294967295,0,0
SpikeU,512,208,98B66499,0,1,1,4294967295,0,0
SpikeL,480,240,DD33CD09,0,1,1,4294967295,0,0
SpikeR,528,128,26B75174,0,1,1,4294967295,0,0
MiniSpikeDown,496,160,0CE131F2,0,1,1,4294967295,0,0
MiniSpikeDown,512,160,7B89E752,0,1,1,4294967295,0,0
SpikeR,544,240,165C922E,0,1,1,4294967295,0,0
SpikeL,544,64,E6D15ADF,0,1,1,4294967295,0,0
SpikeL,576,80,29570803,0,1,1,4294967295,0,0
SpikeL,576,48,3F2AB9FA,0,1,1,4294967295,0,0
SpikeU,496,96,5A73A084,0,1,1,4294967295,0,0
SpikeD,464,32,C5A78070,0,1,1,4294967295,0,0
SpikeD,432,32,F7DF948A,0,1,1,4294967295,0,0
MiniSpikeUp,368,64,FFFF7140,0,1,1,4294967295,0,0
MiniSpikeDown,368,80,BD62DEC3,0,1,1,4294967295,0,0
SpikeU,224,176,4DF02336,0,1,1,4294967295,0,0
SpikeL,272,288,F91751FD,0,1,1,4294967295,0,0
SpikeR,304,288,4AA1A7E7,0,1,1,4294967295,0,0
SpikeD,336,240,D9AF5427,0,1,1,4294967295,0,0
MiniSpikeDown,272,208,22346074,0,1,1,4294967295,0,0
MiniSpikeDown,288,208,1C21DC1F,0,1,1,4294967295,0,0
SpikeU,336,336,A654F77C,0,1,1,4294967295,0,0
SpikeL,368,256,A9DB7F40,0,1,1,4294967295,0,0
SpikeR,400,256,D1DA516B,0,1,1,4294967295,0,0
SpikeU,368,336,FDB19892,0,1,1,4294967295,0,0
SpikeU,256,320,297BC520,0,1,1,4294967295,0,0
SpikeU,464,320,A62C7802,0,1,1,4294967295,0,0
SpikeL,432,352,004465B0,0,1,1,4294967295,0,0
SpikeR,496,352,9267F8A5,0,1,1,4294967295,0,0
SpikeR,528,368,6D346A3A,0,1,1,4294967295,0,0
SpikeR,496,384,693FBEF8,0,1,1,4294967295,0,0
SpikeL,576,272,965FB51F,0,1,1,4294967295,0,0
MiniSpikeRight,224,384,F84D5E76,0,1,1,4294967295,0,0
MiniSpikeLeft,288,368,BF7A363C,0,1,1,4294967295,0,0
MiniSpikeRight,464,256,156D551D,0,1,1,4294967295,0,0
SpikeR,256,480,3139C783,0,1,1,4294967295,0,0
SpikeU,224,448,25063055,0,1,1,4294967295,0,0
SpikeL,192,576,F3524EEC,0,1,1,4294967295,0,0
SpikeR,224,576,089CB1F3,0,1,1,4294967295,0,0
MiniSpikeLeft,288,496,0CE11136,0,1,1,4294967295,0,0
MiniSpikeRight,304,496,C4ED3983,0,1,1,4294967295,0,0
MiniSpikeUp,304,592,ECD1F509,0,1,1,4294967295,0,0
MiniSpikeUp,320,592,D14C8C13,0,1,1,4294967295,0,0
SpikeR,400,392,5DD9B5AF,0,1,1,4294967295,0,0
SpikeU,384,496,BAFE0DDA,0,1,1,4294967295,0,0
SpikeD,400,496,B95FD90B,0,1,1,4294967295,0,0
MiniSpikeLeft,432,448,C2B5E45C,0,1,1,4294967295,0,0
MiniSpikeRight,448,448,9923BFEA,0,1,1,4294967295,0,0
MiniSpikeUp,368,592,2AC8EBBF,0,1,1,4294967295,0,0
MiniSpikeUp,384,592,290A7106,0,1,1,4294967295,0,0
MiniSpikeUp,400,592,550D43F5,0,1,1,4294967295,0,0
SpikeU,416,576,423FD670,0,1,1,4294967295,0,0
SpikeL,480,480,0D5568A7,0,1,1,4294967295,0,0
MiniSpikeRight,192,496,6FF7954B,0,1,1,4294967295,0,0
MiniSpikeDown,544,304,5762BEA8,0,1,1,4294967295,0,0
MiniSpikeRight,528,272,AED5D57D,0,1,1,4294967295,0,0
MiniSpikeLeft,512,272,7E43C6C6,0,1,1,4294967295,0,0
SpikeU,608,480,C6B80B2F,0,1,1,4294967295,0,0
SpikeL,608,416,5AF382D7,0,1,1,4294967295,0,0
SpikeR,640,416,66BCCC55,0,1,1,4294967295,0,0
MiniSpikeUp,640,496,2213A202,0,1,1,4294967295,0,0
MiniSpikeUp,656,496,377CE20F,0,1,1,4294967295,0,0
SpikeU,672,480,8E6449F4,0,1,1,4294967295,0,0
SpikeD,704,416,D853192A,0,1,1,4294967295,0,0
MiniSpikeLeft,208,384,26FC0231,0,1,1,4294967295,0,0
MiniSpikeLeft,240,384,83C30DA7,0,1,1,4294967295,0,0
SpikeR,192,288,E9F2D201,0,1,1,4294967295,0,0
MiniSpikeDown,480,416,8DFFAEFE,0,1,1,4294967295,0,0
SpikeR,224,32,954B811D,0,1,1,4294967295,0,0
SpikeL,192,32,60DF711D,0,1,1,4294967295,0,0
SpikeU,128,96,9BBB0093,0,1,1,4294967295,0,0
MiniSpikeUp,160,112,0C98F1F7,0,1,1,4294967295,0,0
MiniSpikeUp,176,112,18661A94,0,1,1,4294967295,0,0
SpikeD,160,32,9E6CD111,0,1,1,4294967295,0,0
MiniSpikeUp,544,432,0A87949F,0,1,1,4294967295,0,0
MiniSpikeUp,560,432,8D3BF7CE,0,1,1,4294967295,0,0
SpikeU,992,448,A0C06F4C,0,1,1,4294967295,0,0
SpikeD,960,416,56A7354F,0,1,1,4294967295,0,0
MiniSpikeLeft,1088,432,8935D158,0,1,1,4294967295,0,0
MiniSpikeRight,1104,432,1ABE8508,0,1,1,4294967295,0,0
SpikeU,1088,464,848CC8B1,0,1,1,4294967295,0,0
SpikeL,1120,560,302423F9,0,1,1,4294967295,0,0
SpikeU,1152,512,52D5B5E3,0,1,1,4294967295,0,0
SpikeU,1200,544,43CDDD2E,0,1,1,4294967295,0,0
MiniSpikeRight,1024,336,BC1B57DB,0,1,1,4294967295,0,0
SpikeR,992,384,3E7D759F,0,1,1,4294967295,0,0
SpikeU,992,288,E63CF5BB,0,1,1,4294967295,0,0
SpikeU,1088,304,F192D2BD,0,1,1,4294967295,0,0
SpikeL,1056,496,68ACC184,0,1,1,4294967295,0,0
SpikeL,1024,240,010B2382,0,1,1,4294967295,0,0
SpikeD,1056,272,64150E55,0,1,1,4294967295,0,0
MiniSpikeDown,1104,240,4819A7A9,0,1,1,4294967295,0,0
SpikeR,1120,208,9F5E06D0,0,1,1,4294967295,0,0
SpikeL,1136,272,440E5E55,0,1,1,4294967295,0,0
SpikeU,1168,240,4C0F15AB,0,1,1,4294967295,0,0
SpikeR,1024,528,345E1F88,0,1,1,4294967295,0,0
SpikeD,1216,272,E0F23A0C,0,1,1,4294967295,0,0
SpikeU,1152,368,37D6902A,0,1,1,4294967295,0,0
SpikeU,1184,368,181F7DD6,0,1,1,4294967295,0,0
MiniSpikeLeft,1184,192,5647A566,0,1,1,4294967295,0,0
MiniSpikeRight,1200,192,0EE6FA47,0,1,1,4294967295,0,0
SpikeU,1200,336,A4CDBC33,0,1,1,4294967295,0,0
SpikeU,1280,240,37CA4159,0,1,1,4294967295,0,0
SpikeR,1248,192,BE75108E,0,1,1,4294967295,0,0
SpikeR,1232,368,AE2CC0B3,0,1,1,4294967295,0,0
SpikeD,1280,208,486EB020,0,1,1,4294967295,0,0
SpikeU,1264,448,497A0DFE,0,1,1,4294967295,0,0
MiniSpikeDown,1296,400,FC994372,0,1,1,4294967295,0,0
MiniSpikeDown,1280,400,5AE82F03,0,1,1,4294967295,0,0
SpikeL,1200,480,780848B0,0,1,1,4294967295,0,0
SpikeR,1232,480,A26FC695,0,1,1,4294967295,0,0
SpikeL,1360,432,25472B4B,0,1,1,4294967295,0,0
MiniSpikeUp,1360,512,A4D92848,0,1,1,4294967295,0,0
SpikeD,1392,464,D152288A,0,1,1,4294967295,0,0
MiniSpikeUp,1408,416,E926DAA1,0,1,1,4294967295,0,0
MiniSpikeLeft,1424,400,19D42320,0,1,1,4294967295,0,0
SpikeR,1344,368,FEA59D20,0,1,1,4294967295,0,0
SpikeL,1232,352,989F26EE,0,1,1,4294967295,0,0
SpikeR,1296,480,434B1839,0,1,1,4294967295,0,0
SpikeR,1376,352,ACD42EA0,0,1,1,4294967295,0,0
SpikeL,1328,288,BEB425C7,0,1,1,4294967295,0,0
SpikeL,1360,272,E9A00659,0,1,1,4294967295,0,0
SpikeL,1280,128,7FB535B5,0,1,1,4294967295,0,0
SpikeL,1312,144,24F3A245,0,1,1,4294967295,0,0
SpikeL,1312,112,1ECCF464,0,1,1,4294967295,0,0
SpikeD,1216,128,C0E5D3B4,0,1,1,4294967295,0,0
SpikeU,1056,176,8E8F8652,0,1,1,4294967295,0,0
SpikeU,1088,176,B395D04E,0,1,1,4294967295,0,0
SpikeD,1072,112,CC998133,0,1,1,4294967295,0,0
SpikeU,1072,48,B2DEEADA,0,1,1,4294967295,0,0
SpikeU,1104,48,9424F309,0,1,1,4294967295,0,0
SpikeR,1136,80,3B3C44FB,0,1,1,4294967295,0,0
SpikeD,1312,32,9FF13283,0,1,1,4294967295,0,0
SpikeU,1216,64,3CF4E6A3,0,1,1,4294967295,0,0
MiniSpikeLeft,1200,96,176DEAD2,0,1,1,4294967295,0,0
MiniSpikeLeft,1200,112,192163D1,0,1,1,4294967295,0,0
MiniSpikeUp,1344,96,0814581A,0,1,1,4294967295,0,0
MiniSpikeUp,1360,96,6CF87D2D,0,1,1,4294967295,0,0
MiniSpikeDown,1280,64,A29356D3,0,1,1,4294967295,0,0
MiniSpikeDown,1296,64,B59D6007,0,1,1,4294967295,0,0
MiniSpikeLeft,1392,128,ECF803A7,0,1,1,4294967295,0,0
MiniSpikeRight,1408,128,1A899AD7,0,1,1,4294967295,0,0
SpikeL,1408,192,842DAE76,0,1,1,4294967295,0,0
MiniSpikeLeft,1376,208,5AB50F6D,0,1,1,4294967295,0,0
MiniSpikeRight,1392,208,64C6A6C7,0,1,1,4294967295,0,0
SpikeL,1360,32,66D62682,0,1,1,4294967295,0,0
MiniSpikeLeft,1056,368,547082ED,0,1,1,4294967295,0,0
MiniSpikeRight,1072,368,3698694A,0,1,1,4294967295,0,0
SpikeL,1312,368,08A5DBC7,0,1,1,4294967295,0,0
MiniSpikeUp,1264,560,5E2B2087,0,1,1,4294967295,0,0
MiniSpikeUp,1280,560,6B18FBD7,0,1,1,4294967295,0,0
SpikeU,1664,64,6AE7A3F1,0,1,1,4294967295,0,0
SpikeL,1760,80,9C9D62FE,0,1,1,4294967295,0,0
SpikeL,1792,256,CD895648,0,1,1,4294967295,0,0
SpikeU,1824,192,C3D22239,0,1,1,4294967295,0,0
SpikeR,1792,144,CA7DAC70,0,1,1,4294967295,0,0
SpikeD,1840,128,047EF74F,0,1,1,4294967295,0,0
MiniSpikeUp,1792,64,1EFAA39A,0,1,1,4294967295,0,0
MiniSpikeUp,1808,64,13F816B0,0,1,1,4294967295,0,0
SpikeR,1696,96,EB526366,0,1,1,4294967295,0,0
SpikeL,1696,112,B14BB08C,0,1,1,4294967295,0,0
SpikeU,1728,208,B2E3F846,0,1,1,4294967295,0,0
SpikeL,1760,144,55DB5F2A,0,1,1,4294967295,0,0
MiniSpikeLeft,1872,240,261AE718,0,1,1,4294967295,0,0
SpikeU,1824,336,13C01CB1,0,1,1,4294967295,0,0
SpikeR,1920,224,9CAE06C8,0,1,1,4294967295,0,0
SpikeD,1920,336,902A5656,0,1,1,4294967295,0,0
SpikeR,1952,304,6B58E293,0,1,1,4294967295,0,0
SpikeU,2000,416,7707507A,0,1,1,4294967295,0,0
SpikeU,1856,480,C7D0D58B,0,1,1,4294967295,0,0
SpikeU,1952,352,E78C851F,0,1,1,4294967295,0,0
MiniSpikeLeft,1856,320,AB7D7A3F,0,1,1,4294967295,0,0
MiniSpikeRight,1872,320,7A74D6C1,0,1,1,4294967295,0,0
SpikeU,1920,400,93F8BF16,0,1,1,4294967295,0,0
MiniSpikeLeft,1888,496,7723D88F,0,1,1,4294967295,0,0
MiniSpikeRight,1904,496,D02E0F63,0,1,1,4294967295,0,0
SpikeL,1760,384,6E4F210C,0,1,1,4294967295,0,0
SpikeL,1792,400,D9CF3C33,0,1,1,4294967295,0,0
MiniSpikeDown,1728,304,923D12B2,0,1,1,4294967295,0,0
SpikeL,1760,464,6D58D735,0,1,1,4294967295,0,0
MiniSpikeUp,1728,368,C0A0CE46,0,1,1,4294967295,0,0
MiniSpikeLeft,1744,496,061B540A,0,1,1,4294967295,0,0
MiniSpikeRight,1696,400,3B2FE2AA,0,1,1,4294967295,0,0
MiniSpikeLeft,1728,408,7F0641FF,0,1,1,4294967295,0,0
MiniSpikeRight,1744,408,AAD72330,0,1,1,4294967295,0,0
MiniSpikeUp,1696,528,01BAF7A2,0,1,1,4294967295,0,0
SpikeU,1712,544,7DCC0AF2,0,1,1,4294967295,0,0
SpikeL,1792,576,F94D029B,0,1,1,4294967295,0,0
SpikeR,1824,576,632E42E8,0,1,1,4294967295,0,0
MiniSpikeRight,1792,384,1133D07E,0,1,1,4294967295,0,0
MiniSpikeLeft,1808,384,F66E5C49,0,1,1,4294967295,0,0
SpikeD,1968,496,1814DB92,0,1,1,4294967295,0,0
SpikeL,2016,352,447183C4,0,1,1,4294967295,0,0
SpikeR,2032,448,E0C810F9,0,1,1,4294967295,0,0
MiniSpikeDown,2048,384,29CF007A,0,1,1,4294967295,0,0
SpikeL,2080,352,EF54BD05,0,1,1,4294967295,0,0
SpikeU,2096,384,0E15F75B,0,1,1,4294967295,0,0
SpikeL,2112,288,85B88E00,0,1,1,4294967295,0,0
MiniSpikeUp,2048,336,6BCEA77A,0,1,1,4294967295,0,0
SpikeU,2128,448,6254F001,0,1,1,4294967295,0,0
SpikeU,2160,416,F6A967B9,0,1,1,4294967295,0,0
MiniSpikeUp,2096,496,AE554FA5,0,1,1,4294967295,0,0
SpikeU,2064,480,A2514BA5,0,1,1,4294967295,0,0
MiniSpikeRight,2256,480,34887131,0,1,1,4294967295,0,0
SpikeL,2256,416,BFAA789D,0,1,1,4294967295,0,0
SpikeD,2288,448,42BF70C4,0,1,1,4294967295,0,0
SpikeU,2272,512,88766966,0,1,1,4294967295,0,0
MiniSpikeLeft,2192,560,08C5BE89,0,1,1,4294967295,0,0
MiniSpikeRight,2208,560,26DFACAF,0,1,1,4294967295,0,0
MiniSpikeRight,2176,272,2BF43AF9,0,1,1,4294967295,0,0
MiniSpikeRight,2176,256,4C229013,0,1,1,4294967295,0,0
SpikeL,2176,192,9FE8319A,0,1,1,4294967295,0,0
SpikeD,2208,320,775694DD,0,1,1,4294967295,0,0
SpikeU,2240,224,459C7A91,0,1,1,4294967295,0,0
SpikeU,2288,352,E5438801,0,1,1,4294967295,0,0
SpikeU,2320,288,0201337D,0,1,1,4294967295,0,0
SpikeU,2112,224,F178EADB,0,1,1,4294967295,0,0
SpikeU,2080,192,46601FEB,0,1,1,4294967295,0,0
SpikeD,2112,160,B40062B7,0,1,1,4294967295,0,0
SpikeL,1984,128,E7743C65,0,1,1,4294967295,0,0
SpikeD,2016,160,36B2729D,0,1,1,4294967295,0,0
SpikeL,2016,64,1BA23379,0,1,1,4294967295,0,0
SpikeL,1984,208,51D43C45,0,1,1,4294967295,0,0
SpikeR,1984,64,F7E8700C,0,1,1,4294967295,0,0
SpikeU,1888,160,CB0452C5,0,1,1,4294967295,0,0
SpikeU,1872,80,C48FB6F4,0,1,1,4294967295,0,0
SpikeD,1904,32,D7C3F400,0,1,1,4294967295,0,0
SpikeL,2080,128,EE034111,0,1,1,4294967295,0,0
SpikeD,2048,96,6501B0A0,0,1,1,4294967295,0,0
SpikeU,1840,48,E775F634,0,1,1,4294967295,0,0
WallJumpL,160,544,457837A9,0,1,1,4294967295,0,0
WallJumpL,384,528,A0EEBF07,0,1,1,4294967295,0,0
WallJumpR,544,272,1F70CD75,0,1,1,4294967295,0,0
WallJumpR,608,544,F1B58D4F,0,1,1,4294967295,0,0
WallJumpR,256,352,6DAED5FA,0,1,1,4294967295,0,0
WallJumpR,1088,400,D4202918,0,1,1,4294967295,0,0
WallJumpL,1088,336,B9C888AB,0,1,1,4294967295,0,0
WallJumpR,1216,208,EB11588E,0,1,1,4294967295,0,0
WallJumpR,1280,304,37E49A70,0,1,1,4294967295,0,0
WallJumpR,1360,528,7A94B256,0,1,1,4294967295,0,0
WallJumpL,1360,560,8AC9D1FF,0,1,1,4294967295,0,0
WallJumpL,1344,176,13909A7C,0,1,1,4294967295,0,0
WallJumpR,1728,240,7AB1BD99,0,1,1,4294967295,0,0
WallJumpL,1728,272,4FA6F29E,0,1,1,4294967295,0,0
WallJumpL,1712,576,8A6CB980,0,1,1,4294967295,0,0
WallJumpL,2096,416,D5948A67,0,1,1,4294967295,0,0
WallJumpL,2064,544,73CB3427,0,1,1,4294967295,0,0
WallJumpL,2144,288,E03A771B,0,1,1,4294967295,0,0
WallJumpL,1872,112,977F4A19,0,1,1,4294967295,0,0
Platform,544,32,34545860,0,1,1,4294967295,0,0
CherryCyan,432,388,2B677F7B,0,1,1,4294967295,0,0
Platform,528,288,2BF2B50F,0,0.5,1,4294967295,0,0
CherryCyan,592,256,C9A69C0E,0,1,1,4294967295,0,0
CherryCyan,320,440,59CCD287,0,1,1,4294967295,0,0
Skinner,704,64,9D6AACD1,0,1,1,4294967295,0,1
CherryCyan,1040,456,A589BD4E,0,1,1,4294967295,0,0
Platform,1200,208,1E1A30AB,0,0.5,2,4294967295,0,0
CherryCyan,1168,224,76F103AC,0,1,1,4294967295,0,0
CherryCyan,1136,448,F9A5D768,0,1,1,4294967295,0,0
CherryCyan,1736,48,D337F462,0,1,1,4294967295,0,0
CherryCyan,1712,288,8DAE2B2C,0,1,1,4294967295,0,0
CherryCyan,1776,240,639F96D0,0,1,1,4294967295,0,0
CherryCyan,1888,384,1884BAD4,0,1,1,4294967295,0,0
Platform,1880,432,E7D82D16,0,0.5,3,4294967295,0,0
CherryCyan,1776,272,4A364233,0,1,1,4294967295,0,0
CherryCyan,1888,416,C55EEAF6,0,1,1,4294967295,0,0
Platform,1760,288,CAA548A7,0,0.5,1,4294967295,0,0
CherryCyan,1760,368,50D49460,0,1,1,4294967295,0,0
CherryCyan,1808,480,AD862D6C,0,1,1,4294967295,0,0
CherryCyan,1808,512,9D955BB5,0,1,1,4294967295,0,0
CherryCyan,2000,368,91F11CB1,0,1,1,4294967295,0,0
CherryCyan,2208,496,4961B05B,0,1,1,4294967295,0,0
CherryCyan,1968,224,0BAFC6D6,0,1,1,4294967295,0,0
CherryCyan,1968,256,164B3602,0,1,1,4294967295,0,0
CherryCyan,1968,288,0466DF27,0,1,1,4294967295,0,0
AutoSaver,96,96,6120D0EC,0,1,1,4294967295,0,0
MusicPlayer,80,256,F0CD1715,0,1,1,4294967295,0,1
PlayerStart,96,96,DA7992AF,0,1,1,4294967295,0,0
