background36_block,352,128,0,0,32,32,0,1,1,4294967295
background36_block,384,160,0,0,32,32,0,1,1,4294967295
background36_block,416,192,0,0,32,32,0,1,1,4294967295
background36_block,512,64,0,0,32,32,0,1,1,4294967295
background36_block,544,64,0,0,32,32,0,1,1,4294967295
background36_block,512,192,0,0,32,32,0,1,1,4294967295
background36_block,704,96,0,0,32,32,0,1,1,4294967295
background36_block,736,192,0,0,32,32,0,1,1,4294967295
background36_block,624,240,0,0,32,32,0,1,1,4294967295
background36_block,656,240,0,0,32,32,0,1,1,4294967295
background36_block,480,288,0,0,32,32,0,1,1,4294967295
background36_block,448,320,0,0,32,32,0,1,1,4294967295
background36_block,512,464,0,0,32,32,0,1,1,4294967295
background36_block,544,464,0,0,32,32,0,1,1,4294967295
background36_block,480,384,0,0,32,32,0,1,1,4294967295
background36_block,368,384,0,0,32,32,0,1,1,4294967295
background36_block,336,480,0,0,32,32,0,1,1,4294967295
background36_block,272,448,0,0,32,32,0,1,1,4294967295
background36_block,272,256,0,0,32,32,0,1,1,4294967295
background36_block,240,320,0,0,32,32,0,1,1,4294967295
background36_block,176,384,0,0,32,32,0,1,1,4294967295
background36_block,208,384,0,0,32,32,0,1,1,4294967295
background36_block,128,336,0,0,32,32,0,1,1,4294967295
background36_block,96,496,0,0,32,32,0,1,1,4294967295
background36_block,128,496,0,0,32,32,0,1,1,4294967295
background36_block,192,528,0,0,32,32,0,1,1,4294967295
background36_block,128,528,0,32,32,32,0,1,1,4294967295
background36_block,176,416,0,32,32,32,0,1,1,4294967295
background36_block,272,288,0,32,32,32,0,1,1,4294967295
background36_block,272,320,0,32,32,32,0,1,1,4294967295
background36_block,272,352,0,32,32,32,0,1,1,4294967295
background36_block,272,480,0,32,32,32,0,1,1,4294967295
background36_block,368,416,0,32,32,32,0,1,1,4294967295
background36_block,448,352,0,32,32,32,0,1,1,4294967295
background36_block,448,384,0,32,32,32,0,1,1,4294967295
background36_block,352,160,0,32,32,32,0,1,1,4294967295
background36_block,384,192,0,32,32,32,0,1,1,4294967295
background36_block,416,224,0,32,32,32,0,1,1,4294967295
background36_block,416,0,0,32,32,32,0,1,1,4294967295
background36_block,416,32,0,32,32,32,0,1,1,4294967295
background36_block,704,128,0,32,32,32,0,1,1,4294967295
background36_block,624,272,0,32,32,32,0,1,1,4294967295
