background36_block,80,80,0,0,32,32,0,1,1,4294967295
background36_block,176,64,0,0,32,32,0,1,1,4294967295
background36_block,208,64,0,0,32,32,0,1,1,4294967295
background36_block,128,192,0,0,32,32,0,1,1,4294967295
background36_block,192,224,0,0,32,32,0,1,1,4294967295
background36_block,224,224,0,0,32,32,0,1,1,4294967295
background36_block,336,96,0,0,32,32,0,1,1,4294967295
background36_block,368,96,0,0,32,32,0,1,1,4294967295
background36_block,400,96,0,0,32,32,0,1,1,4294967295
background36_block,432,192,0,0,32,32,0,1,1,4294967295
background36_block,368,208,0,0,32,32,0,1,1,4294967295
background36_block,528,160,0,0,32,32,0,1,1,4294967295
background36_block,560,160,0,0,32,32,0,1,1,4294967295
background36_block,624,160,0,0,32,32,0,1,1,4294967295
background36_block,656,96,0,0,32,32,0,1,1,4294967295
background36_block,688,96,0,0,32,32,0,1,1,4294967295
background36_block,624,336,0,0,32,32,0,1,1,4294967295
background36_block,656,336,0,0,32,32,0,1,1,4294967295
background36_block,560,384,0,0,32,32,0,1,1,4294967295
background36_block,512,416,0,0,32,32,0,1,1,4294967295
background36_block,480,288,0,0,32,32,0,1,1,4294967295
background36_block,448,320,0,0,32,32,0,1,1,4294967295
background36_block,336,304,0,0,32,32,0,1,1,4294967295
background36_block,368,304,0,0,32,32,0,1,1,4294967295
background36_block,384,448,0,0,32,32,0,1,1,4294967295
background36_block,416,448,0,0,32,32,0,1,1,4294967295
background36_block,496,528,0,0,32,32,0,1,1,4294967295
background36_block,464,576,0,0,32,32,0,1,1,4294967295
background36_block,384,544,0,0,32,32,0,1,1,4294967295
background36_block,352,560,0,0,32,32,0,1,1,4294967295
background36_block,272,560,0,0,32,32,0,1,1,4294967295
background36_block,320,416,0,0,32,32,0,1,1,4294967295
background36_block,192,368,0,0,32,32,0,1,1,4294967295
background36_block,224,368,0,0,32,32,0,1,1,4294967295
background36_block,160,432,0,0,32,32,0,1,1,4294967295
background36_block,192,400,0,32,32,32,0,1,1,4294967295
background36_block,192,432,0,32,32,32,0,1,1,4294967295
background36_block,320,448,0,32,32,32,0,1,1,4294967295
background36_block,384,576,0,32,32,32,0,1,1,4294967295
background36_block,448,352,0,32,32,32,0,1,1,4294967295
background36_block,480,320,0,32,32,32,0,1,1,4294967295
background36_block,656,368,0,32,32,32,0,1,1,4294967295
background36_block,656,400,0,32,32,32,0,1,1,4294967295
background36_block,656,128,0,32,32,32,0,1,1,4294967295
background36_block,656,160,0,32,32,32,0,1,1,4294967295
background36_block,656,192,0,32,32,32,0,1,1,4294967295
background36_block,624,192,0,32,32,32,0,1,1,4294967295
background36_block,528,192,0,32,32,32,0,1,1,4294967295
background36_block,432,224,0,32,32,32,0,1,1,4294967295
background36_block,432,256,0,32,32,32,0,1,1,4294967295
background36_block,464,-16,0,32,32,32,0,1,1,4294967295
background36_block,464,16,0,32,32,32,0,1,1,4294967295
background36_block,464,48,0,32,32,32,0,1,1,4294967295
background36_block,496,48,0,32,32,32,0,1,1,4294967295
background36_block,0,0,0,32,32,32,0,1,1,4294967295
background36_block,80,112,0,32,32,32,0,1,1,4294967295
background36_block,128,224,0,32,32,32,0,1,1,4294967295
background36_block,224,256,0,32,32,32,0,1,1,4294967295
