Autotiler,80,208,874F9F1A,0,1,1,4294967295,0,1
Warp,704,464,473A203E,0,1,1,4294967295,0,0
Block,48,544,374EFF31,0,1,0.5,4294967295,0,0
Block,112,544,8206E467,0,0.5,2,4294967295,0,0
Block,80,544,81290DD6,0,1,0.5,4294967295,0,0
Block,176,432,1139A4B6,0,0.5,1,4294967295,0,0
Block,192,448,6C8AE6B9,0,1.5,0.5,4294967295,0,0
Block,240,448,1CD1E58C,0,0.5,1.5,4294967295,0,0
Block,176,384,760BC64F,0,0.5,1.5,4294967295,0,0
Block,192,384,C9FF717A,0,3,0.5,4294967295,0,0
Block,272,400,285632A5,0,0.5,3,4294967295,0,0
Block,256,480,F4C70389,0,0.5,0.5,4294967295,0,0
Block,160,544,87B4CDE7,0,1,0.5,4294967295,0,0
Block,160,560,060BECD8,0,0.5,1.5,4294967295,0,0
Block,304,528,906DF3C2,0,0.5,0.5,4294967295,0,0
Block,320,528,5E19856C,0,0.5,0.5,4294967295,0,0
Block,352,448,0E7F8B9C,0,1,0.5,4294967295,0,0
Block,352,416,3820F78A,0,0.5,1,4294967295,0,0
Block,352,384,44653A92,0,0.5,1,4294967295,0,0
Block,368,384,C620D451,0,1.5,0.5,4294967295,0,0
Block,384,448,7A3EC54E,0,0.5,1.5,4294967295,0,0
Block,400,480,5B76DE62,0,1,0.5,4294967295,0,0
Block,416,448,21F32863,0,0.5,1,4294967295,0,0
Block,432,256,25B75589,0,0.5,1.5,4294967295,0,0
Block,448,192,4F1CF685,0,1.5,0.5,4294967295,0,0
Block,288,288,8ADEF37F,0,0.5,1,4294967295,0,0
Block,224,304,6A412FBA,0,2,0.5,4294967295,0,0
Block,224,224,4D7DA2D0,0,0.5,2.5,4294967295,0,0
Block,240,224,0EA6877D,0,1,0.5,4294967295,0,0
Block,272,224,8B397571,0,0.5,2,4294967295,0,0
Block,288,272,A09DD88D,0,0.5,0.5,4294967295,0,0
Block,400,400,CA814A59,0,0.5,0.5,4294967295,0,0
Block,448,288,4C0E1C64,0,1.5,0.5,4294967295,0,0
Block,48,416,42D27A9F,0,3,0.5,4294967295,0,0
Block,128,432,3BA180C6,0,0.5,1,4294967295,0,0
Block,48,448,20A8B672,0,2.5,0.5,4294967295,0,0
Block,320,576,AFC63135,0,0.5,1,4294967295,0,0
Block,128,192,E0DAA054,0,2.5,0.5,4294967295,0,0
Block,48,368,6E0F96E2,0,1.5,0.5,4294967295,0,0
Block,80,336,57C5A7D5,0,0.5,1,4294967295,0,0
Block,48,336,78679009,0,1,0.5,4294967295,0,0
Block,112,256,47EEC7E2,0,1,0.5,4294967295,0,0
Block,464,368,03334591,0,1,0.5,4294967295,0,0
Block,480,304,8545475D,0,0.5,2,4294967295,0,0
Block,400,416,F32567DD,0,1,0.5,4294967295,0,0
Block,416,432,F2E8535F,0,0.5,0.5,4294967295,0,0
Block,464,368,20FF4A33,0,0.5,1,4294967295,0,0
Block,464,416,A3F33CC9,0,0.5,0.5,4294967295,0,0
Block,480,240,F7EB3A3A,0,1.5,0.5,4294967295,0,0
Block,512,256,18FB8888,0,0.5,5.5,4294967295,0,0
Block,480,416,4A3ACA08,0,1,0.5,4294967295,0,0
Block,464,400,BF2964C4,0,0.5,0.5,4294967295,0,0
Block,432,304,3793ABC8,0,1,0.5,4294967295,0,0
Block,432,192,BA5F812D,0,0.5,2,4294967295,0,0
Block,480,208,26D3A1B7,0,0.5,1,4294967295,0,0
Block,336,192,1B303F33,0,0.5,1,4294967295,0,0
Block,336,160,36A10B05,0,0.5,1,4294967295,0,0
Block,384,160,E32A42BB,0,0.5,1,4294967295,0,0
Block,384,528,645BF6D1,0,0.5,2.5,4294967295,0,0
Block,48,208,B9C18E1E,0,0.5,4,4294967295,0,0
Block,80,112,E9841164,0,0.5,1,4294967295,0,0
Block,48,128,15AE5B40,0,1,0.5,4294967295,0,0
Block,80,96,C201C0CF,0,1.5,0.5,4294967295,0,0
Block,128,96,55ECD041,0,0.5,1,4294967295,0,0
Block,176,80,A01D2818,0,0.5,3.5,4294967295,0,0
Block,64,0,E6AF7E5D,0,0.5,3.5,4294967295,0,0
Block,208,0,FB848152,0,0.5,1.5,4294967295,0,0
Block,224,32,66437EBD,0,1,0.5,4294967295,0,0
Block,256,0,4B8A82A2,0,0.5,1.5,4294967295,0,0
Block,240,128,59B76D28,0,0.5,1,4294967295,0,0
Block,256,128,66EB4B2B,0,0.5,0.5,4294967295,0,0
Block,80,0,C60ED3C2,0,1,0.5,4294967295,0,0
Block,288,80,77A75A12,0,0.5,2.5,4294967295,0,0
Block,304,0,742B1B0F,0,0.5,3,4294967295,0,0
Block,352,48,A249A17A,0,0.5,1,4294967295,0,0
Block,352,16,2DEAAE18,0,0.5,1,4294967295,0,0
Block,368,16,558DB2F6,0,1.5,0.5,4294967295,0,0
Block,368,64,8E9A0557,0,1,0.5,4294967295,0,0
Block,400,32,B0537826,0,0.5,1.5,4294967295,0,0
Block,528,144,86C35509,0,1,0.5,4294967295,0,0
Block,560,144,7BBBBAC7,0,0.5,1.5,4294967295,0,0
Block,528,112,C8111505,0,0.5,1,4294967295,0,0
Block,544,112,6A206A2F,0,1.5,0.5,4294967295,0,0
Block,608,240,CBF27821,0,0.5,1,4294967295,0,0
Block,608,272,34DACE17,0,0.5,2.5,4294967295,0,0
Block,560,352,2306367F,0,1,0.5,4294967295,0,0
Block,560,368,DD74398D,0,0.5,1,4294967295,0,0
Block,608,384,2E7918B6,0,0.5,0.5,4294967295,0,0
Block,608,352,6836EAC9,0,0.5,1,4294967295,0,0
Block,528,384,6FF6AD75,0,0.5,0.5,4294967295,0,0
Block,576,496,11E18F4A,0,0.5,1.5,4294967295,0,0
Block,624,384,470B2ABF,0,1,0.5,4294967295,0,0
Block,640,400,697B92B7,0,0.5,1,4294967295,0,0
Block,656,416,6646CB61,0,0.5,0.5,4294967295,0,0
Block,672,496,8CD88DA7,0,0.5,1.5,4294967295,0,0
Block,688,496,BC0B656F,0,1,0.5,4294967295,0,0
Block,720,496,67995577,0,0.5,2,4294967295,0,0
Block,672,544,5277B526,0,1.5,0.5,4294967295,0,0
Block,672,336,254893C8,0,1,0.5,4294967295,0,0
Block,704,336,DA4A84C3,0,1,0.5,4294967295,0,0
Block,672,208,3212CC50,0,0.5,4,4294967295,0,0
Block,688,208,9BC8CBC9,0,1.5,0.5,4294967295,0,0
Block,720,224,D176CDD0,0,0.5,3.5,4294967295,0,0
Block,736,96,A27E6268,0,0.5,2,4294967295,0,0
Block,32,128,6F197EBA,0,0.5,3,4294967295,0,0
Block,32,368,5E594FE6,0,0.5,2,4294967295,0,0
Block,32,448,69BF80CC,0,0.5,3.5,4294967295,0,0
MiniBlock,132,328,8B7C76ED,0,1,1,4294967295,0,0
SavePointVeryHard,48,512,E121B81D,0,1,1,4294967295,0,0
Water2,288,432,5A68BB00,0,2,0.5,4294967295,0,0
CatharsisWater,176,560,DAF99B03,0,0.5,0.5,4294967295,0,0
Water3,288,488,B63C339E,0,0.5,1.5,4294967295,0,0
Water2,320,496,6830D9DF,0,1,1,4294967295,0,0
Water2,336,528,69BA77DD,0,0.5,0.25,4294967295,0,0
Water2,192,240,DA913110,0,0.5,1.5,4294967295,0,0
CatharsisWater,144,400,8BBC6FD4,0,1,1,4294967295,0,0
CatharsisWater,128,400,F4B4992E,0,0.5,0.5,4294967295,0,0
SavePointVeryHard,64,304,A269200B,0,1,1,4294967295,0,0
Water2,96,184,96631EDB,0,0.5,2,4294967295,0,0
Water3,416,384,78EBFDE8,0,0.5,1,4294967295,0,0
CatharsisWater,368,288,2F542ACB,0,1,3,4294967295,0,0
Water3,384,192,7209C661,0,0.5,3,4294967295,0,0
CatharsisWater,328,336,AC55B387,0,0.75,3,4294967295,0,0
Water2,112,128,8D593E51,0,0.5,1.75,4294967295,0,0
Water3,80,64,234357A6,0,1.5,1,4294967295,0,0
CatharsisWater,256,144,1F99B0F6,0,1,0.5,4294967295,0,0
Water2,232,48,0F0FAB7F,0,2.25,0.5,4294967295,0,0
Water2,304,144,55AB3C77,0,1.25,0.5,4294967295,0,0
Water3,320,64,A251ADC4,0,1,0.5,4294967295,0,0
Water2,616,224,CC3C092D,0,1.25,0.5,4294967295,0,0
Water2,624,240,A0FF261E,0,1,0.5,4294967295,0,0
Water1,624,256,0B17E890,0,1,2,4294967295,0,0
Water3,528,400,658128EE,0,0.5,1,4294967295,0,0
Water2,128,128,B85AB4FB,0,0.5,2,4294967295,0,0
SpikeU,80,512,B1BDF1EA,0,1,1,4294967295,0,0
MiniSpikeUp,112,528,99F16136,0,1,1,4294967295,0,0
SpikeL,112,464,3175D705,0,1,1,4294967295,0,0
SpikeR,144,416,347E48C0,0,1,1,4294967295,0,0
WallJumpR,176,432,32CB0A94,0,1,1,4294967295,0,0
SpikeL,208,464,43552FCE,0,1,1,4294967295,0,0
SpikeU,160,512,0ED6F273,0,1,1,4294967295,0,0
WallJumpL,144,576,00072071,0,1,1,4294967295,0,0
SpikeU,304,496,85B3C670,0,1,1,4294967295,0,0
SpikeL,352,464,3AD1D455,0,1,1,4294967295,0,0
SpikeL,320,432,1C7AC9AE,0,1,1,4294967295,0,0
WallJumpR,352,384,4BEA94E0,0,1,1,4294967295,0,0
SpikeU,352,352,290458F4,0,1,1,4294967295,0,0
SpikeU,384,352,978D2C20,0,1,1,4294967295,0,0
SpikeL,368,272,447EDCA8,0,1,1,4294967295,0,0
SpikeR,288,384,EF076C97,0,1,1,4294967295,0,0
MiniSpikeUp,288,256,5DD8AB00,0,1,1,4294967295,0,0
MiniSpikeUp,272,208,E2F54482,0,1,1,4294967295,0,0
SpikeU,240,192,691A9AE2,0,1,1,4294967295,0,0
SpikeR,432,432,9299B7D9,0,1,1,4294967295,0,0
SpikeU,176,352,90EDEDBE,0,1,1,4294967295,0,0
SpikeD,240,496,DD9E6918,0,1,1,4294967295,0,0
SpikeU,224,576,F5E4E065,0,1,1,4294967295,0,0
MiniSpikeLeft,288,528,A5FD2925,0,1,1,4294967295,0,0
MiniSpikeUp,256,592,52C4671A,0,1,1,4294967295,0,0
MiniSpikeUp,272,592,3C7B5010,0,1,1,4294967295,0,0
MiniSpikeDown,288,320,0B2E9393,0,1,1,4294967295,0,0
SpikeD,432,320,D0A33330,0,1,1,4294967295,0,0
MiniSpikeRight,288,480,BF5C8BD6,0,1,1,4294967295,0,0
MiniSpikeRight,336,528,1CABD67A,0,1,1,4294967295,0,0
MiniSpikeUp,208,368,7003FD0C,0,1,1,4294967295,0,0
SpikeD,176,288,450E4B2A,0,1,1,4294967295,0,0
SpikeL,192,224,5AC90E69,0,1,1,4294967295,0,0
SpikeD,128,208,E850DCA6,0,1,1,4294967295,0,0
MiniSpikeRight,148,328,C936E7C1,0,1,1,4294967295,0,0
MiniSpikeLeft,116,328,72593B5C,0,1,1,4294967295,0,0
WallJumpR,176,400,28256B21,0,1,1,4294967295,0,0
SpikeU,112,384,CF6C223F,0,1,1,4294967295,0,0
MiniSpikeUp,96,400,896A143C,0,1,1,4294967295,0,0
SpikeD,112,272,844CC202,0,1,1,4294967295,0,0
MiniSpikeRight,112,240,FD101F44,0,1,1,4294967295,0,0
MiniSpikeLeft,96,176,5BD115E0,0,1,1,4294967295,0,0
MiniSpikeRight,112,176,FA112510,0,1,1,4294967295,0,0
MiniSpikeUp,464,352,D21A5D40,0,1,1,4294967295,0,0
MiniSpikeDown,464,304,C60C3BE0,0,1,1,4294967295,0,0
MiniSpikeUp,416,400,768DBA44,0,1,1,4294967295,0,0
MiniSpikeRight,400,288,68A41632,0,1,1,4294967295,0,0
MiniSpikeRight,400,272,AE5BFB92,0,1,1,4294967295,0,0
WallJumpR,464,368,8B3E5FDD,0,1,1,4294967295,0,0
MiniSpikeUp,328,320,C97F6012,0,1,1,4294967295,0,0
MiniSpikeDown,344,336,CFF53C76,0,1,1,4294967295,0,0
SpikeL,400,192,1E2C5692,0,1,1,4294967295,0,0
SpikeR,352,192,2DF86C21,0,1,1,4294967295,0,0
MiniSpikeUp,384,512,18BA636C,0,1,1,4294967295,0,0
SpikeU,256,352,BDCC41EB,0,1,1,4294967295,0,0
MiniSpikeLeft,288,376,2A042A83,0,1,1,4294967295,0,0
MiniSpikeRight,64,288,346BF9A7,0,1,1,4294967295,0,0
SpikeL,80,240,4DAEB91B,0,1,1,4294967295,0,0
MiniSpikeUp,48,192,6D156FC4,0,1,1,4294967295,0,0
MiniSpikeUp,128,176,1687AA8F,0,1,1,4294967295,0,0
MiniSpikeUp,144,176,C56A7C73,0,1,1,4294967295,0,0
SpikeR,96,112,B8EC62D0,0,1,1,4294967295,0,0
WallJumpL,112,96,A843C6E0,0,1,1,4294967295,0,0
MiniSpikeUp,160,176,F52B44B5,0,1,1,4294967295,0,0
SpikeU,112,64,F07D050F,0,1,1,4294967295,0,0
MiniSpikeUp,176,64,5B0DEE7B,0,1,1,4294967295,0,0
SpikeL,176,0,D85E82BF,0,1,1,4294967295,0,0
MiniSpikeDown,224,48,7394FB1E,0,1,1,4294967295,0,0
SpikeU,240,96,C0115827,0,1,1,4294967295,0,0
SpikeL,208,128,DD344FC7,0,1,1,4294967295,0,0
SpikeD,80,16,2F041716,0,1,1,4294967295,0,0
MiniSpikeUp,192,176,8B6942E5,0,1,1,4294967295,0,0
MiniSpikeUp,224,208,11BD9ECE,0,1,1,4294967295,0,0
MiniSpikeUp,288,64,BCD73962,0,1,1,4294967295,0,0
WallJumpL,240,0,2C0AA176,0,1,1,4294967295,0,0
MiniSpikeUp,336,144,A13DFC26,0,1,1,4294967295,0,0
SpikeR,112,-16,A3C2991D,0,1,1,4294967295,0,0
SpikeL,320,48,0BF1913D,0,1,1,4294967295,0,0
MiniSpikeUp,384,144,5E9C8DDC,0,1,1,4294967295,0,0
MiniSpikeDown,384,80,4888F656,0,1,1,4294967295,0,0
MiniSpikeDown,368,80,CCAA78F1,0,1,1,4294967295,0,0
SpikeU,432,160,CD53F4A7,0,1,1,4294967295,0,0
SpikeU,464,160,DC8E7E0D,0,1,1,4294967295,0,0
SpikeL,432,80,0256EB53,0,1,1,4294967295,0,0
SpikeR,464,80,504940CC,0,1,1,4294967295,0,0
MiniSpikeUp,512,224,EA3B4E1A,0,1,1,4294967295,0,0
MiniSpikeLeft,288,224,43B4C743,0,1,1,4294967295,0,0
MiniSpikeLeft,320,208,C5BC1518,0,1,1,4294967295,0,0
MiniSpikeRight,304,224,895F4E67,0,1,1,4294967295,0,0
SpikeL,528,160,A90E41EB,0,1,1,4294967295,0,0
MiniSpikeDown,560,192,E92243CA,0,1,1,4294967295,0,0
MiniSpikeRight,576,272,867CA401,0,1,1,4294967295,0,0
MiniSpikeLeft,560,272,C522A4D1,0,1,1,4294967295,0,0
MiniSpikeUp,608,224,A3F72CCF,0,1,1,4294967295,0,0
SpikeR,624,240,C45427B1,0,1,1,4294967295,0,0
SpikeR,624,304,6074F28F,0,1,1,4294967295,0,0
MiniSpikeUp,592,368,2DF1170C,0,1,1,4294967295,0,0
MiniSpikeDown,560,400,9C25A7FE,0,1,1,4294967295,0,0
MiniSpikeDown,592,384,D19C853B,0,1,1,4294967295,0,0
SpikeL,528,464,F174CC15,0,1,1,4294967295,0,0
SpikeR,560,464,561E74DC,0,1,1,4294967295,0,0
WallJumpL,560,496,884B191A,0,1,1,4294967295,0,0
SpikeD,608,400,928AAEF9,0,1,1,4294967295,0,0
SpikeU,672,464,7971D6E7,0,1,1,4294967295,0,0
MiniSpikeLeft,656,336,60561024,0,1,1,4294967295,0,0
SpikeU,528,80,946ECECF,0,1,1,4294967295,0,0
MiniSpikeUp,672,192,9DE8D9AB,0,1,1,4294967295,0,0
MiniSpikeUp,720,192,0A291EC7,0,1,1,4294967295,0,0
SpikeU,688,176,0162BB47,0,1,1,4294967295,0,0
SpikeL,704,128,E60052D5,0,1,1,4294967295,0,0
MiniSpikeUp,736,80,53C5BE50,0,1,1,4294967295,0,0
SpikeR,656,384,C4225924,0,1,1,4294967295,0,0
SpikeU,560,80,AF43C74A,0,1,1,4294967295,0,0
MiniSpikeRight,544,272,62B829E7,0,1,1,4294967295,0,0
MiniSpikeLeft,528,272,6D42C74B,0,1,1,4294967295,0,0
SpikeR,576,160,7850FB83,0,1,1,4294967295,0,0
MiniSpikeUp,560,336,FBAE6596,0,1,1,4294967295,0,0
MiniSpikeUp,576,336,78D3D936,0,1,1,4294967295,0,0
MiniSpikeUp,528,368,CD4D7AEA,0,1,1,4294967295,0,0
WallJumpR,384,160,8ACFA79F,0,1,1,4294967295,0,0
Signpost,624,352,DEDFE082,0,1,1,4294967295,0,1
MiniSpikeUp,400,160,20E8B511,0,1,1,4294967295,0,0
MiniSpikeDown,400,176,93070F9A,0,1,1,4294967295,0,0
MiniSpikeUp,132,312,B4252955,0,1,1,4294967295,0,0
Platform,144,448,FB4F9BCA,0,0.5,2,4294967295,0,0
Platform,192,208,FB9C56A1,0,0.5,1,4294967295,0,0
Platform,272,0,55085DC5,0,1,1,4294967295,0,0
Platform,576,368,6D39B8A1,0,0.5,2,4294967295,0,0
Skinner,608,16,05616B98,0,1,1,4294967295,0,1
AutoSaver,48,512,045CE7F3,0,1,1,4294967295,0,0
PlayerStart,48,512,3F09BF84,0,1,1,4294967295,0,0
