Warp,48,32,30D54631,0,1,1,4294967295,0,0
Block,176,16,DF5BB80B,0,1,1,4294967295,0,0
Block,176,-16,A9DABCE5,0,1,1,4294967295,0,0
Block,208,-16,4558C251,0,1,1,4294967295,0,0
Block,208,16,71CDFBDE,0,1,1,4294967295,0,0
Block,208,96,8EB07B10,0,1,1,4294967295,0,0
Block,208,128,30BE6A63,0,1,1,4294967295,0,0
Block,368,192,63C0D3A5,0,1,1,4294967295,0,0
Block,368,160,5F994948,0,1,1,4294967295,0,0
Block,432,128,5A049C13,0,1,1,4294967295,0,0
Block,560,0,C662AA4E,0,1,1,4294967295,0,0
Block,560,32,6C4B57AD,0,1,1,4294967295,0,0
Block,528,-16,57094786,0,1,1,4294967295,0,0
Block,528,16,53584C35,0,1,1,4294967295,0,0
Block,688,112,0810B000,0,1,1,4294967295,0,0
Block,560,64,612768B0,0,1,1,4294967295,0,0
Block,656,272,F02708D3,0,1,1,4294967295,0,0
Block,624,128,5082146B,0,1,1,4294967295,0,0
Block,592,224,E155CCFC,0,1,1,4294967295,0,0
Block,688,144,397C74A9,0,1,1,4294967295,0,0
MiniBlock,720,256,C4990075,0,1,1,4294967295,0,0
Block,768,352,9270D12C,0,1,1,4294967295,0,0
Block,672,416,222C7BD3,0,1,1,4294967295,0,0
Block,704,544,27372135,0,1,1,4294967295,0,0
Block,704,576,6026DFDD,0,1,1,4294967295,0,0
Block,560,224,D64D6683,0,1,1,4294967295,0,0
Block,560,192,5F349388,0,1,1,4294967295,0,0
Block,640,416,5C257981,0,1,1,4294967295,0,0
Block,608,352,FA37EC75,0,1,1,4294967295,0,0
Block,640,352,9B8B728A,0,1,1,4294967295,0,0
Block,640,384,3067374E,0,1,1,4294967295,0,0
Block,608,416,E4ED4975,0,1,1,4294967295,0,0
Block,608,384,454D1C29,0,1,1,4294967295,0,0
Block,576,544,4273D9BE,0,1,1,4294967295,0,0
Block,496,416,A0C571F1,0,1,1,4294967295,0,0
Block,464,480,C48BD874,0,1,1,4294967295,0,0
Block,576,576,5FAAD9A6,0,1,1,4294967295,0,0
Block,464,544,25D1243C,0,1,1,4294967295,0,0
Block,464,512,52E0C890,0,1,1,4294967295,0,0
Block,432,544,EB304D36,0,1,1,4294967295,0,0
Block,432,512,0C33B534,0,1,1,4294967295,0,0
Block,432,160,11F670D0,0,1,1,4294967295,0,0
Block,400,160,C69B8E44,0,1,1,4294967295,0,0
Block,400,192,7217E516,0,1,1,4294967295,0,0
Block,432,192,32501C56,0,1,1,4294967295,0,0
Block,528,384,522D120B,0,1,1,4294967295,0,0
Block,528,352,CF0AA352,0,1,1,4294967295,0,0
Block,496,352,7B406124,0,1,1,4294967295,0,0
Block,496,384,E9A638BA,0,1,1,4294967295,0,0
Block,496,448,E9C572E2,0,1,1,4294967295,0,0
Block,464,448,E1FCF42A,0,1,1,4294967295,0,0
Block,464,416,22A3AA01,0,1,1,4294967295,0,0
Block,432,320,FA3BE1EB,0,1,1,4294967295,0,0
Block,432,288,03E58E1C,0,1,1,4294967295,0,0
Block,352,384,E2520A47,0,1,1,4294967295,0,0
Block,288,352,7B00ECF1,0,1,1,4294967295,0,0
Block,336,288,6E92EDFD,0,1,1,4294967295,0,0
Block,256,384,A67E2804,0,1,1,4294967295,0,0
Block,256,352,87AD2D80,0,1,1,4294967295,0,0
Block,64,64,C51D98EE,0,1,1,4294967295,0,0
Block,32,64,119FACDF,0,1,1,4294967295,0,0
Block,0,128,2E76DAA7,0,1,1,4294967295,0,0
Block,0,96,5ABC53A6,0,1,1,4294967295,0,0
Block,32,128,05787573,0,1,1,4294967295,0,0
Block,32,96,10755FBF,0,1,1,4294967295,0,0
Block,64,96,85A911B7,0,1,1,4294967295,0,0
Block,128,96,42AB9C96,0,1,1,4294967295,0,0
Block,64,320,ADA760CE,0,1,1,4294967295,0,0
Block,160,352,57E5F1E1,0,1,1,4294967295,0,0
Block,128,352,2BBDCF58,0,1,1,4294967295,0,0
Block,128,384,FA2B5999,0,1,1,4294967295,0,0
Block,128,192,9606ABB2,0,1,1,4294967295,0,0
Block,96,192,E6E05DD8,0,1,1,4294967295,0,0
Block,96,224,0A3E1E82,0,1,1,4294967295,0,0
Block,160,224,2E1625E2,0,1,1,4294967295,0,0
Block,128,224,33D8DCD3,0,1,1,4294967295,0,0
Block,64,384,CCF8EA11,0,1,1,4294967295,0,0
Block,64,352,87AE5AD0,0,1,1,4294967295,0,0
Block,160,560,BAF91AD0,0,1,1,4294967295,0,0
Block,96,560,A0489E3B,0,1,1,4294967295,0,0
Block,96,528,0DDCED64,0,1,1,4294967295,0,0
Block,96,496,BD693670,0,1,1,4294967295,0,0
Block,208,496,7D60001C,0,1,1,4294967295,0,0
Block,224,384,43581496,0,1,1,4294967295,0,0
Block,224,352,A9CB76B5,0,1,1,4294967295,0,0
Block,352,448,1290AA43,0,1,1,4294967295,0,0
Block,352,416,16B4BB3C,0,1,1,4294967295,0,0
Block,320,448,2A039471,0,1,1,4294967295,0,0
Block,320,416,D55364F3,0,1,1,4294967295,0,0
Block,320,384,A78DD4BE,0,1,1,4294967295,0,0
Block,288,384,86518B11,0,1,1,4294967295,0,0
Block,288,416,DD289AD0,0,1,1,4294967295,0,0
Block,288,448,96913548,0,1,1,4294967295,0,0
Block,160,384,F31E34F9,0,1,1,4294967295,0,0
Block,288,544,AD4EB0B5,0,1,1,4294967295,0,0
Block,320,544,4D7F0668,0,1,1,4294967295,0,0
Block,320,576,F3D24008,0,1,1,4294967295,0,0
Block,288,576,F84D74BF,0,1,1,4294967295,0,0
Water3,336,-8,36590723,0,0.5,0.75,4294967295,0,0
Water2,368,0,B5F1A863,0,1,1,4294967295,0,0
Water2,336,24,676AE3CA,0,1,1.25,4294967295,0,0
Water2,368,32,06A27F97,0,1,1,4294967295,0,0
Water2,528,112,91999DA3,0,1,1,4294967295,0,0
Water3,672,176,C2F42C39,0,1,1,4294967295,0,0
Water2,544,592,2D54BF72,0,1,1,4294967295,0,0
Water2,544,560,A13E0AB5,0,1,1,4294967295,0,0
Water2,544,528,2616E55A,0,1,1,4294967295,0,0
Water3,432,224,EDEFD81E,0,1,1,4294967295,0,0
Water3,432,256,2B593FDD,0,1,1,4294967295,0,0
Water2,128,128,C8B07ABC,0,1,1,4294967295,0,0
Water2,128,160,893CEF52,0,1,1,4294967295,0,0
Water2,96,384,8ED8E2FC,0,1,1,4294967295,0,0
Water2,96,352,2E0675AB,0,1,1,4294967295,0,0
SavePointVeryHard,288,512,A2F6DE05,0,1,1,4294967295,0,0
SavePointVeryHard,352,368,25FC4B87,0,1,1,4294967295,0,1
CatharsisWater,128,472,37B751AF,0,1,3,4294967295,0,0
SavePointVeryHard,768,336,8F8FA2CA,0,1,1,4294967295,0,1
Water2,336,16,A82F7FA8,0,0.5,0.25,4294967295,0,0
Water2,352,0,23CFD45C,0,0.5,0.75,4294967295,0,0
Water2,320,0,112117D2,0,0.5,1.75,4294967295,0,0
SpikeU,368,128,1487F072,0,1,1,4294967295,0,0
MiniSpikeLeft,336,80,33D2CD96,0,1,1,4294967295,0,0
MiniSpikeRight,352,80,51E7B07E,0,1,1,4294967295,0,0
SpikeR,272,48,22BCE5C6,0,1,1,4294967295,0,0
SpikeL,240,48,47E7C11A,0,1,1,4294967295,0,0
MiniSpikeLeft,304,64,60ED7F8D,0,1,1,4294967295,0,0
MiniSpikeLeft,304,48,13930A29,0,1,1,4294967295,0,0
SpikeR,320,48,690B15D2,0,1,1,4294967295,0,0
SpikeD,336,-16,81ED1CDF,0,1,1,4294967295,0,0
MiniSpikeUp,392,32,EA0F1A73,0,1,1,4294967295,0,0
MiniSpikeDown,392,48,CD5829EE,0,1,1,4294967295,0,0
MiniSpikeUp,512,128,EAEDC6E3,0,1,1,4294967295,0,0
SpikeL,528,128,377AE5AB,0,1,1,4294967295,0,0
SpikeU,400,128,CEAD8CD6,0,1,1,4294967295,0,0
SpikeR,432,0,446711BD,0,1,1,4294967295,0,0
SpikeR,464,16,F0041B5D,0,1,1,4294967295,0,0
SpikeR,432,32,3A4F23A3,0,1,1,4294967295,0,0
SpikeU,432,96,5FDB823C,0,1,1,4294967295,0,0
MiniSpikeRight,544,80,D9AECDFE,0,1,1,4294967295,0,0
MiniSpikeLeft,528,80,EC545B86,0,1,1,4294967295,0,0
SpikeU,688,80,D994DAB3,0,1,1,4294967295,0,0
SpikeR,592,64,D5DB5415,0,1,1,4294967295,0,0
SpikeU,560,160,65B1B8BD,0,1,1,4294967295,0,0
MiniSpikeLeft,608,144,60D95BBA,0,1,1,4294967295,0,0
MiniSpikeLeft,608,128,549FA131,0,1,1,4294967295,0,0
MiniSpikeUp,656,256,D4C78DD2,0,1,1,4294967295,0,0
MiniSpikeUp,672,256,F5923A1F,0,1,1,4294967295,0,0
MiniSpikeUp,608,208,875408C7,0,1,1,4294967295,0,0
MiniSpikeUp,592,208,EBC9FA7A,0,1,1,4294967295,0,0
SpikeD,624,160,86C2FF48,0,1,1,4294967295,0,0
SpikeD,592,256,66C37935,0,1,1,4294967295,0,0
MiniSpikeLeft,672,144,059E8002,0,1,1,4294967295,0,0
MiniSpikeRight,656,144,DFF5171A,0,1,1,4294967295,0,0
MiniSpikeRight,736,256,A2B3C2F0,0,1,1,4294967295,0,0
SpikeR,736,192,08397BB1,0,1,1,4294967295,0,0
MiniSpikeLeft,720,176,649B04C6,0,1,1,4294967295,0,0
MiniSpikeRight,704,176,557B5115,0,1,1,4294967295,0,0
SpikeL,672,192,53DF3988,0,1,1,4294967295,0,0
SpikeR,736,320,57CA918B,0,1,1,4294967295,0,0
SpikeL,704,320,DE2E7E4F,0,1,1,4294967295,0,0
SpikeR,672,368,57B13D67,0,1,1,4294967295,0,0
SpikeR,704,416,D1A9D9E0,0,1,1,4294967295,0,0
MiniSpikeRight,512,560,60662260,0,1,1,4294967295,0,0
MiniSpikeLeft,496,560,2317899B,0,1,1,4294967295,0,0
SpikeL,528,192,772AE528,0,1,1,4294967295,0,0
SpikeD,560,256,B3F8103B,0,1,1,4294967295,0,0
SpikeU,640,320,13A43D01,0,1,1,4294967295,0,0
SpikeU,608,320,AB564A94,0,1,1,4294967295,0,0
SpikeD,608,448,55C84AC2,0,1,1,4294967295,0,0
SpikeR,576,512,1BDC938B,0,1,1,4294967295,0,0
MiniSpikeRight,512,480,F0119FD9,0,1,1,4294967295,0,0
MiniSpikeLeft,496,480,6873D71E,0,1,1,4294967295,0,0
SpikeU,576,352,552EDC1E,0,1,1,4294967295,0,0
SpikeD,576,384,DB04CDB4,0,1,1,4294967295,0,0
SpikeL,544,512,3C09DB06,0,1,1,4294967295,0,0
MiniSpikeDown,512,288,BD8A55F4,0,1,1,4294967295,0,0
MiniSpikeUp,512,272,D1CB4986,0,1,1,4294967295,0,0
MiniSpikeUp,448,496,3BAA7CC5,0,1,1,4294967295,0,0
MiniSpikeUp,432,496,EEEB1104,0,1,1,4294967295,0,0
SpikeU,528,320,594F1EE3,0,1,1,4294967295,0,0
MiniSpikeDown,528,320,36B1FAEE,0,1,1,4294967295,0,0
MiniSpikeUp,528,304,09B3FE60,0,1,1,4294967295,0,0
MiniSpikeRight,496,248,1FC07F49,0,1,1,4294967295,0,0
MiniSpikeLeft,480,248,B57CC21A,0,1,1,4294967295,0,0
SpikeR,464,192,EF6FF9F6,0,1,1,4294967295,0,0
SpikeR,464,304,9D47DBDA,0,1,1,4294967295,0,0
SpikeD,432,224,07F39E66,0,1,1,4294967295,0,0
SpikeL,432,416,2C9229AA,0,1,1,4294967295,0,0
SpikeU,432,256,D918BF1E,0,1,1,4294967295,0,0
SpikeD,352,480,D2401638,0,1,1,4294967295,0,0
MiniSpikeDown,384,384,45DBA332,0,1,1,4294967295,0,0
MiniSpikeUp,384,368,8B883D2F,0,1,1,4294967295,0,0
MiniSpikeLeft,272,232,07FFC8B6,0,1,1,4294967295,0,0
MiniSpikeRight,288,232,ACCE2DB8,0,1,1,4294967295,0,0
MiniSpikeRight,320,216,B8F769E3,0,1,1,4294967295,0,0
MiniSpikeLeft,304,216,6DCFA5A8,0,1,1,4294967295,0,0
SpikeR,368,288,1B6B3EE2,0,1,1,4294967295,0,0
SpikeU,288,320,B217E4D7,0,1,1,4294967295,0,0
MiniSpikeUp,336,368,347C2C1D,0,1,1,4294967295,0,0
SpikeD,336,320,45537E81,0,1,1,4294967295,0,0
MiniSpikeUp,320,368,63039C85,0,1,1,4294967295,0,0
SpikeU,336,256,43032BD6,0,1,1,4294967295,0,0
SpikeD,272,288,C09AF741,0,1,1,4294967295,0,0
SpikeD,208,160,859FC152,0,1,1,4294967295,0,0
MiniSpikeUp,176,208,B23D37BF,0,1,1,4294967295,0,0
MiniSpikeUp,160,208,D24AE5AA,0,1,1,4294967295,0,0
SpikeR,160,96,75AD2911,0,1,1,4294967295,0,0
MiniSpikeRight,96,96,1DFE8376,0,1,1,4294967295,0,0
MiniSpikeLeft,112,96,42794376,0,1,1,4294967295,0,0
SpikeU,128,160,615A4122,0,1,1,4294967295,0,0
MiniSpikeUp,112,176,B9186274,0,1,1,4294967295,0,0
MiniSpikeUp,96,176,38159298,0,1,1,4294967295,0,0
SpikeR,64,128,BBCA3791,0,1,1,4294967295,0,0
SpikeD,32,160,E57A86EC,0,1,1,4294967295,0,0
SpikeL,64,208,5FDC1DEF,0,1,1,4294967295,0,0
SpikeU,64,288,279804C5,0,1,1,4294967295,0,0
SpikeD,96,256,A52A0325,0,1,1,4294967295,0,0
SpikeD,128,256,5AB799FB,0,1,1,4294967295,0,0
SpikeU,128,320,BBBFCB6B,0,1,1,4294967295,0,0
MiniSpikeRight,96,352,4E0A3DAE,0,1,1,4294967295,0,0
MiniSpikeLeft,112,400,9BEF8352,0,1,1,4294967295,0,0
SpikeD,208,528,24E38515,0,1,1,4294967295,0,0
MiniSpikeUp,176,544,1404FDF8,0,1,1,4294967295,0,0
MiniSpikeUp,160,544,99149696,0,1,1,4294967295,0,0
MiniSpikeLeft,144,560,06B23095,0,1,1,4294967295,0,0
MiniSpikeRight,128,560,61B7D994,0,1,1,4294967295,0,0
SpikeU,96,464,CF6CDEC4,0,1,1,4294967295,0,0
MiniSpikeLeft,192,344,B1291E75,0,1,1,4294967295,0,0
MiniSpikeRight,208,344,93B87164,0,1,1,4294967295,0,0
MiniSpikeLeft,128,464,A9D44B64,0,1,1,4294967295,0,0
MiniSpikeRight,144,464,27FB4738,0,1,1,4294967295,0,0
SpikeD,192,464,849FA7C4,0,1,1,4294967295,0,0
SpikeU,208,464,DF665B50,0,1,1,4294967295,0,0
SpikeR,240,496,CDD3A545,0,1,1,4294967295,0,0
SpikeU,320,512,AC89ACB2,0,1,1,4294967295,0,0
SpikeL,256,448,68A29F58,0,1,1,4294967295,0,0
MiniSpikeUp,464,400,C2EA9515,0,1,1,4294967295,0,0
MiniSpikeUp,480,400,4B619D7B,0,1,1,4294967295,0,0
SpikeU,640,480,5DE27B12,0,1,1,4294967295,0,0
SpikeD,640,512,BA023879,0,1,1,4294967295,0,0
SpikeL,672,576,8BDA0F46,0,1,1,4294967295,0,0
MiniSpikeUp,704,528,C5B4E220,0,1,1,4294967295,0,0
MiniSpikeUp,720,528,205738FD,0,1,1,4294967295,0,0
MiniSpikeLeft,416,0,48878F0F,0,1,1,4294967295,0,0
MiniSpikeLeft,416,16,11AC94E4,0,1,1,4294967295,0,0
MiniSpikeLeft,416,32,9F1CC7AC,0,1,1,4294967295,0,0
MiniSpikeLeft,416,48,084DA964,0,1,1,4294967295,0,0
SpikeU,128,64,CD65875C,0,1,1,4294967295,0,0
MiniSpikeDown,368,0,F7EC8427,0,1,1,4294967295,0,0
MiniSpikeDown,384,0,72CE2F41,0,1,1,4294967295,0,0
DepthTint,288,152,96428D0D,0,1,1,4294967295,0,1
DepthShaderReset,240,200,E14D37F6,0,1,1,4294967295,0,1
WallJumpR,368,160,7413475A,0,1,1,4294967295,0,0
WallJumpL,432,128,347E8CE1,0,1,1,4294967295,0,0
WallJumpL,592,224,2B2CCB3F,0,1,1,4294967295,0,0
WallJumpL,576,576,EEBFFA34,0,1,1,4294967295,0,0
WallJumpR,576,576,B4EB969A,0,1,1,4294967295,0,0
WallJumpL,464,512,9D77C7AE,0,1,1,4294967295,0,0
WallJumpL,352,416,F230BA18,0,1,1,4294967295,0,0
WallJumpL,160,224,18895C9E,0,1,1,4294967295,0,0
WallJumpL,96,496,47EC9177,0,1,1,4294967295,0,0
WallJumpL,160,384,076FE938,0,1,1,4294967295,0,0
WallJumpL,160,352,120F7993,0,1,1,4294967295,0,0
Cherry,512,32,A26C0893,0,1,1,4294967295,0,0
Cherry,240,336,D536C205,0,1,1,4294967295,0,0
Cherry,224,304,6E086F1D,0,1,1,4294967295,0,0
Cherry,208,272,CB66E871,0,1,1,4294967295,0,0
Cherry,656,464,8CFB8BAA,0,1,1,4294967295,0,0
Cherry,752,240,48C8F747,0,1,1,4294967295,0,0
Cherry,368,528,D39D0298,0,1,1,4294967295,0,0
Platform,528,48,46F63AB6,0,1,1,4294967295,0,0
Platform,64,240,4DCA321D,0,1,1,4294967295,0,0
Platform,192,368,34EE414A,0,1,1,4294967295,0,0
Skinner,16,224,DECBAF43,0,1,1,4294967295,0,1
Platform,256,416,EE4B15C6,0,1,1,4294967295,0,0
Platform,672,480,8619CC0F,0,1,2,4294967295,0,0
TextDraw,32,544,4D732242,0,1,1,4294967295,0,1
PlayerStart,288,512,E527498B,0,1,1,4294967295,0,0
