background141_block,368,352,0,0,32,32,0,1,1,4294967295
background141_block,400,352,0,0,32,32,0,1,1,4294967295
background141_block,400,384,0,0,32,32,0,1,1,4294967295
background141_block,320,432,0,0,32,32,0,1,1,4294967295
background141_block,320,464,0,0,32,32,0,1,1,4294967295
background141_block,352,464,0,0,32,32,0,1,1,4294967295
background141_block,240,368,0,0,32,32,0,1,1,4294967295
background141_block,192,448,0,0,32,32,0,1,1,4294967295
background141_block,304,288,0,0,32,32,0,1,1,4294967295
background141_block,208,256,0,0,32,32,0,1,1,4294967295
background141_block,208,288,0,0,32,32,0,1,1,4294967295
background141_block,128,224,0,0,32,32,0,1,1,4294967295
background141_block,128,192,0,0,32,32,0,1,1,4294967295
background141_block,192,160,0,0,32,32,0,1,1,4294967295
background141_block,64,64,0,0,32,32,0,1,1,4294967295
background141_block,64,96,0,0,32,32,0,1,1,4294967295
background141_block,96,96,0,0,32,32,0,1,1,4294967295
background141_block,96,64,0,0,32,32,0,1,1,4294967295
background141_block,64,128,0,0,32,32,0,1,1,4294967295
background141_block,96,352,0,0,32,32,0,1,1,4294967295
background141_block,80,384,0,0,32,32,0,1,1,4294967295
background141_block,32,224,0,0,32,32,0,1,1,4294967295
background141_block,256,560,0,0,32,32,0,1,1,4294967295
background141_block,256,592,0,0,32,32,0,1,1,4294967295
background141_block,464,416,0,0,32,32,0,1,1,4294967295
background141_block,464,384,0,0,32,32,0,1,1,4294967295
background141_block,464,352,0,0,32,32,0,1,1,4294967295
background141_block,272,112,0,0,32,32,0,1,1,4294967295
background141_block,272,144,0,0,32,32,0,1,1,4294967295
background141_block,272,176,0,0,32,32,0,1,1,4294967295
background141_block,304,176,0,0,32,32,0,1,1,4294967295
background141_block,304,144,0,0,32,32,0,1,1,4294967295
background141_block,192,-16,0,0,32,32,0,1,1,4294967295
background141_block,192,16,0,0,32,32,0,1,1,4294967295
background141_block,224,16,0,0,32,32,0,1,1,4294967295
background141_block,224,-16,0,0,32,32,0,1,1,4294967295
background141_block,80,432,0,0,32,32,0,1,1,4294967295
background141_block,144,288,0,0,32,32,0,1,1,4294967295
background141_block,144,320,0,0,32,32,0,1,1,4294967295
background141_block,144,256,0,0,32,32,0,1,1,4294967295
background142,160,224,0,0,16,16,0,1,1,4294967295
background142,160,240,0,0,16,16,0,1,1,4294967295
background141_block,432,256,0,0,32,32,0,1,1,4294967295
background141_block,432,224,0,0,32,32,0,1,1,4294967295
background141_block,368,288,0,0,32,32,0,1,1,4294967295
background141_block,368,320,0,0,32,32,0,1,1,4294967295
background141_block,432,192,0,0,32,32,0,1,1,4294967295
background141_block,272,-16,0,0,32,32,0,1,1,4294967295
background141_block,432,112,0,0,32,32,0,1,1,4294967295
background142,432,96,0,0,16,16,0,1,1,4294967295
background142,448,96,0,0,16,16,0,1,1,4294967295
background141_block,352,72,0,0,32,32,0,1,1,4294967295
background142,272,16,0,0,16,16,0,1,1,4294967295
background142,272,32,0,0,16,16,0,1,1,4294967295
background142,272,48,0,0,16,16,0,1,1,4294967295
background142,272,64,0,0,16,16,0,1,1,4294967295
background141_block,480,128,0,0,32,32,0,1,1,4294967295
background141_block,544,0,0,0,32,32,0,1,1,4294967295
background141_block,528,160,0,0,32,32,0,1,1,4294967295
background142,448,144,0,0,16,16,0,1,1,4294967295
background142,448,160,0,0,16,16,0,1,1,4294967295
background142,448,176,0,0,16,16,0,1,1,4294967295
background141_block,640,64,0,0,32,32,0,1,1,4294967295
background141_block,640,96,0,0,32,32,0,1,1,4294967295
background141_block,640,128,0,0,32,32,0,1,1,4294967295
background141_block,640,160,0,0,32,32,0,1,1,4294967295
background141_block,608,160,0,0,32,32,0,1,1,4294967295
background141_block,464,320,0,0,32,32,0,1,1,4294967295
background141_block,768,48,0,0,32,32,0,1,1,4294967295
background141_block,768,80,0,0,32,32,0,1,1,4294967295
background141_block,736,80,0,0,32,32,0,1,1,4294967295
background141_block,768,-16,0,0,32,32,0,1,1,4294967295
background141_block,768,16,0,0,32,32,0,1,1,4294967295
background142,704,96,0,0,16,16,0,1,1,4294967295
background142,720,96,0,0,16,16,0,1,1,4294967295
background141_block,656,272,0,0,32,32,0,1,1,4294967295
background141_block,704,192,0,0,32,32,0,1,1,4294967295
background141_block,784,192,0,0,32,32,0,1,1,4294967295
background141_block,576,240,0,0,32,32,0,1,1,4294967295
background141_block,576,272,0,0,32,32,0,1,1,4294967295
background141_block,576,304,0,0,32,32,0,1,1,4294967295
background142,640,256,0,0,16,16,0,1,1,4294967295
background142,640,272,0,0,16,16,0,1,1,4294967295
background142,640,288,0,0,16,16,0,1,1,4294967295
background145,624,440,0,0,64,64,0,1,1,4294967295
