Warp,608,240,16B1FF07,0,1,1,4294967295,0,0
Block,320,432,5B6B9803,0,1,1,4294967295,0,0
Block,320,464,2AAF4119,0,1,1,4294967295,0,0
Block,352,464,8330DC85,0,1,1,4294967295,0,0
Block,368,352,BFDD0601,0,1,1,4294967295,0,0
Block,400,352,9496DEEA,0,1,1,4294967295,0,0
Block,400,384,5846F3ED,0,1,1,4294967295,0,0
Block,240,368,DFE1E4F3,0,1,1,4294967295,0,0
Block,192,448,3C11D671,0,1,1,4294967295,0,0
Block,304,288,B252D706,0,1,1,4294967295,0,0
Block,208,256,63465329,0,1,1,4294967295,0,0
Block,208,288,186EA2A0,0,1,1,4294967295,0,0
Block,128,224,00F3A97C,0,1,1,4294967295,0,0
Block,128,192,2EEBEAB1,0,1,1,4294967295,0,0
Block,192,160,7B75E9E8,0,1,1,4294967295,0,0
Block,96,64,5A0ACF7F,0,1,1,4294967295,0,0
Block,96,96,31A446D0,0,1,1,4294967295,0,0
Block,64,64,090DF9A1,0,1,1,4294967295,0,0
Block,64,96,CCBF907E,0,1,1,4294967295,0,0
Block,32,224,673F322E,0,1,1,4294967295,0,0
Block,96,352,7CA1F0F9,0,1,1,4294967295,0,0
Block,80,432,D71D05ED,0,1,1,4294967295,0,0
Block,64,128,03706EBA,0,1,1,4294967295,0,0
Block,256,560,E1433D96,0,1,1,4294967295,0,0
Block,256,592,A0BABD91,0,1,1,4294967295,0,0
Block,464,384,E55C348B,0,1,1,4294967295,0,0
Block,464,416,6272E1C0,0,1,1,4294967295,0,0
Block,464,352,78C7A900,0,1,1,4294967295,0,0
Block,272,144,F920E28A,0,1,1,4294967295,0,0
Block,272,176,3BD6F86C,0,1,1,4294967295,0,0
Block,304,176,6D98FAB2,0,1,1,4294967295,0,0
Block,304,144,09BD9E82,0,1,1,4294967295,0,0
Block,272,112,B9B2F35D,0,1,1,4294967295,0,0
Block,192,16,D3F24B50,0,1,1,4294967295,0,0
Block,192,-16,B04E8538,0,1,1,4294967295,0,0
Block,224,-16,76594A70,0,1,1,4294967295,0,0
Block,224,16,EAD55A6B,0,1,1,4294967295,0,0
Block,144,288,F37A05AE,0,1,1,4294967295,0,0
Block,144,320,079E1235,0,1,1,4294967295,0,0
Block,80,384,7D9087C4,0,1,1,4294967295,0,0
Block,144,256,F1372F80,0,1,1,4294967295,0,0
Block,160,224,5EBE364C,0,0.5,1,4294967295,0,0
Block,432,256,DD5A0A5F,0,1,1,4294967295,0,0
Block,368,288,C1BAE12B,0,1,1,4294967295,0,0
Block,368,320,35D882E2,0,1,1,4294967295,0,0
Block,432,192,B2B02169,0,1,1,4294967295,0,0
Block,272,16,A814216D,0,0.5,1,4294967295,0,0
Block,272,-16,DCE104F3,0,1,1,4294967295,0,0
Block,432,96,C61E62AA,0,1,0.5,4294967295,0,0
Block,432,112,E3309B45,0,1,1,4294967295,0,0
Block,432,96,BF75BBCC,0,1,0.5,4294967295,0,0
Block,352,72,88D1241A,0,1,1,4294967295,0,0
Block,272,48,27AA8931,0,0.5,1,4294967295,0,0
Block,480,128,238B84A6,0,1,1,4294967295,0,0
Block,544,0,CF17B789,0,1,1,4294967295,0,0
Block,528,160,36D36AD7,0,1,1,4294967295,0,0
Block,464,320,05DCACE3,0,1,1,4294967295,0,0
Block,432,224,EA5B1615,0,1,1,4294967295,0,0
Block,448,144,55ADA353,0,0.5,1.5,4294967295,0,0
Block,640,64,51D1A7FC,0,1,1,4294967295,0,0
Block,608,160,054FC461,0,1,1,4294967295,0,0
Block,640,96,D99BB72E,0,1,1,4294967295,0,0
Block,640,128,312AD5A1,0,1,1,4294967295,0,0
Block,640,160,020BA2B6,0,1,1,4294967295,0,0
Block,736,80,712D65DA,0,1,1,4294967295,0,0
Block,768,80,796918A9,0,1,1,4294967295,0,0
Block,768,48,1B6CA98B,0,1,1,4294967295,0,0
Block,768,-16,DA019EBF,0,1,1,4294967295,0,0
Block,768,16,DC5C9F67,0,1,1,4294967295,0,0
Block,704,96,A99CE6B9,0,1,0.5,4294967295,0,0
Block,704,192,C1D604C5,0,1,1,4294967295,0,0
Block,656,272,162DB446,0,1,1,4294967295,0,0
Block,784,192,9282E002,0,1,1,4294967295,0,0
Block,576,240,1BEBE789,0,1,1,4294967295,0,0
Block,576,272,F69EC6E5,0,1,1,4294967295,0,0
Block,576,304,F25F75AD,0,1,1,4294967295,0,0
Block,640,256,47297B2C,0,0.5,1.5,4294967295,0,0
SavePointVeryHard,352,432,1E645E47,0,1,1,4294967295,0,0
Water2,208,128,D369E31D,0,0.5,1,4294967295,0,0
SavePointVeryHard,432,336,ADB320CB,0,1,1,4294967295,0,0
CatharsisWater,96,128,4A818411,0,1,4,4294967295,0,0
CatharsisWater,128,80,6EB2E3E2,0,1,3.5,4294967295,0,0
Water1,192,48,B84FDE1A,0,0.5,1,4294967295,0,0
Water1,208,192,6ED1D50F,0,0.5,2,4294967295,0,0
Water1,320,208,D4F704FD,0,0.5,1,4294967295,0,0
Water1,288,40,98294B48,0,0.5,1.75,4294967295,0,0
CatharsisWater,304,0,E14A2FFB,0,1,4,4294967295,0,0
Water1,752,0,118AC0DF,0,0.5,2.5,4294967295,0,0
CatharsisWater,720,0,54E679AC,0,0.5,3,4294967295,0,0
CatharsisWater,736,0,52D79E95,0,0.5,2.5,4294967295,0,0
CatharsisWater,544,128,E1BFBA4F,0,0.5,1,4294967295,0,0
CatharsisWater,704,0,8F8EDCF9,0,0.5,3,4294967295,0,0
SpikeD,368,384,853F2CB6,0,1,1,4294967295,0,0
SpikeR,272,368,51A3BB7D,0,1,1,4294967295,0,0
MiniSpikeUp,320,416,500781E3,0,1,1,4294967295,0,0
MiniSpikeUp,336,416,4A939311,0,1,1,4294967295,0,0
SpikeU,192,416,7B960B18,0,1,1,4294967295,0,0
SpikeL,288,464,17C7B4E3,0,1,1,4294967295,0,0
SpikeL,288,432,992C80F6,0,1,1,4294967295,0,0
SpikeL,272,288,6AAFA62F,0,1,1,4294967295,0,0
SpikeD,304,320,390F2533,0,1,1,4294967295,0,0
MiniSpikeUp,240,352,A514B1F1,0,1,1,4294967295,0,0
MiniSpikeUp,256,352,1D9E6039,0,1,1,4294967295,0,0
SpikeR,240,288,D9148854,0,1,1,4294967295,0,0
MiniSpikeLeft,192,288,4233EB82,0,1,1,4294967295,0,0
MiniSpikeLeft,192,272,7A173560,0,1,1,4294967295,0,0
MiniSpikeUp,224,240,02D52C3C,0,1,1,4294967295,0,0
MiniSpikeUp,208,240,018A7DAD,0,1,1,4294967295,0,0
SpikeU,192,128,D756961A,0,1,1,4294967295,0,0
SpikeR,128,64,F9F32758,0,1,1,4294967295,0,0
SpikeL,96,208,5F5BC132,0,1,1,4294967295,0,0
SpikeU,96,320,D6BEAA68,0,1,1,4294967295,0,0
SpikeL,32,64,207836FD,0,1,1,4294967295,0,0
SpikeL,32,96,A69C8C7F,0,1,1,4294967295,0,0
SpikeD,64,160,9F11A00A,0,1,1,4294967295,0,0
MiniSpikeUp,128,176,F1325F65,0,1,1,4294967295,0,0
MiniSpikeUp,144,176,0349038D,0,1,1,4294967295,0,0
SpikeU,256,528,7A670B35,0,1,1,4294967295,0,0
SpikeL,224,560,3B2971E6,0,1,1,4294967295,0,0
SpikeU,368,256,D020C1CA,0,1,1,4294967295,0,0
SpikeU,400,320,77DBAD6E,0,1,1,4294967295,0,0
MiniSpikeLeft,192,256,76BB2588,0,1,1,4294967295,0,0
MiniSpikeDown,208,192,AB058936,0,1,1,4294967295,0,0
SpikeR,224,160,FCB18841,0,1,1,4294967295,0,0
SpikeD,304,208,50648AA2,0,1,1,4294967295,0,0
SpikeU,304,256,4BE20827,0,1,1,4294967295,0,0
MiniSpikeLeft,96,128,F15641EE,0,1,1,4294967295,0,0
MiniSpikeRight,112,128,CF61DA60,0,1,1,4294967295,0,0
SpikeD,192,48,BD6EC27B,0,1,1,4294967295,0,0
SpikeU,96,32,C61A04ED,0,1,1,4294967295,0,0
SpikeU,64,32,FC604588,0,1,1,4294967295,0,0
SpikeL,160,16,74D8E9D9,0,1,1,4294967295,0,0
MiniSpikeUp,80,368,0A05D2B8,0,1,1,4294967295,0,0
MiniSpikeDown,144,352,A472F933,0,1,1,4294967295,0,0
MiniSpikeDown,160,352,81251ECB,0,1,1,4294967295,0,0
MiniSpikeUp,160,208,8C8CC3DE,0,1,1,4294967295,0,0
SpikeL,400,224,32053208,0,1,1,4294967295,0,0
SpikeL,336,176,DB6A6755,0,1,1,4294967295,0,0
SpikeR,368,176,795EDABA,0,1,1,4294967295,0,0
SpikeD,432,144,3325538A,0,1,1,4294967295,0,0
SpikeL,400,96,89841E20,0,1,1,4294967295,0,0
SpikeR,304,112,74F257D8,0,1,1,4294967295,0,0
MiniSpikeUp,352,56,09EF4D4B,0,1,1,4294967295,0,0
MiniSpikeUp,368,56,AE264CF1,0,1,1,4294967295,0,0
SpikeD,432,0,143F3C48,0,1,1,4294967295,0,0
MiniSpikeRight,304,32,BAF3D989,0,1,1,4294967295,0,0
SpikeR,272,80,9D4237D3,0,1,1,4294967295,0,0
MiniSpikeLeft,288,32,34BFCF1A,0,1,1,4294967295,0,0
SpikeD,400,0,22082305,0,1,1,4294967295,0,0
SpikeU,480,96,673138C7,0,1,1,4294967295,0,0
SpikeL,480,32,7BDCE01C,0,1,1,4294967295,0,0
SpikeR,512,32,8DBD35A9,0,1,1,4294967295,0,0
SpikeU,528,128,E896C5D0,0,1,1,4294967295,0,0
SpikeU,464,288,A898FB79,0,1,1,4294967295,0,0
SpikeU,480,240,BF4C3B30,0,1,1,4294967295,0,0
SpikeD,528,192,E8C91FD7,0,1,1,4294967295,0,0
MiniSpikeDown,480,272,E6019B68,0,1,1,4294967295,0,0
MiniSpikeDown,496,272,FAC28ED0,0,1,1,4294967295,0,0
SpikeL,560,64,AC71B3B7,0,1,1,4294967295,0,0
SpikeR,592,64,D174A7A6,0,1,1,4294967295,0,0
SpikeU,608,128,59AB1E59,0,1,1,4294967295,0,0
MiniSpikeUp,656,48,848C04F7,0,1,1,4294967295,0,0
SpikeD,704,0,5FE4DCBD,0,1,1,4294967295,0,0
SpikeL,736,-16,09CA3052,0,1,1,4294967295,0,0
SpikeL,736,48,9C117034,0,1,1,4294967295,0,0
SpikeL,704,80,F5D0E9B7,0,1,1,4294967295,0,0
MiniSpikeLeft,688,96,D96F9175,0,1,1,4294967295,0,0
MiniSpikeDown,688,0,28C4C37B,0,1,1,4294967295,0,0
SpikeL,672,192,156BB5AC,0,1,1,4294967295,0,0
SpikeU,704,160,8AC0C621,0,1,1,4294967295,0,0
SpikeR,688,272,082BDF22,0,1,1,4294967295,0,0
SpikeL,560,208,C55CE0ED,0,1,1,4294967295,0,0
SpikeR,592,208,BF577BA0,0,1,1,4294967295,0,0
SpikeD,736,112,0FA5ACD5,0,1,1,4294967295,0,0
SpikeL,752,192,41F580A0,0,1,1,4294967295,0,0
SpikeU,784,160,76BC9A1C,0,1,1,4294967295,0,0
MiniSpikeLeft,704,224,31EAD28F,0,1,1,4294967295,0,0
MiniSpikeRight,720,224,741F9B33,0,1,1,4294967295,0,0
MiniSpikeUp,640,240,7F17E92D,0,1,1,4294967295,0,0
SpikeU,432,64,07D47388,0,1,1,4294967295,0,0
MiniSpikeDown,368,104,496CDCB3,0,1,1,4294967295,0,0
MiniSpikeDown,384,416,22215E6C,0,1,1,4294967295,0,0
WallJumpR,240,368,849C268D,0,1,1,4294967295,0,0
WallJumpR,208,288,2F2E7212,0,1,1,4294967295,0,0
WallJumpL,80,432,F8187CF8,0,1,1,4294967295,0,0
WallJumpL,256,576,31AF2845,0,1,1,4294967295,0,0
WallJumpL,352,464,9BEB46DC,0,1,1,4294967295,0,0
WallJumpL,208,256,0AA78FD7,0,1,1,4294967295,0,0
WallJumpR,352,72,8E6BEFCE,0,1,1,4294967295,0,0
WallJumpL,432,224,11C8CAC7,0,1,1,4294967295,0,0
WallJumpL,528,160,9C946F5C,0,1,1,4294967295,0,0
WallJumpL,640,160,DAA86E0D,0,1,1,4294967295,0,0
Skinner,16,0,EDE51D79,0,1,1,4294967295,0,1
CherryRainbow,240,464,14162E23,0,1,1,4294967295,0,0
CherryRainbow,176,176,198880C5,0,1,1,4294967295,0,0
CherryRainbow,400,448,51066FB4,0,1,1,4294967295,0,0
Platform,384,464,D94C5FD9,0,0.5,2,4294967295,0,0
Platform,432,368,C7DA686A,0,1,1,4294967295,0,0
CherryRainbow,352,320,461D8672,0,1,1,4294967295,0,0
Platform,464,128,B3CC64AA,0,0.5,2,4294967295,0,0
CherryRainbow,496,176,21133808,0,1,1,4294967295,0,0
PlayerStart,352,432,1C6D9953,0,1,1,4294967295,0,0
