DepthHueShift,64,16,81277F7C,0,1,1,4294967295,0,1
DepthShaderReset,16,16,0274C65D,0,1,1,4294967295,0,1
SavePointVeryHard,624,368,4B74BACF,0,1,1,4294967295,0,0
SavePointVeryHard,208,368,BAA4C69E,0,1,1,4294967295,0,0
Warp,480,576,A6D081B0,0,1,1,4294967295,0,0
Block,464,432,EAA9F107,0,1,1,4294967295,0,0
Block,448,464,396A97E9,0,1,1,4294967295,0,0
Block,384,352,93B4A67E,0,1,1,4294967295,0,0
Block,624,400,F94B9C62,0,1,1,4294967295,0,0
Block,400,480,3937B540,0,1,1,4294967295,0,0
Block,304,416,92F017B6,0,1,1,4294967295,0,0
Block,384,320,4A8EF3C8,0,1,1,4294967295,0,0
Block,400,512,5E98E002,0,1,1,4294967295,0,0
Block,336,448,E0504D58,0,1,1,4294967295,0,0
Block,368,544,B4A07DD0,0,1,1,4294967295,0,0
Block,368,576,888F8826,0,1,1,4294967295,0,0
Block,400,544,77244620,0,1,1,4294967295,0,0
Block,240,528,1B690146,0,1,1,4294967295,0,0
Block,560,400,6030FAB3,0,1,1,4294967295,0,0
ChBlock,560,368,8110ED31,0,1,1,4294967295,0,0
ChBlock,512,304,103BE84A,0,1,1,4294967295,0,0
ChBlock,416,352,304F54D8,0,1,1,4294967295,0,0
ChBlock,336,416,599DFD61,0,1,1,4294967295,0,0
ChBlock,240,496,682B2555,0,1,1,4294967295,0,0
Block,624,288,CA84B558,0,1,1,4294967295,0,0
Block,656,320,988F1C21,0,1,1,4294967295,0,0
Block,656,288,A5701C7E,0,1,1,4294967295,0,0
Block,608,400,60DF2C2A,0,0.5,1,4294967295,0,0
Block,576,528,8750D0A1,0,1,1,4294967295,0,0
Block,448,496,9FC6FF23,0,1,1,4294967295,0,0
Block,624,432,51523FEA,0,1,1,4294967295,0,0
ChBlock,704,448,39BA0029,0,1,1,4294967295,0,0
Block,704,480,4F8DF2AE,0,0.5,2,4294967295,0,0
ChBlock,704,544,AE75590E,0,1,1,4294967295,0,0
ChBlock,768,344,3B5B3D04,0,1,1,4294967295,0,0
Block,704,328,4DF10F82,0,1,1,4294967295,0,0
Block,704,296,7E3CB9A5,0,1,1,4294967295,0,0
Block,576,560,0E571DB8,0,1,1,4294967295,0,0
Block,576,592,0AED2C61,0,1,1,4294967295,0,0
Block,512,336,9C398B57,0,1,1,4294967295,0,0
Block,768,240,3B5D7235,0,1,1,4294967295,0,0
Block,768,208,6FFDA94E,0,1,1,4294967295,0,0
Block,672,96,50D37353,0,1,1,4294967295,0,0
Block,672,64,8B331C02,0,1,1,4294967295,0,0
Block,640,64,5C67C379,0,1,1,4294967295,0,0
Block,640,96,B47BB2D4,0,1,1,4294967295,0,0
ChBlock,672,192,DA3C0ABF,0,1,1,4294967295,0,0
ChBlock,672,224,3475FFED,0,1,1,4294967295,0,0
Block,608,96,547BFCB6,0,1,1,4294967295,0,0
Block,576,160,48443990,0,1,1,4294967295,0,0
Block,480,160,5BDEDFBE,0,1,1,4294967295,0,0
Block,432,256,384A0829,0,1,1,4294967295,0,0
Block,432,224,611B1E52,0,1,1,4294967295,0,0
Block,432,192,B3269E14,0,1,1,4294967295,0,0
Block,208,432,391E5C94,0,1,1,4294967295,0,0
Block,208,400,9691FF3F,0,1,1,4294967295,0,0
Block,112,384,B1DB0EC1,0,1,1,4294967295,0,0
Block,112,416,386B3866,0,1,1,4294967295,0,0
Block,112,448,0AE3A029,0,1,1,4294967295,0,0
Block,208,320,66EBBD2F,0,1,1,4294967295,0,0
Block,240,320,98BC1A23,0,1,1,4294967295,0,0
Block,240,288,242444AF,0,1,1,4294967295,0,0
Block,48,272,9B315FCC,0,1,1,4294967295,0,0
Block,80,272,2BC657B7,0,1,1,4294967295,0,0
Block,80,240,47D8FA1D,0,1,1,4294967295,0,0
Block,48,240,6D779CD1,0,1,1,4294967295,0,0
Block,16,240,7F8778E5,0,1,1,4294967295,0,0
Block,16,272,F8AB78C6,0,1,1,4294967295,0,0
Block,16,304,56011DAC,0,1,1,4294967295,0,0
Block,112,240,F0B6BF9B,0,1,1,4294967295,0,0
Block,112,544,EEA55D04,0,1,1,4294967295,0,0
Block,80,512,124399E0,0,1,1,4294967295,0,0
Block,80,544,02E0E329,0,1,1,4294967295,0,0
Block,16,464,6A5DF64A,0,1,1,4294967295,0,0
ChBlock,272,320,7AD23C5F,0,1,1,4294967295,0,0
Block,208,288,CB1CEE3C,0,1,1,4294967295,0,0
ChBlock,320,208,38F7A432,0,1,1,4294967295,0,0
ChBlock,288,144,E185D30D,0,1,1,4294967295,0,0
ChBlock,320,144,C2760A50,0,1,1,4294967295,0,0
ChBlock,512,560,D1FF6066,0,1,1,4294967295,0,0
ChBlock,512,592,C6A871EF,0,1,1,4294967295,0,0
Water2,416,448,D3F59A93,0,1,1,4294967295,0,0
Water2,448,448,778AC427,0,0.25,0.5,4294967295,0,0
Water2,320,448,8A9E3500,0,0.5,2,4294967295,0,0
Water2,336,480,6BB2FBDF,0,0.5,1,4294967295,0,0
Water1,720,480,ED39DE93,0,0.5,2,4294967295,0,0
Water3,704,360,5306A829,0,1,1.5,4294967295,0,0
Water3,528,384,B5312C40,0,1,0.5,4294967295,0,0
CatharsisWater,640,208,64902BEA,0,1,2.5,4294967295,0,0
Water3,512,176,770BB3C9,0,2,0.5,4294967295,0,0
Water2,144,432,2F88BF6F,0,2,1,4294967295,0,0
Water2,352,224,F4E38C2E,0,2.5,0.5,4294967295,0,0
CatharsisWater,320,240,0EEE96DD,0,0.5,3,4294967295,0,0
SpikeD,512,368,8FF3B7F4,0,1,1,4294967295,0,0
SpikeR,496,432,4E6491A8,0,1,1,4294967295,0,0
SpikeU,400,448,446D118E,0,1,1,4294967295,0,0
MiniSpikeUp,448,448,75521ADB,0,1,1,4294967295,0,0
SpikeU,304,384,10E63B81,0,1,1,4294967295,0,0
SpikeR,304,320,44B08436,0,1,1,4294967295,0,0
SpikeL,272,416,8312AD78,0,1,1,4294967295,0,0
SpikeD,304,448,F8BC7720,0,1,1,4294967295,0,0
SpikeD,336,480,27C6CB85,0,1,1,4294967295,0,0
SpikeL,368,512,743B9FA3,0,1,1,4294967295,0,0
SpikeR,272,512,2FAA88BD,0,1,1,4294967295,0,0
SpikeL,560,304,2F43A9EC,0,1,1,4294967295,0,0
SpikeD,464,320,F6711A9A,0,1,1,4294967295,0,0
SpikeU,384,288,75B92A93,0,1,1,4294967295,0,0
SpikeR,592,304,D740DC46,0,1,1,4294967295,0,0
SpikeD,624,320,09DEF828,0,1,1,4294967295,0,0
MiniSpikeUp,608,384,9F312DA3,0,1,1,4294967295,0,0
SpikeU,576,496,B5E35CBA,0,1,1,4294967295,0,0
SpikeD,560,432,DA4059EC,0,1,1,4294967295,0,0
MiniSpikeLeft,704,400,8DAF095A,0,1,1,4294967295,0,0
MiniSpikeRight,720,400,EF317EEB,0,1,1,4294967295,0,0
SpikeR,736,296,4639FD4B,0,1,1,4294967295,0,0
SpikeL,512,240,8BCAE5F8,0,1,1,4294967295,0,0
SpikeR,544,240,79D73CF4,0,1,1,4294967295,0,0
SpikeR,656,432,09D359FB,0,1,1,4294967295,0,0
SpikeR,704,192,B116D3D8,0,1,1,4294967295,0,0
SpikeU,768,176,F10958A2,0,1,1,4294967295,0,0
SpikeD,672,128,42825135,0,1,1,4294967295,0,0
SpikeR,704,96,97644B69,0,1,1,4294967295,0,0
SpikeL,640,192,D257E150,0,1,1,4294967295,0,0
SpikeU,624,256,53AA4FA1,0,1,1,4294967295,0,0
SpikeR,512,160,D0CDAA77,0,1,1,4294967295,0,0
SpikeL,544,160,A033F780,0,1,1,4294967295,0,0
SpikeU,464,288,5E280E92,0,1,1,4294967295,0,0
SpikeL,176,432,5C8F59FB,0,1,1,4294967295,0,0
SpikeR,144,384,66F0F4CC,0,1,1,4294967295,0,0
SpikeU,112,352,9D12364A,0,1,1,4294967295,0,0
SpikeL,176,320,21744B73,0,1,1,4294967295,0,0
SpikeL,80,416,6BACB075,0,1,1,4294967295,0,0
SpikeU,240,256,994A7D41,0,1,1,4294967295,0,0
SpikeU,112,512,C5A11FA6,0,1,1,4294967295,0,0
SpikeU,16,432,C2149D2D,0,1,1,4294967295,0,0
SpikeU,16,208,7B1C6240,0,1,1,4294967295,0,0
SpikeU,48,208,3C4950CB,0,1,1,4294967295,0,0
SpikeU,80,208,47E72797,0,1,1,4294967295,0,0
SpikeU,112,208,78363C0D,0,1,1,4294967295,0,0
SpikeL,208,192,E29D45FA,0,1,1,4294967295,0,0
SpikeR,240,192,1D7B39C8,0,1,1,4294967295,0,0
SpikeU,432,160,977E842C,0,1,1,4294967295,0,0
SpikeR,352,208,387CA5D6,0,1,1,4294967295,0,0
SpikeL,256,144,1AFB4986,0,1,1,4294967295,0,0
SpikeU,288,112,C9243321,0,1,1,4294967295,0,0
SpikeU,320,112,39BED4C4,0,1,1,4294967295,0,0
SpikeU,480,128,489CD598,0,1,1,4294967295,0,0
SpikeU,576,128,2B1070E4,0,1,1,4294967295,0,0
SpikeU,608,64,53F8695C,0,1,1,4294967295,0,0
SpikeU,640,32,894E39B7,0,1,1,4294967295,0,0
SpikeU,672,32,338B7D8C,0,1,1,4294967295,0,0
SpikeU,448,576,11CD23A3,0,1,1,4294967295,0,0
SpikeU,512,528,4205D5F1,0,1,1,4294967295,0,0
MiniSpikeUp,464,416,962EA685,0,1,1,4294967295,0,0
MiniSpikeUp,480,416,EB6AF173,0,1,1,4294967295,0,0
MiniSpikeLeft,352,144,7ECBDA99,0,1,1,4294967295,0,0
MiniSpikeRight,368,144,A35BFFAC,0,1,1,4294967295,0,0
WallJumpR,384,320,069A2D6B,0,1,1,4294967295,0,0
WallJumpR,368,544,FB2337C4,0,1,1,4294967295,0,0
WallJumpR,368,576,B5B6C255,0,1,1,4294967295,0,0
WallJumpL,576,528,A6165C1F,0,1,1,4294967295,0,0
WallJumpR,240,528,191C08C4,0,1,1,4294967295,0,0
WallJumpR,112,384,9A8BD0A2,0,1,1,4294967295,0,0
CherryRainbow,672,384,0CC019B9,0,1,1,4294967295,0,0
CherryRainbow,624,576,C627B124,0,1,1,4294967295,0,0
CherryRainbow,512,416,ADCD029C,0,1,1,4294967295,0,0
Platform,704,224,62F7C8EB,0,1,1,4294967295,0,0
CherryRainbow,688,272,01FB270F,0,1,1,4294967295,0,0
Platform,48,304,164B57D2,0,1,1,4294967295,0,0
CherryRainbow,160,352,50ABA5C6,0,1,1,4294967295,0,0
CherryRainbow,288,224,DB3D1BB4,0,1,1,4294967295,0,0
Platform,320,176,FA39C175,0,1,2,4294967295,0,0
CherryRainbow,496,528,0414D9ED,0,1,1,4294967295,0,0
TextDraw,112,48,57A1C301,0,1,1,4294967295,0,1
PlayerStart,624,368,D2DE88AF,0,1,1,4294967295,0,0
