SavePointVeryHard,720,544,8DEE3FAB,0,1,1,4294967295,0,0
SavePointVeryHard,432,112,31882DD3,0,1,1,4294967295,0,0
Warp,304,576,6C337B7C,0,1,1,4294967295,0,0
Autotiler,48,32,5B9D7923,0,1,1,4294967295,0,1
Block,416,560,5221AE7F,0,1,1,4294967295,0,0
Block,416,528,75B3C38D,0,1,1,4294967295,0,0
Block,272,576,EF59BF2E,0,1,1,4294967295,0,0
Block,272,544,FB660DA0,0,1,1,4294967295,0,0
Block,304,512,D9D0C51F,0,1,1,4294967295,0,0
Block,176,560,C7ABC9D1,0,1,1,4294967295,0,0
Block,96,448,B73A4EB5,0,1,1,4294967295,0,0
Block,160,448,B5D335FC,0,1,1,4294967295,0,0
Block,208,448,DAF53E97,0,1,1,4294967295,0,0
Block,208,416,DD3018DE,0,1,1,4294967295,0,0
Block,48,176,DDA59C21,0,1,1,4294967295,0,0
Block,48,208,E47777EC,0,1,1,4294967295,0,0
Block,48,240,1EC36766,0,1,1,4294967295,0,0
Block,80,240,40E336EF,0,1,1,4294967295,0,0
Block,112,144,36354D9B,0,1,1,4294967295,0,0
Block,128,240,D55A1913,0,1,1,4294967295,0,0
Block,192,48,9AC96D3D,0,1,1,4294967295,0,0
Block,192,80,4B404BD9,0,1,1,4294967295,0,0
Block,192,112,A3331BB1,0,1,1,4294967295,0,0
Block,192,144,153EF1AB,0,1,1,4294967295,0,0
Block,384,352,21FBABE4,0,1,1,4294967295,0,0
Block,384,320,24855986,0,1,1,4294967295,0,0
Block,320,352,1DC07C21,0,1,1,4294967295,0,0
Block,288,352,9815EAD5,0,1,1,4294967295,0,0
Block,240,320,954B529F,0,1,1,4294967295,0,0
Block,288,320,AC0F95CD,0,1,1,4294967295,0,0
Block,272,192,E33BC45C,0,1,1,4294967295,0,0
Block,240,208,0BCCCEF8,0,1,1,4294967295,0,0
Block,240,176,3D38FECC,0,1,1,4294967295,0,0
Block,352,64,E898E88F,0,1,1,4294967295,0,0
Block,352,96,430061D0,0,1,1,4294967295,0,0
Block,352,128,62CA39FB,0,1,1,4294967295,0,0
Block,416,176,EF8D3575,0,1,1,4294967295,0,0
Block,352,0,28D5E339,0,1,1,4294967295,0,0
Block,352,32,17225DAE,0,1,1,4294967295,0,0
Block,384,0,93C65531,0,1,1,4294967295,0,0
Block,416,144,54C55720,0,1,1,4294967295,0,0
Block,576,0,750A4A72,0,1,0.5,4294967295,0,0
Block,544,0,658E508B,0,1,0.5,4294967295,0,0
Block,496,80,7E5BAF8D,0,1,1,4294967295,0,0
Block,496,112,4E0DB8F7,0,1,1,4294967295,0,0
Block,592,144,51DBD320,0,1,1,4294967295,0,0
Block,672,304,3E18A53E,0,1,1,4294967295,0,0
Block,720,400,84C0FC4E,0,1,1,4294967295,0,0
Block,720,432,82D642B6,0,1,1,4294967295,0,0
Block,720,464,A2BCACB1,0,1,1,4294967295,0,0
Block,688,464,7748596F,0,1,1,4294967295,0,0
Block,384,288,923A1E6C,0,1,1,4294967295,0,0
Block,384,256,8DD78F89,0,1,1,4294967295,0,0
Block,544,416,99EAD11D,0,1,1,4294967295,0,0
Block,480,368,E70DCF5E,0,1,1,4294967295,0,0
Block,544,208,F94211EA,0,1,1,4294967295,0,0
Block,576,304,E4FB85ED,0,1,1,4294967295,0,0
Block,512,480,A16AF814,0,1,1,4294967295,0,0
Block,656,464,74B0B0C0,0,1,1,4294967295,0,0
Block,576,416,C6815527,0,1,1,4294967295,0,0
Block,528,560,9187DB74,0,1,1,4294967295,0,0
Block,720,576,02FC487E,0,1,1,4294967295,0,0
Block,688,496,EC57E2B8,0,1,1,4294967295,0,0
Block,656,496,3F23AB68,0,1,1,4294967295,0,0
Block,624,560,9897E1EB,0,0.5,1,4294967295,0,0
Block,512,512,1A2EBCEF,0,0.5,2.5,4294967295,0,0
Block,416,592,F4FF04B2,0,2,0.5,4294967295,0,0
Block,176,480,6DB6A49B,0,0.5,2.5,4294967295,0,0
Block,112,416,47F48DA6,0,0.5,1,4294967295,0,0
Block,128,176,B4A5B289,0,0.5,2,4294967295,0,0
Block,192,176,EFF29D7D,0,1.5,0.5,4294967295,0,0
Block,480,240,4BD5E844,0,1,0.5,4294967295,0,0
Block,496,192,A71C4658,0,0.5,1.5,4294967295,0,0
Block,288,288,D2DBAD81,0,0.5,1,4294967295,0,0
Block,416,128,04506B2A,0,0.5,0.5,4294967295,0,0
Block,512,336,F14F5DB4,0,0.5,2,4294967295,0,0
Block,128,336,814D25F7,0,0.5,1,4294967295,0,0
Block,144,352,5CE18612,0,0.5,0.5,4294967295,0,0
Water2,336,592,8226FD13,0,1,1,4294967295,0,0
Water2,336,560,0980B677,0,1,1,4294967295,0,0
Water2,336,528,14EBB406,0,1,1,4294967295,0,0
Water3,128,448,D9B31E93,0,1,1,4294967295,0,0
Water3,160,128,FB4FC5EE,0,1,1,4294967295,0,0
Water3,160,96,E6FE8425,0,1,1,4294967295,0,0
Water2,208,208,4F378025,0,1,1,4294967295,0,0
Water2,304,176,DA14841B,0,1,1,4294967295,0,0
Water2,304,208,8FEB76BE,0,1,1,4294967295,0,0
Water2,496,256,991B8D5F,0,0.5,1.25,4294967295,0,0
Water2,496,296,37B8B225,0,0.5,0.75,4294967295,0,0
Water2,496,320,F5C64AEB,0,0.5,1,4294967295,0,0
Water3,640,304,C6D7D876,0,1,1,4294967295,0,0
Water3,608,304,34E9E20A,0,1,1,4294967295,0,0
SpikeU,448,560,B3A5B27A,0,1,1,4294967295,0,0
SpikeU,416,496,FEED5CC4,0,1,1,4294967295,0,0
SpikeR,416,456,8BFED663,0,1,1,4294967295,0,0
SpikeL,384,424,35E3F83C,0,1,1,4294967295,0,0
SpikeR,336,512,78770A5C,0,1,1,4294967295,0,0
SpikeU,304,480,ECE903D7,0,1,1,4294967295,0,0
SpikeL,272,512,43DE6B3E,0,1,1,4294967295,0,0
MiniSpikeUp,192,544,BE803DF7,0,1,1,4294967295,0,0
MiniSpikeUp,224,400,1A69A696,0,1,1,4294967295,0,0
MiniSpikeUp,208,400,F0DC13D6,0,1,1,4294967295,0,0
MiniSpikeRight,192,384,7A4C794A,0,1,1,4294967295,0,0
MiniSpikeLeft,176,384,922DFBDA,0,1,1,4294967295,0,0
MiniSpikeUp,160,432,232571F0,0,1,1,4294967295,0,0
MiniSpikeUp,176,432,E36D4D12,0,1,1,4294967295,0,0
MiniSpikeUp,96,432,1E87500A,0,1,1,4294967295,0,0
MiniSpikeUp,112,400,791E97BE,0,1,1,4294967295,0,0
SpikeD,80,272,89819E54,0,1,1,4294967295,0,0
SpikeL,96,336,1B0E23A3,0,1,1,4294967295,0,0
SpikeR,240,448,01A0A4B9,0,1,1,4294967295,0,0
SpikeR,272,432,74A91B72,0,1,1,4294967295,0,0
SpikeR,240,416,D5C39072,0,1,1,4294967295,0,0
SpikeD,128,368,E423AE59,0,1,1,4294967295,0,0
MiniSpikeDown,256,352,5C54BC19,0,1,1,4294967295,0,0
MiniSpikeDown,240,352,BC841062,0,1,1,4294967295,0,0
MiniSpikeUp,144,336,72D2448A,0,1,1,4294967295,0,0
MiniSpikeUp,128,320,1FCDDF93,0,1,1,4294967295,0,0
SpikeL,16,208,55DFDA1E,0,1,1,4294967295,0,0
SpikeL,16,176,59DAD1D7,0,1,1,4294967295,0,0
SpikeU,48,144,0EF77FB7,0,1,1,4294967295,0,0
SpikeU,80,208,5EE19B05,0,1,1,4294967295,0,0
MiniSpikeLeft,112,128,DE0D0FD8,0,1,1,4294967295,0,0
MiniSpikeRight,128,128,F21DCFED,0,1,1,4294967295,0,0
MiniSpikeRight,224,336,BAE5F824,0,1,1,4294967295,0,0
MiniSpikeLeft,208,336,4486F333,0,1,1,4294967295,0,0
SpikeU,160,128,5EB266B2,0,1,1,4294967295,0,0
SpikeD,160,160,939E637C,0,1,1,4294967295,0,0
SpikeR,160,240,5EE8A9C2,0,1,1,4294967295,0,0
SpikeL,160,80,EDDCA35A,0,1,1,4294967295,0,0
SpikeL,128,64,CCEAD67F,0,1,1,4294967295,0,0
SpikeL,160,48,8AAA8264,0,1,1,4294967295,0,0
SpikeU,192,16,7BC50E89,0,1,1,4294967295,0,0
MiniSpikeUp,224,160,49201096,0,1,1,4294967295,0,0
SpikeL,208,192,B81E368D,0,1,1,4294967295,0,0
MiniSpikeDown,240,240,DA27D35E,0,1,1,4294967295,0,0
SpikeD,384,384,73E4C85E,0,1,1,4294967295,0,0
SpikeU,240,288,C416E8CC,0,1,1,4294967295,0,0
SpikeR,320,320,633135E2,0,1,1,4294967295,0,0
MiniSpikeRight,304,304,8EAEB7E8,0,1,1,4294967295,0,0
MiniSpikeUp,288,272,005DE06D,0,1,1,4294967295,0,0
MiniSpikeUp,272,176,732D0372,0,1,1,4294967295,0,0
MiniSpikeUp,288,176,A2D09073,0,1,1,4294967295,0,0
SpikeR,304,96,F67ABD3D,0,1,1,4294967295,0,0
SpikeL,272,96,C19D9DE5,0,1,1,4294967295,0,0
SpikeU,240,144,24A44D81,0,1,1,4294967295,0,0
SpikeU,320,176,77A909BC,0,1,1,4294967295,0,0
SpikeD,320,208,C729515E,0,1,1,4294967295,0,0
MiniSpikeLeft,368,256,F7666DC4,0,1,1,4294967295,0,0
MiniSpikeDown,368,160,2A620420,0,1,1,4294967295,0,0
MiniSpikeDown,352,160,FD2FDFF4,0,1,1,4294967295,0,0
SpikeD,384,32,7809EDAB,0,1,1,4294967295,0,0
SpikeD,576,16,C0CEDC4E,0,1,1,4294967295,0,0
SpikeL,512,-16,F623B290,0,1,1,4294967295,0,0
SpikeD,544,16,6C261EAB,0,1,1,4294967295,0,0
SpikeU,496,48,04B4EB5A,0,1,1,4294967295,0,0
SpikeR,528,80,62BF3B7A,0,1,1,4294967295,0,0
SpikeR,560,96,1714BEE1,0,1,1,4294967295,0,0
SpikeR,528,112,87E8E5D8,0,1,1,4294967295,0,0
MiniSpikeUp,496,176,CB965B6C,0,1,1,4294967295,0,0
MiniSpikeUp,592,400,64CD3605,0,1,1,4294967295,0,0
MiniSpikeUp,576,400,651688FE,0,1,1,4294967295,0,0
SpikeU,720,368,891DD4AE,0,1,1,4294967295,0,0
SpikeU,688,432,ED4BB6B2,0,1,1,4294967295,0,0
SpikeR,448,176,5F873B46,0,1,1,4294967295,0,0
SpikeU,384,224,FF7838D3,0,1,1,4294967295,0,0
SpikeD,480,256,C4E354F3,0,1,1,4294967295,0,0
SpikeL,480,336,93B942B7,0,1,1,4294967295,0,0
SpikeR,624,176,E9A2ADBE,0,1,1,4294967295,0,0
SpikeU,544,176,2DA02F55,0,1,1,4294967295,0,0
SpikeL,592,208,0F13C73A,0,1,1,4294967295,0,0
MiniSpikeUp,512,320,ABE7AC52,0,1,1,4294967295,0,0
MiniSpikeRight,528,336,7BC14608,0,1,1,4294967295,0,0
MiniSpikeUp,512,464,D626A55E,0,1,1,4294967295,0,0
MiniSpikeUp,528,464,626541D2,0,1,1,4294967295,0,0
SpikeU,544,384,D43389DC,0,1,1,4294967295,0,0
SpikeL,640,304,426F8F45,0,1,1,4294967295,0,0
SpikeU,576,272,F7FA310F,0,1,1,4294967295,0,0
MiniSpikeRight,640,368,34432B80,0,1,1,4294967295,0,0
MiniSpikeLeft,624,368,6B506857,0,1,1,4294967295,0,0
SpikeR,608,304,FC427C64,0,1,1,4294967295,0,0
SpikeR,544,480,2B36B461,0,1,1,4294967295,0,0
SpikeR,608,416,87670776,0,1,1,4294967295,0,0
SpikeL,592,560,D9068DED,0,1,1,4294967295,0,0
MiniSpikeUp,624,544,73564281,0,1,1,4294967295,0,0
SpikeL,624,464,4E62EA09,0,1,1,4294967295,0,0
SpikeD,576,448,DE7A8A37,0,1,1,4294967295,0,0
SpikeU,672,272,E822F949,0,1,1,4294967295,0,0
MiniSpikeLeft,448,240,F341F05B,0,1,1,4294967295,0,0
MiniSpikeRight,464,240,1A87FD67,0,1,1,4294967295,0,0
SpikeR,512,200,9A4209C1,0,1,1,4294967295,0,0
MiniSpikeLeft,544,232,34A1F3B1,0,1,1,4294967295,0,0
MiniSpikeRight,560,232,E2633E27,0,1,1,4294967295,0,0
WallJumpL,176,560,1D6921F1,0,1,1,4294967295,0,0
WallJumpR,288,352,C00F5922,0,1,1,4294967295,0,0
WallJumpR,416,144,CCB3A756,0,1,1,4294967295,0,0
WallJumpR,480,368,E645B3C0,0,1,1,4294967295,0,0
WallJumpR,576,304,CC278C2E,0,1,1,4294967295,0,0
WallJumpR,656,496,9585AAD4,0,1,1,4294967295,0,0
Cherry,304,416,CA9AC10C,0,1,1,4294967295,0,0
Cherry,192,320,A13E9DA8,0,1,1,4294967295,0,0
Cherry,184,288,5C6E835A,0,1,1,4294967295,0,0
Cherry,368,368,69F60813,0,1,1,4294967295,0,0
Cherry,432,80,3363C83E,0,1,1,4294967295,0,0
Cherry,416,112,A1436766,0,1,1,4294967295,0,0
Cherry,400,208,C1813F17,0,1,1,4294967295,0,0
Cherry,480,128,85E16303,0,1,1,4294967295,0,0
Cherry,464,160,9B97E76C,0,1,1,4294967295,0,0
Cherry,672,352,34E8DDE4,0,1,1,4294967295,0,0
Cherry,544,368,C4399EFC,0,1,1,4294967295,0,0
Platform,272,128,5EF3DD6A,0,1,1,4294967295,0,0
TextDraw,680,40,1F1B2E12,0,1,1,4294967295,0,1
AutoSaver,720,544,43237CF1,0,1,1,4294967295,0,0
MusicPlayer,680,176,A72A2D78,0,1,1,4294967295,0,1
PlayerStart,720,544,64A7568A,0,1,1,4294967295,0,0
