background106_block,16,48,0,0,32,32,0,1,1,4294967295
background107_miniblock,160,280,0,0,16,16,0,1,1,4294967295
background107_miniblock,160,296,0,0,16,16,0,1,1,4294967295
background107_miniblock,160,432,0,0,16,16,0,1,1,4294967295
background107_miniblock,160,448,0,0,16,16,0,1,1,4294967295
background107_miniblock,128,344,0,0,16,16,0,1,1,4294967295
background107_miniblock,128,360,0,0,16,16,0,1,1,4294967295
background107_miniblock,560,400,0,0,16,16,0,1,1,4294967295
background107_miniblock,560,416,0,0,16,16,0,1,1,4294967295
background107_miniblock,560,352,0,0,16,16,0,1,1,4294967295
background107_miniblock,392,192,0,0,16,16,0,1,1,4294967295
background107_miniblock,384,208,0,0,16,16,0,1,1,4294967295
background107_miniblock,456,104,0,0,16,16,0,1,1,4294967295
background111,72,528,0,0,64,64,0,1,1,4294967295
