background106_block,16,48,0,0,32,32,0,1,1,4294967295
background111,56,0,0,0,64,64,0,1,1,4294967295
background107_miniblock,192,112,0,0,16,16,0,1,1,4294967295
background107_miniblock,208,112,0,0,16,16,0,1,1,4294967295
background107_miniblock,224,112,0,0,16,16,0,1,1,4294967295
background107_miniblock,240,112,0,0,16,16,0,1,1,4294967295
background107_miniblock,64,208,0,0,16,16,0,1,1,4294967295
background107_miniblock,64,224,0,0,16,16,0,1,1,4294967295
background107_miniblock,80,224,0,0,16,16,0,1,1,4294967295
background107_miniblock,96,224,0,0,16,16,0,1,1,4294967295
background107_miniblock,96,240,0,0,16,16,0,1,1,4294967295
background107_miniblock,160,320,0,0,16,16,0,1,1,4294967295
background107_miniblock,176,320,0,0,16,16,0,1,1,4294967295
background107_miniblock,240,560,0,0,16,16,0,1,1,4294967295
background107_miniblock,256,560,0,0,16,16,0,1,1,4294967295
background107_miniblock,256,576,0,0,16,16,0,1,1,4294967295
background107_miniblock,256,592,0,0,16,16,0,1,1,4294967295
background107_miniblock,288,560,0,0,16,16,0,1,1,4294967295
background107_miniblock,288,576,0,0,16,16,0,1,1,4294967295
background107_miniblock,288,592,0,0,16,16,0,1,1,4294967295
background107_miniblock,304,592,0,0,16,16,0,1,1,4294967295
background107_miniblock,320,592,0,0,16,16,0,1,1,4294967295
background107_miniblock,336,592,0,0,16,16,0,1,1,4294967295
background107_miniblock,352,592,0,0,16,16,0,1,1,4294967295
background107_miniblock,352,576,0,0,16,16,0,1,1,4294967295
background107_miniblock,352,560,0,0,16,16,0,1,1,4294967295
background107_miniblock,352,544,0,0,16,16,0,1,1,4294967295
background107_miniblock,352,528,0,0,16,16,0,1,1,4294967295
background107_miniblock,352,512,0,0,16,16,0,1,1,4294967295
background107_miniblock,496,512,0,0,16,16,0,1,1,4294967295
background107_miniblock,496,528,0,0,16,16,0,1,1,4294967295
background107_miniblock,496,544,0,0,16,16,0,1,1,4294967295
background107_miniblock,496,560,0,0,16,16,0,1,1,4294967295
background107_miniblock,480,560,0,0,16,16,0,1,1,4294967295
background107_miniblock,464,592,0,0,16,16,0,1,1,4294967295
background107_miniblock,448,592,0,0,16,16,0,1,1,4294967295
background107_miniblock,544,480,0,0,16,16,0,1,1,4294967295
background107_miniblock,544,496,0,0,16,16,0,1,1,4294967295
background107_miniblock,544,512,0,0,16,16,0,1,1,4294967295
background107_miniblock,544,528,0,0,16,16,0,1,1,4294967295
background107_miniblock,544,544,0,0,16,16,0,1,1,4294967295
background107_miniblock,544,560,0,0,16,16,0,1,1,4294967295
background107_miniblock,544,576,0,0,16,16,0,1,1,4294967295
background107_miniblock,544,592,0,0,16,16,0,1,1,4294967295
background107_miniblock,496,384,0,0,16,16,0,1,1,4294967295
background107_miniblock,496,400,0,0,16,16,0,1,1,4294967295
background107_miniblock,496,416,0,0,16,16,0,1,1,4294967295
background107_miniblock,496,432,0,0,16,16,0,1,1,4294967295
background107_miniblock,496,448,0,0,16,16,0,1,1,4294967295
background107_miniblock,496,464,0,0,16,16,0,1,1,4294967295
background107_miniblock,448,432,0,0,16,16,0,1,1,4294967295
background107_miniblock,448,448,0,0,16,16,0,1,1,4294967295
background107_miniblock,688,448,0,0,16,16,0,1,1,4294967295
background107_miniblock,688,464,0,0,16,16,0,1,1,4294967295
background107_miniblock,688,480,0,0,16,16,0,1,1,4294967295
background107_miniblock,688,496,0,0,16,16,0,1,1,4294967295
background107_miniblock,704,448,0,0,16,16,0,1,1,4294967295
background107_miniblock,768,592,0,0,16,16,0,1,1,4294967295
background107_miniblock,784,592,0,0,16,16,0,1,1,4294967295
background107_miniblock,672,368,0,0,16,16,0,1,1,4294967295
background107_miniblock,672,384,0,0,16,16,0,1,1,4294967295
background107_miniblock,672,400,0,0,16,16,0,1,1,4294967295
background107_miniblock,688,400,0,0,16,16,0,1,1,4294967295
background107_miniblock,720,320,0,0,16,16,0,1,1,4294967295
background107_miniblock,736,320,0,0,16,16,0,1,1,4294967295
background107_miniblock,544,160,0,0,16,16,0,1,1,4294967295
background107_miniblock,736,128,0,0,16,16,0,1,1,4294967295
background107_miniblock,736,144,0,0,16,16,0,1,1,4294967295
background107_miniblock,736,160,0,0,16,16,0,1,1,4294967295
background107_miniblock,640,544,0,0,16,16,0,1,1,4294967295
background107_miniblock,640,560,0,0,16,16,0,1,1,4294967295
background107_miniblock,432,304,0,0,16,16,0,1,1,4294967295
background107_miniblock,432,320,0,0,16,16,0,1,1,4294967295
background107_miniblock,512,128,0,0,16,16,0,1,1,4294967295
background107_miniblock,528,128,0,0,16,16,0,1,1,4294967295
background107_miniblock,240,240,0,0,16,16,0,1,1,4294967295
background107_miniblock,256,240,0,0,16,16,0,1,1,4294967295
background107_miniblock,384,384,0,0,16,16,0,1,1,4294967295
background107_miniblock,400,384,0,0,16,16,0,1,1,4294967295
