SavePointVeryHard,512,496,746E42BC,0,1,1,4294967295,0,0
Autotiler,16,48,8DDA4626,0,1,1,4294967295,0,1
Warp,768,0,2FBD7048,0,1,1,4294967295,0,0
Block,768,32,9C2DE993,0,1,1,4294967295,0,0
Block,736,32,238394DD,0,1,1,4294967295,0,0
MiniBlock,736,160,47C705CD,0,1,1,4294967295,0,0
MiniBlock,736,144,AAB0BB9B,0,1,1,4294967295,0,0
MiniBlock,736,128,DF61BB0B,0,1,1,4294967295,0,0
Block,704,128,F1AF9E11,0,1,1,4294967295,0,0
Block,688,224,A8653FAD,0,1,1,4294967295,0,0
Block,672,128,0C4D1AB9,0,1,1,4294967295,0,0
Block,592,-16,C0C94C87,0,1,1,4294967295,0,0
Block,624,-16,B70C12BA,0,1,1,4294967295,0,0
Block,624,16,E0C44DEA,0,1,1,4294967295,0,0
Block,592,16,5025027F,0,1,1,4294967295,0,0
MiniBlock,544,160,0CA871B9,0,1,1,4294967295,0,0
Block,560,144,2F83E4D1,0,1,1,4294967295,0,0
Block,592,128,947A14F5,0,1,1,4294967295,0,0
MiniBlock,512,128,BCBF1511,0,1,1,4294967295,0,0
MiniBlock,528,128,06E90E98,0,1,1,4294967295,0,0
Block,480,112,BEA1BEAC,0,1,1,4294967295,0,0
Block,432,144,66B64FF4,0,1,1,4294967295,0,0
Block,464,224,13942A08,0,1,1,4294967295,0,0
MiniBlock,432,320,686C528D,0,1,1,4294967295,0,0
MiniBlock,432,304,EE49AA08,0,1,1,4294967295,0,0
Block,400,64,CC6C64CF,0,1,1,4294967295,0,0
Block,368,64,7688E9AC,0,1,1,4294967295,0,0
Block,368,32,EE768843,0,1,1,4294967295,0,0
Block,272,-16,24F2B173,0,1,1,4294967295,0,0
Block,240,-16,ED37C089,0,1,1,4294967295,0,0
MiniBlock,240,112,3621FD12,0,1,1,4294967295,0,0
MiniBlock,224,112,2EC8CB2F,0,1,1,4294967295,0,0
MiniBlock,208,112,381474AA,0,1,1,4294967295,0,0
MiniBlock,192,112,D6FC50EE,0,1,1,4294967295,0,0
Block,112,88,64C99FF9,0,1,1,4294967295,0,0
Block,48,176,10BE64BB,0,1,1,4294967295,0,0
MiniBlock,64,208,B42320D9,0,1,1,4294967295,0,0
MiniBlock,64,224,35C47F47,0,1,1,4294967295,0,0
MiniBlock,80,224,2D61E82A,0,1,1,4294967295,0,0
Block,112,192,AF7A78DA,0,1,1,4294967295,0,0
Block,256,112,AFF43347,0,1,1,4294967295,0,0
Block,320,336,986347A4,0,1,1,4294967295,0,0
Block,304,224,7A8B071B,0,1,1,4294967295,0,0
Block,240,208,42576F68,0,1,1,4294967295,0,0
MiniBlock,256,240,3532189A,0,1,1,4294967295,0,0
MiniBlock,240,240,38BEE6E3,0,1,1,4294967295,0,0
Block,208,208,AE0E1985,0,1,1,4294967295,0,0
Block,208,240,66A2FE38,0,1,1,4294967295,0,0
MiniBlock,96,240,624D6184,0,1,1,4294967295,0,0
MiniBlock,96,224,030715E3,0,1,1,4294967295,0,0
Block,112,224,52D3FC92,0,1,1,4294967295,0,0
Block,-16,352,1D62C872,0,1,1,4294967295,0,0
Block,-16,320,C42D596A,0,1,1,4294967295,0,0
Block,-16,288,2CE888C2,0,1,1,4294967295,0,0
Block,-16,256,B38E4A6B,0,1,1,4294967295,0,0
Block,32,576,1D0B40E3,0,1,1,4294967295,0,0
Block,0,560,0C926701,0,1,1,4294967295,0,0
Block,0,576,970D2DA4,0,1,1,4294967295,0,0
Block,0,528,8BF7C5E7,0,1,1,4294967295,0,0
Block,16,352,02DA4791,0,1,1,4294967295,0,0
Block,16,320,43E0FC07,0,1,1,4294967295,0,0
Block,48,448,2ECC6233,0,1,1,4294967295,0,0
Block,80,448,AF225207,0,1,1,4294967295,0,0
Block,80,416,89E56C22,0,1,1,4294967295,0,0
MiniBlock,160,320,DE67CE29,0,1,1,4294967295,0,0
MiniBlock,176,320,8A324F8E,0,1,1,4294967295,0,0
Block,160,336,8B38BFBA,0,1,1,4294967295,0,0
Block,160,368,C2C9ACC4,0,1,1,4294967295,0,0
Block,192,368,7D9C770F,0,1,1,4294967295,0,0
Block,128,480,28257E37,0,1,1,4294967295,0,0
Block,128,512,98ADFFC9,0,1,1,4294967295,0,0
Block,160,480,0E0BC4F6,0,1,1,4294967295,0,0
Block,160,448,3940BC3E,0,1,1,4294967295,0,0
MiniBlock,496,512,57133635,0,1,1,4294967295,0,0
MiniBlock,496,528,F8F92B1D,0,1,1,4294967295,0,0
MiniBlock,496,544,21AAFD9E,0,1,1,4294967295,0,0
Block,256,304,65676337,0,1,1,4294967295,0,0
Block,224,576,49314B12,0,1,1,4294967295,0,0
MiniBlock,256,592,D8144267,0,1,1,4294967295,0,0
MiniBlock,256,576,027C1F34,0,1,1,4294967295,0,0
MiniBlock,256,560,CF248D97,0,1,1,4294967295,0,0
MiniBlock,240,560,EF8FF1AD,0,1,1,4294967295,0,0
MiniBlock,288,592,DEF5AB66,0,1,1,4294967295,0,0
MiniBlock,304,592,480F82B7,0,1,1,4294967295,0,0
MiniBlock,320,592,5FDBEDC6,0,1,1,4294967295,0,0
MiniBlock,336,592,0072494B,0,1,1,4294967295,0,0
MiniBlock,352,592,FDD382B8,0,1,1,4294967295,0,0
MiniBlock,352,576,5F7B4866,0,1,1,4294967295,0,0
MiniBlock,352,560,672FB01B,0,1,1,4294967295,0,0
MiniBlock,288,576,348AB3D3,0,1,1,4294967295,0,0
MiniBlock,288,560,5E264902,0,1,1,4294967295,0,0
Block,288,528,72BDD709,0,1,1,4294967295,0,0
Block,304,560,B4C416F8,0,1,1,4294967295,0,0
Block,368,592,F49E6E80,0,1,1,4294967295,0,0
Block,368,560,B88749E9,0,1,1,4294967295,0,0
Block,400,592,D36E7DF9,0,1,1,4294967295,0,0
Block,400,560,4CB048AB,0,1,1,4294967295,0,0
MiniBlock,352,544,9E6D0633,0,1,1,4294967295,0,0
MiniBlock,352,528,FBCF01EE,0,1,1,4294967295,0,0
MiniBlock,352,512,51DDDCC5,0,1,1,4294967295,0,0
Block,320,368,6025736D,0,1,1,4294967295,0,0
Block,320,400,1E6ED4F0,0,1,1,4294967295,0,0
Block,368,480,40E4356C,0,1,1,4294967295,0,0
Block,368,496,C11221BE,0,1,1,4294967295,0,0
Block,368,528,CD7A2C76,0,1,1,4294967295,0,0
Block,400,528,87B2A360,0,1,1,4294967295,0,0
MiniBlock,400,384,4D3262FD,0,1,1,4294967295,0,0
MiniBlock,384,384,B8DC786D,0,1,1,4294967295,0,0
Block,416,368,5643BEF8,0,1,1,4294967295,0,0
Block,416,336,9C21E9A0,0,1,1,4294967295,0,0
MiniBlock,480,560,AF850BDB,0,1,1,4294967295,0,0
MiniBlock,544,592,7C55B803,0,1,1,4294967295,0,0
MiniBlock,544,576,D03C8B41,0,1,1,4294967295,0,0
MiniBlock,544,560,6039F185,0,1,1,4294967295,0,0
Block,512,592,C04B0288,0,1,1,4294967295,0,0
Block,512,560,C897D2C1,0,1,1,4294967295,0,0
MiniBlock,448,592,CD392D48,0,1,1,4294967295,0,0
MiniBlock,464,592,3265192C,0,1,1,4294967295,0,0
MiniBlock,496,560,63BFB613,0,1,1,4294967295,0,0
Block,480,480,D6FF2722,0,1,1,4294967295,0,0
MiniBlock,496,464,41FFF215,0,1,1,4294967295,0,0
MiniBlock,448,448,595C9774,0,1,1,4294967295,0,0
MiniBlock,448,432,0B62E17F,0,1,1,4294967295,0,0
MiniBlock,496,448,6AB74C63,0,1,1,4294967295,0,0
MiniBlock,496,432,6501B59D,0,1,1,4294967295,0,0
MiniBlock,496,416,027C5DE9,0,1,1,4294967295,0,0
MiniBlock,496,400,BBF7CC84,0,1,1,4294967295,0,0
MiniBlock,496,384,7911A77A,0,1,1,4294967295,0,0
Block,448,352,9D5CA381,0,1,1,4294967295,0,0
Block,496,352,48743034,0,1,1,4294967295,0,0
Block,496,320,60F98E4E,0,1,1,4294967295,0,0
Block,544,288,77C8363D,0,1,1,4294967295,0,0
MiniBlock,736,320,28F5F1BA,0,1,1,4294967295,0,0
MiniBlock,720,320,BE078BA0,0,1,1,4294967295,0,0
Block,720,288,205385CA,0,1,1,4294967295,0,0
Block,720,256,9E0D87E3,0,1,1,4294967295,0,0
MiniBlock,672,384,BD049DFC,0,1,1,4294967295,0,0
MiniBlock,672,368,B8AE77ED,0,1,1,4294967295,0,0
Block,688,256,AB21131E,0,1,1,4294967295,0,0
Block,688,288,E6FC972B,0,1,1,4294967295,0,0
Block,640,368,2E0FC907,0,1,1,4294967295,0,0
Block,640,336,7E7D8A1C,0,1,1,4294967295,0,0
MiniBlock,784,592,9DAD932E,0,1,1,4294967295,0,0
MiniBlock,768,592,4D561025,0,1,1,4294967295,0,0
Block,768,560,D790CE8B,0,1,1,4294967295,0,0
Block,768,528,0A6DEBE7,0,1,1,4294967295,0,0
Block,768,496,5A44B6F8,0,1,1,4294967295,0,0
Block,768,464,61963A76,0,1,1,4294967295,0,0
Block,720,576,6D6CCC2F,0,1,1,4294967295,0,0
Block,720,544,47E27E67,0,1,1,4294967295,0,0
Block,768,400,42C1F049,0,1,1,4294967295,0,0
Block,768,432,E3DFEE2A,0,1,1,4294967295,0,0
MiniBlock,704,448,A1AD578B,0,1,1,4294967295,0,0
MiniBlock,688,496,E357740D,0,1,1,4294967295,0,0
MiniBlock,688,480,4EF100F8,0,1,1,4294967295,0,0
MiniBlock,688,464,061D6FAD,0,1,1,4294967295,0,0
MiniBlock,688,448,EF7BCC2F,0,1,1,4294967295,0,0
Block,720,512,7FAEEEEE,0,1,1,4294967295,0,0
MiniBlock,640,560,93FFB7CA,0,1,1,4294967295,0,0
MiniBlock,640,544,F0C2C202,0,1,1,4294967295,0,0
Block,672,576,BB5ECD8C,0,1,1,4294967295,0,0
MiniBlock,672,400,4D754A42,0,1,1,4294967295,0,0
MiniBlock,688,400,9E0AC08F,0,1,1,4294967295,0,0
Block,640,400,D83B88AF,0,1,1,4294967295,0,0
Block,672,416,14E0D22A,0,1,1,4294967295,0,0
Block,624,512,923E9634,0,1,1,4294967295,0,0
Block,624,480,38AD39C5,0,1,1,4294967295,0,0
Block,576,400,786CD050,0,1,1,4294967295,0,0
MiniBlock,544,544,24E8C970,0,1,1,4294967295,0,0
MiniBlock,544,528,55E6ACE7,0,1,1,4294967295,0,0
Block,512,528,93850842,0,1,1,4294967295,0,0
MiniBlock,544,480,8D015A73,0,1,1,4294967295,0,0
MiniBlock,544,496,9E8158B3,0,1,1,4294967295,0,0
MiniBlock,544,512,60619530,0,1,1,4294967295,0,0
Block,480,576,31E46851,0,1,1,4294967295,0,0
Block,336,224,A754D605,0,1,1,4294967295,0,0
MiniSpikeDown,496,208,026CAC9C,0,1,1,4294967295,0,0
MiniSpikeUp,496,192,AC4AEC83,0,1,1,4294967295,0,0
SpikeL,704,32,3294F204,0,1,1,4294967295,0,0
SpikeU,704,96,606C3DC9,0,1,1,4294967295,0,0
SpikeU,768,112,283C7DD2,0,1,1,4294967295,0,0
SpikeD,768,144,FA82E1CC,0,1,1,4294967295,0,0
MiniSpikeUp,736,240,7871E2FF,0,1,1,4294967295,0,0
SpikeU,688,192,4BBCB4F5,0,1,1,4294967295,0,0
SpikeU,672,96,5BCC858B,0,1,1,4294967295,0,0
SpikeL,640,128,988C302C,0,1,1,4294967295,0,0
SpikeU,592,192,830FB9E7,0,1,1,4294967295,0,0
SpikeR,624,32,87D46612,0,1,1,4294967295,0,0
SpikeL,592,32,85667EC9,0,1,1,4294967295,0,0
SpikeU,592,96,711883A5,0,1,1,4294967295,0,0
SpikeL,560,128,BEF68088,0,1,1,4294967295,0,0
SpikeL,480,96,5E9D88D7,0,1,1,4294967295,0,0
MiniSpikeUp,528,112,DC97B86C,0,1,1,4294967295,0,0
MiniSpikeUp,512,112,45A303FB,0,1,1,4294967295,0,0
SpikeD,480,144,A12DC78C,0,1,1,4294967295,0,0
SpikeU,432,112,6BABCF22,0,1,1,4294967295,0,0
SpikeR,432,160,CFEBEA5F,0,1,1,4294967295,0,0
SpikeU,544,256,845F862A,0,1,1,4294967295,0,0
SpikeL,432,224,3B8CC37A,0,1,1,4294967295,0,0
MiniSpikeUp,384,16,9C288DB0,0,1,1,4294967295,0,0
MiniSpikeUp,368,16,374DBF5C,0,1,1,4294967295,0,0
SpikeU,352,224,A11873AE,0,1,1,4294967295,0,0
MiniSpikeUp,352,208,B75DFFE2,0,1,1,4294967295,0,0
MiniSpikeUp,336,208,5319C257,0,1,1,4294967295,0,0
MiniSpikeUp,432,288,C151CC8A,0,1,1,4294967295,0,0
SpikeR,320,128,BB070F54,0,1,1,4294967295,0,0
SpikeR,304,-16,0039FD9E,0,1,1,4294967295,0,0
SpikeD,240,16,93C059BB,0,1,1,4294967295,0,0
SpikeU,224,80,FE850305,0,1,1,4294967295,0,0
SpikeU,112,56,25437A4B,0,1,1,4294967295,0,0
SpikeD,96,88,DADC3943,0,1,1,4294967295,0,0
MiniSpikeRight,128,112,DCAAE68C,0,1,1,4294967295,0,0
MiniSpikeLeft,112,112,1F894929,0,1,1,4294967295,0,0
SpikeR,192,112,3FDA0E0C,0,1,1,4294967295,0,0
SpikeU,48,144,C70D24C7,0,1,1,4294967295,0,0
MiniSpikeUp,80,208,4815974F,0,1,1,4294967295,0,0
SpikeU,112,160,B2095B15,0,1,1,4294967295,0,0
SpikeU,256,80,8CD6700B,0,1,1,4294967295,0,0
SpikeL,224,112,B09205DE,0,1,1,4294967295,0,0
SpikeU,208,176,63107A8B,0,1,1,4294967295,0,0
SpikeL,288,160,756A65BD,0,1,1,4294967295,0,0
SpikeU,304,192,FB70BC98,0,1,1,4294967295,0,0
MiniSpikeRight,272,224,41F6A4B1,0,1,1,4294967295,0,0
MiniSpikeUp,336,320,E4A9B0D0,0,1,1,4294967295,0,0
SpikeD,304,256,A8C86339,0,1,1,4294967295,0,0
SpikeR,240,240,D433B3FE,0,1,1,4294967295,0,0
SpikeD,208,272,1E1C82BD,0,1,1,4294967295,0,0
MiniSpikeLeft,160,312,6FE8BE43,0,1,1,4294967295,0,0
MiniSpikeRight,176,312,89A76C55,0,1,1,4294967295,0,0
MiniSpikeUp,208,352,25CA633B,0,1,1,4294967295,0,0
SpikeU,128,224,4BF84E9B,0,1,1,4294967295,0,0
SpikeD,96,256,BF485CFC,0,1,1,4294967295,0,0
SpikeU,-16,224,18B7E5F0,0,1,1,4294967295,0,0
SpikeR,16,256,FAAD1A98,0,1,1,4294967295,0,0
SpikeL,0,512,51EC49E0,0,1,1,4294967295,0,0
SpikeR,64,576,6F1DE3E9,0,1,1,4294967295,0,0
SpikeU,32,544,A67F61F1,0,1,1,4294967295,0,0
SpikeU,48,416,6C448B43,0,1,1,4294967295,0,0
SpikeL,48,464,60D60EF0,0,1,1,4294967295,0,0
SpikeR,80,464,28449711,0,1,1,4294967295,0,0
SpikeU,80,384,C6183C54,0,1,1,4294967295,0,0
MiniSpikeLeft,112,376,31C687C9,0,1,1,4294967295,0,0
MiniSpikeRight,128,376,F4E61F29,0,1,1,4294967295,0,0
SpikeL,128,320,58642A12,0,1,1,4294967295,0,0
MiniSpikeUp,448,416,431E9631,0,1,1,4294967295,0,0
SpikeL,160,384,12C0691E,0,1,1,4294967295,0,0
SpikeU,128,448,BF6A03A5,0,1,1,4294967295,0,0
SpikeL,128,528,6BCCECBD,0,1,1,4294967295,0,0
SpikeR,160,496,721CF58E,0,1,1,4294967295,0,0
SpikeR,192,384,7BAAEE98,0,1,1,4294967295,0,0
SpikeD,256,336,C2E199AC,0,1,1,4294967295,0,0
SpikeL,288,400,5260BB77,0,1,1,4294967295,0,0
SpikeD,192,448,AA929F34,0,1,1,4294967295,0,0
SpikeL,224,496,B50D8471,0,1,1,4294967295,0,0
SpikeU,240,528,31F12429,0,1,1,4294967295,0,0
SpikeU,288,496,010FBE4A,0,1,1,4294967295,0,0
MiniSpikeUp,320,544,DE5E6430,0,1,1,4294967295,0,0
SpikeU,352,480,1CBBBE15,0,1,1,4294967295,0,0
SpikeL,320,416,CBE52311,0,1,1,4294967295,0,0
SpikeR,368,464,813C5470,0,1,1,4294967295,0,0
SpikeU,400,496,D97EF361,0,1,1,4294967295,0,0
SpikeL,384,368,252E1993,0,1,1,4294967295,0,0
MiniSpikeDown,384,400,A86C7FF2,0,1,1,4294967295,0,0
MiniSpikeDown,400,400,B0205A84,0,1,1,4294967295,0,0
MiniSpikeLeft,432,448,8F1A70FF,0,1,1,4294967295,0,0
SpikeU,448,560,56A4AB13,0,1,1,4294967295,0,0
MiniSpikeUp,480,464,322D4101,0,1,1,4294967295,0,0
SpikeR,448,368,7840BD97,0,1,1,4294967295,0,0
SpikeR,448,336,42CF728A,0,1,1,4294967295,0,0
SpikeD,464,256,D4B76FE9,0,1,1,4294967295,0,0
SpikeU,496,288,CD24E08E,0,1,1,4294967295,0,0
SpikeD,592,224,2B89FD78,0,1,1,4294967295,0,0
SpikeR,576,288,2730B0C8,0,1,1,4294967295,0,0
SpikeD,544,320,8C632CC9,0,1,1,4294967295,0,0
SpikeU,576,368,5B3C50CE,0,1,1,4294967295,0,0
MiniSpikeUp,672,352,C4352C18,0,1,1,4294967295,0,0
SpikeL,688,304,49E8A0DB,0,1,1,4294967295,0,0
SpikeU,672,368,4A019B24,0,1,1,4294967295,0,0
SpikeL,736,400,FAF0CCBF,0,1,1,4294967295,0,0
MiniSpikeRight,720,448,705CCA90,0,1,1,4294967295,0,0
MiniSpikeUp,736,496,7BF8917B,0,1,1,4294967295,0,0
MiniSpikeUp,720,496,C14A1B01,0,1,1,4294967295,0,0
MiniSpikeDown,640,576,BDED74D5,0,1,1,4294967295,0,0
MiniSpikeDown,624,544,2FAFE26D,0,1,1,4294967295,0,0
SpikeD,672,512,C6D2FA7F,0,1,1,4294967295,0,0
SpikeL,640,416,B57DEDFB,0,1,1,4294967295,0,0
SpikeU,672,480,00B18DCF,0,1,1,4294967295,0,0
SpikeR,624,464,83A62D82,0,1,1,4294967295,0,0
SpikeR,560,480,91F83698,0,1,1,4294967295,0,0
SpikeL,576,416,6DA5ACC4,0,1,1,4294967295,0,0
SpikeL,544,400,D84A42FA,0,1,1,4294967295,0,0
MiniSpikeUp,544,464,4F63D343,0,1,1,4294967295,0,0
MiniSpikeLeft,256,296,D3280463,0,1,1,4294967295,0,0
MiniSpikeRight,272,296,ED90A244,0,1,1,4294967295,0,0
MiniSpikeDown,728,160,DC24800C,0,1,1,4294967295,0,0
Cherry,344,296,49DAEC35,0,1,1,4294967295,0,0
Cherry,240,384,C31EC64D,0,1,1,4294967295,0,0
Skinner,400,272,143095E0,0,1,1,4294967295,0,1
AutoSaver,512,496,301BB6BA,0,1,1,4294967295,0,0
MusicPlayer,384,112,0A6D5E34,0,1,1,4294967295,0,1
PlayerStart,512,496,3D81399F,0,1,1,4294967295,0,0
