object439,0,0,97143CB5,0,1,1,4294967295,0,1
DepthShaderReset,0,0,7C6CCB9B,0,1,1,4294967295,0,1
Warp,144,424,C6BA5C13,0,1,1,4294967295,0,0
Block,96,128,5F0DA7B1,0,0.5,2,4294967295,0,0
Block,112,128,89FEBBCD,0,0.5,0.5,4294967295,0,0
Block,64,32,6972038D,0,0.5,2,4294967295,0,0
Block,192,0,FC6F07F2,0,1,1,4294967295,0,0
Block,208,128,2A7D26BC,0,0.5,1,4294967295,0,0
Block,160,224,FA93EE6B,0,1,1,4294967295,0,0
Block,224,128,A294B0AF,0,0.5,0.5,4294967295,0,0
Block,256,80,36CE0C7B,0,0.5,3,4294967295,0,0
Block,256,176,40209D4B,0,0.5,2,4294967295,0,0
Block,32,192,A0D2B9B8,0,2.5,0.5,4294967295,0,0
Block,0,80,F6BD01DD,0,1,1,4294967295,0,0
Block,64,0,B916E6E3,0,0.5,1,4294967295,0,0
Block,0,112,383B4120,0,1,3,4294967295,0,0
Block,224,0,26E007F9,0,1.5,0.5,4294967295,0,0
Block,320,0,6FBD5735,0,1,1,4294967295,0,0
Block,304,128,4D23D4E2,0,1,1,4294967295,0,0
Block,352,0,FC1547B5,0,0.5,1.5,4294967295,0,0
Block,400,176,1C94BCED,0,1,1,4294967295,0,0
Block,312,224,B338A0CB,0,1,1,4294967295,0,0
Block,368,256,5C40D456,0,0.5,1,4294967295,0,0
Block,384,256,8104259E,0,1,0.5,4294967295,0,0
Block,464,112,6012BCC8,0,0.5,3,4294967295,0,0
Block,432,176,8F2FC14A,0,1,1,4294967295,0,0
Block,480,0,FD9343C8,0,1,0.5,4294967295,0,0
Block,512,0,271B35B8,0,1,2,4294967295,0,0
Block,464,208,E01E9D51,0,0.5,2,4294967295,0,0
Block,608,96,780D6C70,0,1,1,4294967295,0,0
Block,608,32,BADC07DE,0,1,1,4294967295,0,0
Block,608,128,BB9DE4F8,0,1,1,4294967295,0,0
Block,528,352,A25C082A,0,1,1,4294967295,0,0
Block,464,272,F6F5B0F9,0,0.5,2.5,4294967295,0,0
Block,592,272,7CFBACF6,0,0.5,1,4294967295,0,0
Block,608,160,A0A90542,0,0.5,3.5,4294967295,0,0
Block,576,32,437B926C,0,1,1,4294967295,0,0
Block,608,64,A93402C0,0,1,1,4294967295,0,0
Block,736,112,5FDFC2F3,0,1,1,4294967295,0,0
Block,768,80,34F8F29C,0,1,1,4294967295,0,0
Block,768,48,DA20CB4E,0,1,1,4294967295,0,0
Block,640,272,0E98602A,0,0.5,1.5,4294967295,0,0
Block,656,304,6B42E0CA,0,1,0.5,4294967295,0,0
Block,752,568,DA4AE4CE,0,1,1,4294967295,0,0
Block,608,576,17FF2782,0,0.5,1,4294967295,0,0
Block,608,272,49DBB29A,0,0.5,3.5,4294967295,0,0
Block,576,352,5D5F4A2B,0,1,3.5,4294967295,0,0
Block,704,64,FC448B81,0,0.5,0.5,4294967295,0,0
Block,432,480,B8A21FD1,0,1,1,4294967295,0,0
Block,464,480,E9907568,0,0.5,1.75,4294967295,0,0
Block,400,576,CA473113,0,1,1,4294967295,0,0
Block,352,400,C1DC86E8,0,0.5,1.125,4294967295,0,0
Block,272,384,36A31C73,0,1,1,4294967295,0,0
Block,272,416,8E82CC02,0,1,1,4294967295,0,0
Block,352,384,86B0143B,0,0.5,0.5,4294967295,0,0
Block,384,344,99740EC0,0,1,1,4294967295,0,0
Block,240,280,5599589F,0,1,1,4294967295,0,0
Block,256,240,E37476BC,0,0.5,1.25,4294967295,0,0
Block,168,376,DC5DB636,0,1,1,4294967295,0,0
Block,272,448,C5695221,0,0.5,1.5,4294967295,0,0
Block,224,448,7CE1FB13,0,1,0.5,4294967295,0,0
Block,176,416,5B0CC773,0,0.5,2,4294967295,0,0
Block,240,432,8717BA8C,0,0.5,0.5,4294967295,0,0
Block,104,416,D53DA0A4,0,1,1,4294967295,0,0
Block,8,336,32459AF8,0,1,1,4294967295,0,0
Block,40,504,565BB973,0,2,3.5,4294967295,0,0
Block,176,480,E0D3432C,0,0.5,4.25,4294967295,0,0
Block,384,544,FC6FDC24,0,0.5,2,4294967295,0,0
Water3,80,0,93B794D0,0,1,1.5,4294967295,0,0
CatharsisWater,144,96,E5D5271C,0,2.5,1,4294967295,0,0
CatharsisWater,128,96,19A87536,0,0.5,1,4294967295,0,0
Water3,224,144,8D53FB35,0,0.5,0.5,4294967295,0,0
Water3,256,16,3D9B6C77,0,0.5,2,4294967295,0,0
CatharsisWater,320,32,7FBCFFDF,0,0.5,2.5,4294967295,0,0
Water2,400,64,8A191729,0,1,1.5,4294967295,0,0
Water2,400,0,C1131C77,0,0.5,2,4294967295,0,0
CatharsisWater,464,0,52B61C83,0,0.5,3.5,4294967295,0,0
Water3,528,64,A49E1C1D,0,0.5,1,4294967295,0,0
SavePointVeryHard,608,0,83882EEC,0,1,1,4294967295,0,0
CatharsisWater,496,224,0685CA9F,0,0.5,2.5,4294967295,0,0
SavePointVeryHard,32,160,4B4FFA71,0,1,1,4294967295,0,0
Water3,704,112,8FD75728,0,0.5,2,4294967295,0,0
CatharsisWater,704,176,0674ECF6,0,1,2.5,4294967295,0,0
Water3,688,352,B52F41F3,0,0.5,2.25,4294967295,0,0
Water2,656,320,55F00BD0,0,1,3,4294967295,0,0
Water2,704,376,88EBA56B,0,1,2.25,4294967295,0,0
Water2,736,400,21CE1031,0,1,2.25,4294967295,0,0
CatharsisWater,752,472,3412C15E,0,0.5,3,4294967295,0,0
Water3,528,512,BE9CB4E4,0,0.5,2,4294967295,0,0
CatharsisWater,736,48,D4D62910,0,1,2,4294967295,0,0
SavePointVeryHard,400,544,7D4CD42C,0,1,1,4294967295,0,0
Water3,368,404,42894413,0,0.5,2.875,4294967295,0,0
CatharsisWater,384,416,9194627A,0,1,2.3125,4294967295,0,0
Water2,304,392,06DFBB6F,0,1.5,0.5,4294967295,0,0
CatharsisWater,272,296,8F948346,0,1,2.75,4294967295,0,0
CatharsisWater,304,296,9042C241,0,0.5,3,4294967295,0,0
CatharsisWater,160,256,D6AD65AB,0,0.75,3.75,4294967295,0,0
CatharsisWater,160,376,74E8A43D,0,0.25,0.75,4294967295,0,0
Water3,88,256,63A3B565,0,1,1.75,4294967295,0,0
CatharsisWater,112,312,59D76F91,0,0.25,3.25,4294967295,0,0
CatharsisWater,88,384,CF312CAB,0,0.5,2,4294967295,0,0
object440,0,0,50F5ED4B,0,1,1,4294967295,0,0
SpikeL,32,64,6EC31702,0,1,1,4294967295,0,0
SpikeR,80,32,401323CE,0,1,1,4294967295,0,0
SpikeU,96,96,416C5219,0,1,1,4294967295,0,0
MiniSpikeDown,112,144,BDE43C47,0,1,1,4294967295,0,0
WallJumpL,80,176,0A6B600E,0,1,1,4294967295,0,0
SpikeD,112,96,C6E6C1E2,0,1,1,4294967295,0,0
SpikeU,144,64,16485F64,0,1,1,4294967295,0,0
SpikeD,160,0,390DB540,0,1,1,4294967295,0,0
SpikeD,192,32,1C6913C8,0,1,1,4294967295,0,0
SpikeL,176,128,9403BFE9,0,1,1,4294967295,0,0
SpikeU,208,96,F93FA143,0,1,1,4294967295,0,0
SpikeU,160,192,4F31C3C9,0,1,1,4294967295,0,0
SpikeR,192,224,A93E84AF,0,1,1,4294967295,0,0
SpikeU,224,208,85231664,0,1,1,4294967295,0,0
WallJumpL,48,64,1F8D2CF3,0,1,1,4294967295,0,0
MiniSpikeDown,64,96,39B1901F,0,1,1,4294967295,0,0
SpikeU,64,160,5A7FE091,0,1,1,4294967295,0,0
SpikeR,32,80,6BAE3472,0,1,1,4294967295,0,0
SpikeL,88,240,E7B47803,0,1,1,4294967295,0,0
SpikeR,120,240,D7122680,0,1,1,4294967295,0,0
SpikeD,240,16,E3FFACEA,0,1,1,4294967295,0,0
MiniSpikeLeft,288,16,852F8FE3,0,1,1,4294967295,0,0
MiniSpikeRight,304,16,07E75ABD,0,1,1,4294967295,0,0
SpikeR,304,96,4FE47F57,0,1,1,4294967295,0,0
MiniSpikeDown,336,32,A56C6296,0,1,1,4294967295,0,0
WallJumpL,304,128,8D6983FC,0,1,1,4294967295,0,0
MiniSpikeUp,352,128,E4510D75,0,1,1,4294967295,0,0
MiniSpikeDown,352,144,BB96E4D0,0,1,1,4294967295,0,0
SpikeL,368,80,DBAE22AE,0,1,1,4294967295,0,0
SpikeR,400,48,FC63582A,0,1,1,4294967295,0,0
SpikeU,400,144,AE715F1C,0,1,1,4294967295,0,0
WallJumpL,336,16,D0820004,0,1,1,4294967295,0,0
MiniSpikeRight,272,0,37AE142C,0,1,1,4294967295,0,0
MiniSpikeLeft,288,96,8AFFA1B9,0,1,1,4294967295,0,0
MiniSpikeLeft,288,112,823CCD03,0,1,1,4294967295,0,0
MiniSpikeUp,312,208,0C719C6C,0,1,1,4294967295,0,0
MiniSpikeUp,328,208,E23D94BA,0,1,1,4294967295,0,0
WallJumpL,312,224,31F5DFF7,0,1,1,4294967295,0,0
SpikeL,336,256,315E003B,0,1,1,4294967295,0,0
SpikeU,384,224,44A181CF,0,1,1,4294967295,0,0
MiniSpikeRight,272,80,BFFF94EF,0,1,1,4294967295,0,0
MiniSpikeUp,464,96,82371CFB,0,1,1,4294967295,0,0
SpikeU,432,144,94898BA5,0,1,1,4294967295,0,0
SpikeD,480,16,8003271F,0,1,1,4294967295,0,0
SpikeD,512,64,EB8F33C7,0,1,1,4294967295,0,0
SpikeD,304,160,3D4E6BEC,0,1,1,4294967295,0,0
WallJumpL,448,192,71739EC3,0,1,1,4294967295,0,0
SpikeL,496,208,D5BE83AD,0,1,1,4294967295,0,0
SpikeR,528,208,D3D0A977,0,1,1,4294967295,0,0
MiniSpikeUp,512,112,1D157D2A,0,1,1,4294967295,0,0
MiniSpikeDown,512,128,A07B69A6,0,1,1,4294967295,0,0
MiniSpikeDown,560,160,7FF7C84D,0,1,1,4294967295,0,0
MiniSpikeUp,560,144,338F8480,0,1,1,4294967295,0,0
SpikeU,528,320,0E00738F,0,1,1,4294967295,0,0
SpikeL,560,272,E2185D40,0,1,1,4294967295,0,0
MiniSpikeUp,592,256,2C276D87,0,1,1,4294967295,0,0
SpikeL,576,176,4E1DABA7,0,1,1,4294967295,0,0
MiniSpikeUp,368,240,6E5D9832,0,1,1,4294967295,0,0
SpikeR,480,288,40F03944,0,1,1,4294967295,0,0
SpikeR,496,352,557F83AD,0,1,1,4294967295,0,0
MiniSpikeLeft,480,352,B790C05C,0,1,1,4294967295,0,0
MiniSpikeLeft,480,368,4A8A1CDE,0,1,1,4294967295,0,0
MiniSpikeLeft,560,40,7BD7E1C4,0,1,1,4294967295,0,0
SpikeR,656,96,37E13AA2,0,1,1,4294967295,0,0
SpikeU,688,80,142086E6,0,1,1,4294967295,0,0
SpikeD,640,64,E840543E,0,1,1,4294967295,0,0
SpikeL,672,48,E3184FC3,0,1,1,4294967295,0,0
WallJumpR,736,112,94F0E032,0,1,1,4294967295,0,0
SpikeU,768,16,940766F7,0,1,1,4294967295,0,0
SpikeR,704,160,FD5856A9,0,1,1,4294967295,0,0
SpikeD,672,192,95ED0E64,0,1,1,4294967295,0,0
SpikeL,704,240,29C4B1B5,0,1,1,4294967295,0,0
SpikeR,736,272,A078C004,0,1,1,4294967295,0,0
SpikeL,768,272,46FDD483,0,1,1,4294967295,0,0
MiniSpikeUp,640,256,771CCB1E,0,1,1,4294967295,0,0
SpikeL,704,304,AB99D6BC,0,1,1,4294967295,0,0
SpikeL,640,320,1F9AFEB2,0,1,1,4294967295,0,0
SpikeR,672,408,6CCC4EFF,0,1,1,4294967295,0,0
SpikeL,704,360,B3B1E584,0,1,1,4294967295,0,0
SpikeR,704,432,561CB91C,0,1,1,4294967295,0,0
SpikeL,672,432,AB3DE562,0,1,1,4294967295,0,0
SpikeL,672,340,26EABC41,0,1,1,4294967295,0,0
SpikeR,704,340,7FDEE02B,0,1,1,4294967295,0,0
SpikeR,672,320,F5192AA8,0,1,1,4294967295,0,0
SpikeL,640,408,018FAF85,0,1,1,4294967295,0,0
SpikeR,736,360,90CFC31A,0,1,1,4294967295,0,0
SpikeU,752,536,9A682574,0,1,1,4294967295,0,0
WallJumpR,752,568,DEBBD733,0,1,1,4294967295,0,0
MiniSpikeDown,592,464,A61D66A0,0,1,1,4294967295,0,0
MiniSpikeDown,576,464,C92A90A7,0,1,1,4294967295,0,0
SpikeD,608,528,C1434C48,0,1,1,4294967295,0,0
SpikeR,624,576,D982D055,0,1,1,4294967295,0,0
MiniSpikeUp,656,288,E9123511,0,1,1,4294967295,0,0
MiniSpikeUp,672,288,E9CF1F84,0,1,1,4294967295,0,0
SpikeL,624,192,29A9ACA5,0,1,1,4294967295,0,0
MiniSpikeRight,656,192,D367BDA5,0,1,1,4294967295,0,0
MiniSpikeRight,656,208,F13C3F4B,0,1,1,4294967295,0,0
WallJumpL,592,320,A32CCB63,0,1,1,4294967295,0,0
MiniSpikeRight,640,400,DB893AF5,0,1,1,4294967295,0,0
MiniSpikeLeft,624,400,24AA3C7D,0,1,1,4294967295,0,0
MiniSpikeDown,608,384,1DC03CCF,0,1,1,4294967295,0,0
SpikeL,736,384,7CEB0DB9,0,1,1,4294967295,0,0
SpikeR,736,456,17C52A3D,0,1,1,4294967295,0,0
SpikeR,768,384,F2CA2853,0,1,1,4294967295,0,0
SpikeL,704,456,BE2B5D8C,0,1,1,4294967295,0,0
SpikeR,544,512,B2F2BA1D,0,1,1,4294967295,0,0
SpikeU,512,480,3DA5168A,0,1,1,4294967295,0,0
SpikeD,512,576,A65B31E2,0,1,1,4294967295,0,0
WallJumpL,448,512,6CDAFB00,0,1,1,4294967295,0,0
SpikeL,432,320,4EB311D0,0,1,1,4294967295,0,0
SpikeR,368,288,F51D8413,0,1,1,4294967295,0,0
SpikeD,656,-16,90C231E9,0,1,1,4294967295,0,0
MiniSpikeLeft,704,40,C064C0FE,0,1,1,4294967295,0,0
MiniSpikeRight,720,40,1F1831B4,0,1,1,4294967295,0,0
SpikeU,736,80,36627BC7,0,1,1,4294967295,0,0
SpikeU,608,496,CEDBEC19,0,1,1,4294967295,0,0
SpikeL,432,512,0B39C33A,0,1,1,4294967295,0,0
SpikeR,480,432,0DE763C6,0,1,1,4294967295,0,0
SpikeL,448,432,B311A238,0,1,1,4294967295,0,0
SpikeL,368,480,E33B8763,0,1,1,4294967295,0,0
SpikeR,384,400,96890132,0,1,1,4294967295,0,0
MiniSpikeRight,400,480,48143BB4,0,1,1,4294967295,0,0
MiniSpikeRight,400,496,89531E35,0,1,1,4294967295,0,0
SpikeL,320,384,7F794E95,0,1,1,4294967295,0,0
MiniSpikeUp,352,368,DFBF257F,0,1,1,4294967295,0,0
MiniSpikeUp,432,464,B1AC03C1,0,1,1,4294967295,0,0
WallJumpR,384,344,36A6CA9F,0,1,1,4294967295,0,0
MiniSpikeUp,384,328,69AF9287,0,1,1,4294967295,0,0
MiniSpikeUp,400,328,77831750,0,1,1,4294967295,0,0
SpikeU,272,352,1B019739,0,1,1,4294967295,0,0
SpikeR,272,280,CD082952,0,1,1,4294967295,0,0
WallJumpR,272,384,C5C5E7B9,0,1,1,4294967295,0,0
SpikeR,200,376,C1C6EA29,0,1,1,4294967295,0,0
SpikeU,168,344,37139066,0,1,1,4294967295,0,0
MiniSpikeDown,352,436,7150E763,0,1,1,4294967295,0,0
MiniSpikeDown,368,436,4CFFE2BF,0,1,1,4294967295,0,0
MiniSpikeDown,320,256,B582D154,0,1,1,4294967295,0,0
MiniSpikeDown,288,448,F0295B1D,0,1,1,4294967295,0,0
MiniSpikeDown,272,496,F9274274,0,1,1,4294967295,0,0
MiniSpikeDown,224,464,D673AAC0,0,1,1,4294967295,0,0
SpikeU,272,528,51402F34,0,1,1,4294967295,0,0
SpikeD,304,560,2B73E300,0,1,1,4294967295,0,0
MiniSpikeUp,224,432,A2AFE3AF,0,1,1,4294967295,0,0
MiniSpikeUp,240,416,C439D255,0,1,1,4294967295,0,0
SpikeL,136,376,926A5644,0,1,1,4294967295,0,0
MiniSpikeUp,168,312,DD30FA8A,0,1,1,4294967295,0,0
MiniSpikeDown,168,328,1A9F5634,0,1,1,4294967295,0,0
SpikeU,104,384,1C4BD620,0,1,1,4294967295,0,0
WallJumpR,104,416,6FFB2D2C,0,1,1,4294967295,0,0
MiniSpikeLeft,88,304,614CFEDE,0,1,1,4294967295,0,0
MiniSpikeRight,104,304,44A4E3E6,0,1,1,4294967295,0,0
SpikeD,88,384,B4E2BDF2,0,1,1,4294967295,0,0
WallJumpL,8,336,027A3E6A,0,1,1,4294967295,0,0
SpikeU,8,304,8F8B9D76,0,1,1,4294967295,0,0
SpikeR,72,472,3FAC9874,0,1,1,4294967295,0,0
SpikeL,40,472,2CD11F16,0,1,1,4294967295,0,0
SpikeR,80,-16,9A1F7A6A,0,1,1,4294967295,0,0
MiniSpikeUp,368,112,167A3BCD,0,1,1,4294967295,0,0
MiniSpikeDown,368,128,B7032966,0,1,1,4294967295,0,0
CherryWhite,216,80,B05B3DE1,0,1,1,4294967295,0,0
CherryWhite,88,224,E468EE37,0,1,1,4294967295,0,0
Platform,368,0,0769BA68,0,0.5,3,4294967295,0,0
CherryWhite,368,64,EC6ABB0E,0,1,1,4294967295,0,0
CherryWhite,288,144,44EC4585,0,1,1,4294967295,0,0
CherryWhite,592,128,A7EE9367,0,1,1,4294967295,0,0
Platform,544,240,9BED464F,0,0.5,2,4294967295,0,0
CherryWhite,576,320,4A1A5C2C,0,1,1,4294967295,0,0
CherryWhite,656,176,6721A7A7,0,1,1,4294967295,0,0
CherryWhite,656,464,4BCD075C,0,1,1,4294967295,0,0
CherryWhite,688,144,AD739DA2,0,1,1,4294967295,0,0
CherryWhite,560,560,EE344B33,0,1,1,4294967295,0,0
CherryWhite,384,532,0BC46BFC,0,1,1,4294967295,0,0
CherryWhite,432,416,943F0513,0,1,1,4294967295,0,0
CherryWhite,232,328,B7B8D890,0,1,1,4294967295,0,0
Platform,224,280,5D75DE4A,0,0.5,2,4294967295,0,0
CherryWhite,312,276,C12994FB,0,1,1,4294967295,0,0
Platform,192,464,CD3BBC9B,0,1,1,4294967295,0,0
CherryWhite,120,288,D324E7A5,0,1,1,4294967295,0,0
TextDraw,120,559,92CFC63B,0,1,1,4294967295,0,1
AutoSaver,32,160,4FBD3507,0,1,1,4294967295,0,0
PlayerStart,32,160,49DBD64F,0,1,1,4294967295,0,0
