object439,0,0,97143CB5,0,1,1,4294967295,0,1
DepthShaderReset,0,0,7C6CCB9B,0,1,1,4294967295,0,1
Warp,608,128,27EC7833,0,1,1,4294967295,0,0
Block,432,496,8A31B66C,0,1.5,0.5,4294967295,0,0
Block,384,328,1131BA17,0,0.5,1.5,4294967295,0,0
Block,496,304,197CA483,0,0.5,2,4294967295,0,0
Block,512,352,01F239DE,0,0.5,0.5,4294967295,0,0
Block,432,448,25E58379,0,0.5,1.5,4294967295,0,0
Block,480,496,D43656FD,0,1,1,4294967295,0,0
Block,416,448,FF24E096,0,0.5,1,4294967295,0,0
Block,448,320,2425933D,0,0.5,2.5,4294967295,0,0
Block,528,352,F7024C69,0,1.5,0.5,4294967295,0,0
Block,544,368,AC217C99,0,1,2,4294967295,0,0
Block,608,400,A8E05104,0,1,1,4294967295,0,0
Block,640,304,E57C3D5A,0,1,0.5,4294967295,0,0
Block,656,320,0B4314E6,0,0.5,3.5,4294967295,0,0
Block,592,544,68372A3B,0,1,1,4294967295,0,0
Block,592,576,EFCAE74D,0,1,1,4294967295,0,0
Block,672,512,013576A0,0,1,1,4294967295,0,0
Block,672,480,E407B1FA,0,1,1,4294967295,0,0
Block,752,464,646051F8,0,0.5,4.5,4294967295,0,0
Block,688,424,A7A8DA34,0,0.5,1.75,4294967295,0,0
Block,720,336,D90C44E9,0,0.5,1,4294967295,0,0
Block,736,448,1A43EFE7,0,1,0.5,4294967295,0,0
Block,752,264,6285B9B2,0,1,1.5,4294967295,0,0
Block,736,112,CAD6CD3B,0,1,1,4294967295,0,0
Block,528,256,2AA67E24,0,1,1,4294967295,0,0
Block,528,288,1E393293,0,1,1,4294967295,0,0
Block,608,160,5BA5660F,0,1,1,4294967295,0,0
Block,576,160,A5D0A377,0,1,1,4294967295,0,0
Block,512,304,275443C5,0,0.5,0.5,4294967295,0,0
Block,640,192,F1E588A2,0,1,0.5,4294967295,0,0
Block,624,296,D4A9157A,0,0.5,1,4294967295,0,0
Block,608,192,E4E55629,0,1,1.25,4294967295,0,0
Block,704,176,B4DFF299,0,1,1,4294967295,0,0
Block,736,144,7DF00014,0,0.5,2,4294967295,0,0
Block,672,272,29862E1C,0,1,0.5,4294967295,0,0
Block,400,168,ADD3BDF9,0,0.5,2,4294967295,0,0
Block,400,296,2B86C08D,0,0.5,1,4294967295,0,0
Block,384,296,835790D7,0,0.5,1,4294967295,0,0
Block,352,216,B7A190CE,0,0.5,1.25,4294967295,0,0
Block,304,384,EB98A8AF,0,1,1,4294967295,0,0
Block,240,296,2A3F39D7,0,0.5,2.75,4294967295,0,0
Block,240,384,8D929B2A,0,1,0.75,4294967295,0,0
Block,416,168,38E5D0D1,0,0.5,0.5,4294967295,0,0
Block,176,232,3CAC6DF9,0,1,1,4294967295,0,0
Block,176,200,4824C8AD,0,1,1,4294967295,0,0
Block,208,200,9D0034F8,0,1,1,4294967295,0,0
Block,240,216,2C150A72,0,1,0.5,4294967295,0,0
Block,136,280,05DCBCE5,0,0.5,1,4294967295,0,0
Block,160,384,69786728,0,1,1,4294967295,0,0
Block,32,272,DA9234F0,0,1,1,4294967295,0,0
Block,32,304,91F04800,0,1,1,4294967295,0,0
Block,32,336,C907BEF9,0,1,1,4294967295,0,0
Block,64,336,CC3994A2,0,1,1,4294967295,0,0
Block,136,248,48354E71,0,1,1,4294967295,0,0
Block,136,136,A8B2CB06,0,0.75,1,4294967295,0,0
Block,272,216,66E0BBB5,0,0.5,2.5,4294967295,0,0
Block,288,216,80211E38,0,1,1,4294967295,0,0
Block,768,312,2F6EA941,0,0.5,0.5,4294967295,0,0
Block,208,80,28688DE9,0,0.5,3.75,4294967295,0,0
Block,136,120,47C08842,0,0.5,0.5,4294967295,0,0
Block,88,56,BC37C9D4,0,1,1,4294967295,0,0
Block,192,48,865373FD,0,1,1,4294967295,0,0
Block,48,128,69B32B3D,0,0.5,1.5,4294967295,0,0
Block,48,40,B4FC7205,0,1.25,0.5,4294967295,0,0
Block,-8,80,AB12A2D2,0,1,2,4294967295,0,0
Block,256,0,C7E3B223,0,0.5,2.25,4294967295,0,0
Block,256,160,23432091,0,1,1.75,4294967295,0,0
Block,288,0,63EAAED5,0,1,1.5,4294967295,0,0
Block,304,48,3B936C7B,0,0.5,0.5,4294967295,0,0
Block,304,64,6AD80300,0,0.5,1.25,4294967295,0,0
Block,320,88,B1A65B01,0,0.5,0.5,4294967295,0,0
Block,352,144,8DACC5BE,0,0.5,2.25,4294967295,0,0
Block,368,168,9C658748,0,1,1.75,4294967295,0,0
Block,416,80,5B3483B5,0,0.5,2.75,4294967295,0,0
Block,496,80,C8461010,0,1,3,4294967295,0,0
Block,640,48,BD7E44BA,0,0.5,2,4294967295,0,0
Block,544,240,26222774,0,0.5,0.5,4294967295,0,0
Block,576,192,C93E9542,0,1,0.75,4294967295,0,0
Water2,480,360,687AE9FF,0,0.5,2,4294967295,0,0
Water3,480,320,BD91EA71,0,0.5,1.25,4294967295,0,0
CatharsisWater,464,320,F86102E8,0,0.5,3,4294967295,0,0
Water2,576,400,04DBCFCC,0,1,1,4294967295,0,0
Water3,624,368,6F1D4E3F,0,0.5,1,4294967295,0,0
CatharsisWater,624,432,95574FAB,0,0.5,3,4294967295,0,0
CatharsisWater,624,528,FDD5EB7C,0,1,2.5,4294967295,0,0
Water2,704,480,C2D68F7B,0,1,1,4294967295,0,0
Water2,704,512,140BE67B,0,1,1,4294967295,0,0
Water3,656,208,C8B74DF2,0,0.5,2.25,4294967295,0,0
SavePointVeryHard,448,464,882F9431,0,1,1,4294967295,0,0
Water2,640,208,192A1D93,0,0.5,2.5,4294967295,0,0
Water2,672,352,8664E103,0,1.5,0.5,4294967295,0,0
Water2,608,232,514DA22C,0,1,2,4294967295,0,0
Water2,544,144,40F97B01,0,1,1,4294967295,0,0
SavePointVeryHard,496,272,ACC35F4D,0,1,1,4294967295,0,0
Water2,608,296,8B888CE2,0,0.5,0.75,4294967295,0,0
Water2,696,280,441AD327,0,0.5,2.25,4294967295,0,0
CatharsisWater,640,328,32DC6CEE,0,0.5,3,4294967295,0,0
Water2,528,144,CE1C6D16,0,0.5,0.75,4294967295,0,0
Water3,384,224,5EEA43EB,0,0.5,0.75,4294967295,0,0
Water3,464,248,20277F91,0,0.5,2.25,4294967295,0,0
CatharsisWater,368,224,051588F0,0,0.5,2.5,4294967295,0,0
CatharsisWater,352,256,26546A45,0,0.5,1.75,4294967295,0,0
CatharsisWater,336,248,ED5E5E3D,0,0.5,2,4294967295,0,0
Water2,256,296,F9F1E4F6,0,0.5,1,4294967295,0,0
CatharsisWater,336,312,54018DEE,0,1,1,4294967295,0,0
CatharsisWater,448,240,97A87DCD,0,0.5,2.5,4294967295,0,0
Water3,240,232,AFAEF5C1,0,0.5,2,4294967295,0,0
CatharsisWater,208,264,A1C3576F,0,1,3,4294967295,0,0
Water3,120,280,11058B36,0,0.5,1,4294967295,0,0
Water3,88,248,85598071,0,0.5,1,4294967295,0,0
SavePointVeryHard,176,168,13E17CAE,0,1,1,4294967295,0,0
Water3,88,88,7E1175BA,0,1,0.5,4294967295,0,0
CatharsisWater,368,88,A934AF81,0,1,2.5,4294967295,0,0
Water2,384,0,4CB51350,0,0.5,2.75,4294967295,0,0
object440,0,0,50F5ED4B,0,1,1,4294967295,0,0
SpikeL,448,400,B66185A7,0,1,1,4294967295,0,0
SpikeR,400,336,EAEFE128,0,1,1,4294967295,0,0
MiniSpikeRight,480,416,B96ABDF7,0,1,1,4294967295,0,0
MiniSpikeLeft,480,352,DD63A56E,0,1,1,4294967295,0,0
MiniSpikeRight,464,312,B6FAF184,0,1,1,4294967295,0,0
MiniSpikeLeft,480,312,61C4763F,0,1,1,4294967295,0,0
SpikeU,416,416,C946F7AD,0,1,1,4294967295,0,0
SpikeU,480,464,08B46217,0,1,1,4294967295,0,0
SpikeD,544,432,9CA37ED6,0,1,1,4294967295,0,0
SpikeD,512,368,7EF321F8,0,1,1,4294967295,0,0
MiniSpikeUp,576,400,4610D691,0,1,1,4294967295,0,0
MiniSpikeDown,576,416,B92721C5,0,1,1,4294967295,0,0
SpikeU,608,368,8DBE4226,0,1,1,4294967295,0,0
MiniSpikeRight,640,416,E368DA8D,0,1,1,4294967295,0,0
SpikeL,560,576,11CD3C68,0,1,1,4294967295,0,0
SpikeL,560,544,0B979697,0,1,1,4294967295,0,0
SpikeR,624,512,2F694649,0,1,1,4294967295,0,0
SpikeL,592,512,85339DCD,0,1,1,4294967295,0,0
MiniSpikeUp,672,464,63AF0367,0,1,1,4294967295,0,0
SpikeR,704,496,F4D43260,0,1,1,4294967295,0,0
SpikeL,720,576,4AA29A8F,0,1,1,4294967295,0,0
MiniSpikeLeft,720,448,9B906F79,0,1,1,4294967295,0,0
SpikeL,688,336,3ED49D34,0,1,1,4294967295,0,0
SpikeR,672,256,300F4499,0,1,1,4294967295,0,0
MiniSpikeUp,720,320,AC661719,0,1,1,4294967295,0,0
SpikeL,704,112,F767AF7E,0,1,1,4294967295,0,0
MiniSpikeRight,640,320,8014EFA6,0,1,1,4294967295,0,0
SpikeR,640,200,563E475D,0,1,1,4294967295,0,0
MiniSpikeRight,568,336,E9C56953,0,1,1,4294967295,0,0
MiniSpikeLeft,552,336,7978982A,0,1,1,4294967295,0,0
SpikeL,544,160,2FFDCA60,0,1,1,4294967295,0,0
MiniSpikeUp,688,408,DC504C1C,0,1,1,4294967295,0,0
SpikeL,640,272,28363FC1,0,1,1,4294967295,0,0
SpikeR,608,216,CBB821F1,0,1,1,4294967295,0,0
MiniSpikeLeft,624,288,6BBF1DBE,0,1,1,4294967295,0,0
MiniSpikeLeft,592,312,6DE51B09,0,1,1,4294967295,0,0
MiniSpikeRight,608,312,8261D402,0,1,1,4294967295,0,0
SpikeU,752,232,1A43511B,0,1,1,4294967295,0,0
SpikeL,672,176,19516551,0,1,1,4294967295,0,0
SpikeD,720,208,9726551B,0,1,1,4294967295,0,0
MiniSpikeRight,704,272,9003C39A,0,1,1,4294967295,0,0
MiniSpikeLeft,624,320,237AB2E0,0,1,1,4294967295,0,0
MiniSpikeRight,528,160,0EBAB114,0,1,1,4294967295,0,0
SpikeD,496,176,18210D88,0,1,1,4294967295,0,0
SpikeD,464,248,D481D69A,0,1,1,4294967295,0,0
MiniSpikeUp,472,280,4961CD89,0,1,1,4294967295,0,0
MiniSpikeDown,472,296,180FBD6D,0,1,1,4294967295,0,0
SpikeL,432,216,826B4C70,0,1,1,4294967295,0,0
SpikeL,464,144,5844DA3D,0,1,1,4294967295,0,0
MiniSpikeDown,400,232,8BE17164,0,1,1,4294967295,0,0
MiniSpikeUp,400,280,945FB335,0,1,1,4294967295,0,0
MiniSpikeLeft,432,352,B382150D,0,1,1,4294967295,0,0
MiniSpikeLeft,384,216,61642CF2,0,1,1,4294967295,0,0
MiniSpikeUp,384,280,0C67A218,0,1,1,4294967295,0,0
MiniSpikeRight,368,216,79B91B55,0,1,1,4294967295,0,0
SpikeL,336,296,4DC9675E,0,1,1,4294967295,0,0
MiniSpikeLeft,336,240,401F2522,0,1,1,4294967295,0,0
SpikeU,304,352,1AD24266,0,1,1,4294967295,0,0
SpikeR,272,296,FEF17DCB,0,1,1,4294967295,0,0
SpikeL,272,384,5E0BA921,0,1,1,4294967295,0,0
MiniSpikeUp,256,368,DC791F80,0,1,1,4294967295,0,0
MiniSpikeLeft,448,312,342B2617,0,1,1,4294967295,0,0
MiniSpikeRight,432,232,406C5A03,0,1,1,4294967295,0,0
MiniSpikeRight,368,296,3AAE8444,0,1,1,4294967295,0,0
MiniSpikeDown,416,176,E7C1E4EF,0,1,1,4294967295,0,0
SpikeD,240,232,0337C896,0,1,1,4294967295,0,0
SpikeR,208,232,3F5FFFDC,0,1,1,4294967295,0,0
SpikeL,208,296,1C38F6D9,0,1,1,4294967295,0,0
SpikeR,152,280,5C00D461,0,1,1,4294967295,0,0
SpikeU,160,352,FE7E28D7,0,1,1,4294967295,0,0
SpikeD,120,280,4554BD7B,0,1,1,4294967295,0,0
SpikeD,88,248,ACCD300D,0,1,1,4294967295,0,0
SpikeR,64,304,699930D5,0,1,1,4294967295,0,0
SpikeR,96,336,DB2F20CA,0,1,1,4294967295,0,0
SpikeU,32,240,72925C97,0,1,1,4294967295,0,0
SpikeU,104,152,208311CE,0,1,1,4294967295,0,0
MiniSpikeUp,120,232,35C37318,0,1,1,4294967295,0,0
MiniSpikeLeft,160,200,D6CDE6A5,0,1,1,4294967295,0,0
SpikeR,160,136,DF804FDB,0,1,1,4294967295,0,0
MiniSpikeRight,320,216,F1970166,0,1,1,4294967295,0,0
MiniSpikeDown,768,328,C808DADE,0,1,1,4294967295,0,0
MiniSpikeUp,144,120,AE9EF042,0,1,1,4294967295,0,0
SpikeL,176,80,732853F7,0,1,1,4294967295,0,0
MiniSpikeRight,136,112,AB8C0A24,0,1,1,4294967295,0,0
SpikeL,88,72,4B86F43A,0,1,1,4294967295,0,0
MiniSpikeRight,120,56,76C90ACE,0,1,1,4294967295,0,0
SpikeL,160,48,7E4B1958,0,1,1,4294967295,0,0
MiniSpikeLeft,136,48,E1237EF0,0,1,1,4294967295,0,0
MiniSpikeRight,152,48,90D28770,0,1,1,4294967295,0,0
MiniSpikeUp,48,112,C5F7C747,0,1,1,4294967295,0,0
SpikeL,56,56,93325391,0,1,1,4294967295,0,0
MiniSpikeLeft,32,160,62D326E6,0,1,1,4294967295,0,0
MiniSpikeLeft,32,40,CA9499E5,0,1,1,4294967295,0,0
SpikeR,88,40,5E542EA0,0,1,1,4294967295,0,0
MiniSpikeDown,128,0,130C7E4A,0,1,1,4294967295,0,0
SpikeD,88,152,078E54D6,0,1,1,4294967295,0,0
SpikeR,-8,64,7501846F,0,1,1,4294967295,0,0
SpikeU,240,40,91335322,0,1,1,4294967295,0,0
SpikeD,240,72,4CE6AFE3,0,1,1,4294967295,0,0
MiniSpikeUp,224,184,CE05CD0E,0,1,1,4294967295,0,0
SpikeU,256,128,294277FC,0,1,1,4294967295,0,0
SpikeU,240,184,30EE30B2,0,1,1,4294967295,0,0
MiniSpikeLeft,272,32,8A275775,0,1,1,4294967295,0,0
MiniSpikeUp,288,200,AABE72DD,0,1,1,4294967295,0,0
MiniSpikeUp,304,200,0F772244,0,1,1,4294967295,0,0
SpikeD,304,104,7196C55D,0,1,1,4294967295,0,0
MiniSpikeUp,352,128,406BDC33,0,1,1,4294967295,0,0
SpikeL,368,72,0EAF377E,0,1,1,4294967295,0,0
SpikeR,368,152,1F8EA726,0,1,1,4294967295,0,0
MiniSpikeDown,288,48,81B4C0C9,0,1,1,4294967295,0,0
MiniSpikeUp,416,64,39DE1068,0,1,1,4294967295,0,0
MiniSpikeUp,496,64,FE798CE1,0,1,1,4294967295,0,0
MiniSpikeUp,512,64,B1E56737,0,1,1,4294967295,0,0
SpikeL,576,64,8B68A4BB,0,1,1,4294967295,0,0
SpikeL,608,80,DC81E466,0,1,1,4294967295,0,0
SpikeL,608,48,990FBC1D,0,1,1,4294967295,0,0
SpikeU,736,80,0BC09283,0,1,1,4294967295,0,0
MiniSpikeUp,640,32,6D4E8CC4,0,1,1,4294967295,0,0
MiniSpikeUp,528,240,B8EE8A03,0,1,1,4294967295,0,0
MiniSpikeUp,544,224,01CA1F2E,0,1,1,4294967295,0,0
SpikeD,576,216,7CDFE48E,0,1,1,4294967295,0,0
WallJumpL,480,496,5F4B9442,0,1,1,4294967295,0,0
WallJumpL,592,576,E2C62D2F,0,1,1,4294967295,0,0
WallJumpR,624,296,80CA5CD6,0,1,1,4294967295,0,0
WallJumpR,752,264,7C30A290,0,1,1,4294967295,0,0
WallJumpR,448,320,BD91816C,0,1,1,4294967295,0,0
WallJumpL,304,384,33765137,0,1,1,4294967295,0,0
WallJumpR,240,328,DAEB415C,0,1,1,4294967295,0,0
WallJumpR,136,128,28546C00,0,1,1,4294967295,0,0
WallJumpR,48,128,D7EAECB2,0,1,1,4294967295,0,0
WallJumpL,240,32,60FE36C6,0,1,1,4294967295,0,0
WallJumpL,256,160,44E23EB5,0,1,1,4294967295,0,0
CherryWhite,608,496,F7E867D1,0,1,1,4294967295,0,0
CherryWhite,752,352,98CD0948,0,1,1,4294967295,0,0
CherryWhite,576,312,AE3D1A26,0,1,1,4294967295,0,0
CherryWhite,480,232,3A7648A7,0,1,1,4294967295,0,0
Platform,272,56,443BA142,0,0.5,2,4294967295,0,0
CherryWhite,336,200,F1146964,0,1,1,4294967295,0,0
CherryWhite,576,136,F9A208E1,0,1,1,4294967295,0,0
TextDraw,168,496,4B038F61,0,1,1,4294967295,0,1
AutoSaver,448,464,96316501,0,1,1,4294967295,0,0
MusicPlayer,296,464,6B6E0B36,0,1,1,4294967295,0,1
PlayerStart,448,464,FB1C07BA,0,1,1,4294967295,0,0
