Autotiler,48,192,009DBB29,0,1,1,4294967295,0,1
Warp,736,368,306EB1E9,0,2,2,4294967295,0,0
Block,640,320,D2BA534C,0,1,1,4294967295,0,0
Block,640,352,A2B57FC3,0,1,1,4294967295,0,0
Block,640,384,FEC82077,0,1,1,4294967295,0,0
Block,784,144,5811D5FD,0,1,1,4294967295,0,0
Block,736,304,DD98C97A,0,1,1,4294967295,0,0
Block,704,304,785F69EA,0,1,1,4294967295,0,0
Block,736,-16,A6FF1E2E,0,1,1,4294967295,0,0
Block,704,16,EF289842,0,1,1,4294967295,0,0
Block,736,16,E2BE4880,0,1,1,4294967295,0,0
Block,768,304,D1503ED6,0,1,1,4294967295,0,0
Block,768,272,6D70E29C,0,1,1,4294967295,0,0
Block,768,240,64B32AEC,0,1,1,4294967295,0,0
Block,736,144,8F675ECC,0,1,1,4294967295,0,0
Block,672,-16,9577F6F3,0,1,1,4294967295,0,0
Block,672,16,A5A19C39,0,1,1,4294967295,0,0
Block,672,176,8F4ABE5E,0,1,1,4294967295,0,0
Block,672,208,E38FC3B9,0,1,1,4294967295,0,0
Block,640,208,94618A25,0,1,1,4294967295,0,0
Block,528,240,AF7C460E,0,1,1,4294967295,0,0
Block,496,240,D0264D93,0,1,1,4294967295,0,0
Block,576,128,8786CA05,0,1,1,4294967295,0,0
Block,576,96,D3D88618,0,1,1,4294967295,0,0
Block,528,32,083192F6,0,1,1,4294967295,0,0
Block,528,0,3AD9C082,0,1,1,4294967295,0,0
Block,448,160,D512D09E,0,1,1,4294967295,0,0
Block,352,0,7F308B31,0,1,1,4294967295,0,0
Block,432,48,0D937F58,0,1,1,4294967295,0,0
Block,416,160,8893C285,0,1,1,4294967295,0,0
Block,304,96,857CBB82,0,1,1,4294967295,0,0
Block,304,128,994BD69C,0,1,1,4294967295,0,0
Block,384,208,9AD91580,0,1,1,4294967295,0,0
Block,0,144,BDAFD1D2,0,1,1,4294967295,0,0
Block,0,480,FC629D1E,0,1,1,4294967295,0,0
Block,32,144,7A569DFF,0,1,1,4294967295,0,0
Block,32,288,25AFF748,0,1,1,4294967295,0,0
Block,32,112,BF453D57,0,1,1,4294967295,0,0
Block,96,112,3F06F2D0,0,1,1,4294967295,0,0
Block,192,208,51FCC4E7,0,1,1,4294967295,0,0
Block,192,240,A8261169,0,1,1,4294967295,0,0
Block,96,240,BCA91998,0,1,1,4294967295,0,0
Block,144,336,DFED8077,0,1,1,4294967295,0,0
Block,64,480,A2834289,0,1,1,4294967295,0,0
Block,144,368,C7D19AEE,0,1,1,4294967295,0,0
Block,144,400,E8DC88F3,0,1,1,4294967295,0,0
Block,144,432,EE2386D1,0,1,1,4294967295,0,0
Block,192,544,D95EB1B3,0,1,1,4294967295,0,0
Block,192,272,A6EA1412,0,1,1,4294967295,0,0
Block,256,208,6E0A325E,0,1,1,4294967295,0,0
Block,224,432,2B465F1E,0,1,1,4294967295,0,0
Block,224,400,76CA8C2B,0,1,1,4294967295,0,0
Block,304,480,F7BC5A60,0,1,1,4294967295,0,0
Block,272,480,BD3CE097,0,1,1,4294967295,0,0
Block,384,240,D128C09C,0,1,1,4294967295,0,0
Block,320,256,2203032F,0,1,1,4294967295,0,0
Block,432,384,2B39A283,0,1,1,4294967295,0,0
Block,368,448,1E57FDE4,0,1,1,4294967295,0,0
Block,336,448,ED42F7BC,0,1,1,4294967295,0,0
Block,304,448,9B616696,0,1,1,4294967295,0,0
Block,304,416,1FD77B58,0,1,1,4294967295,0,0
Water2,768,176,8F5EABE4,0,1,1,4294967295,0,0
Water2,768,208,FB15D72F,0,1,1,4294967295,0,0
Water2,192,432,F07D04C9,0,1,1,4294967295,0,0
Water2,192,400,6BBCD96B,0,1,1,4294967295,0,0
Water2,256,272,8180287E,0,1,1,4294967295,0,0
Water2,352,416,BC17B237,0,1,1,4294967295,0,0
SpikeR,672,368,5B2C975E,0,1,1,4294967295,0,0
SpikeD,704,336,D8F33BA0,0,1,1,4294967295,0,0
SpikeL,608,352,9A3C7772,0,1,1,4294967295,0,0
SpikeL,576,336,75B9A0B3,0,1,1,4294967295,0,0
SpikeL,608,320,5BF0E1D0,0,1,1,4294967295,0,0
SpikeU,640,288,875219C8,0,1,1,4294967295,0,0
SpikeU,784,-16,F5045C91,0,1,1,4294967295,0,0
SpikeD,784,16,19A097E7,0,1,1,4294967295,0,0
SpikeU,736,272,EC32B413,0,1,1,4294967295,0,0
SpikeU,704,272,7A3E9B60,0,1,1,4294967295,0,0
SpikeD,672,240,690C29D2,0,1,1,4294967295,0,0
SpikeU,768,208,1DC1A7DB,0,1,1,4294967295,0,0
SpikeU,736,112,D19EB1C9,0,1,1,4294967295,0,0
SpikeR,704,80,DB890C37,0,1,1,4294967295,0,0
SpikeL,672,80,CBEEF231,0,1,1,4294967295,0,0
SpikeU,672,144,4EEC5A27,0,1,1,4294967295,0,0
SpikeD,608,128,D0366A45,0,1,1,4294967295,0,0
SpikeU,608,96,71B973BB,0,1,1,4294967295,0,0
SpikeD,592,0,BD8AD92C,0,1,1,4294967295,0,0
SpikeU,640,176,A88EE74D,0,1,1,4294967295,0,0
SpikeL,640,16,922FC7AA,0,1,1,4294967295,0,0
SpikeD,576,160,7B1045BF,0,1,1,4294967295,0,0
SpikeR,560,240,556253E0,0,1,1,4294967295,0,0
SpikeL,464,240,E8BF5730,0,1,1,4294967295,0,0
SpikeU,528,208,8020C2DF,0,1,1,4294967295,0,0
SpikeU,496,208,3AFBAA98,0,1,1,4294967295,0,0
SpikeL,544,128,5409B616,0,1,1,4294967295,0,0
SpikeR,560,32,535730A9,0,1,1,4294967295,0,0
SpikeD,528,64,012E1344,0,1,1,4294967295,0,0
SpikeR,464,48,DED51E26,0,1,1,4294967295,0,0
SpikeU,448,128,DEEEB636,0,1,1,4294967295,0,0
SpikeU,304,64,8637082B,0,1,1,4294967295,0,0
SpikeD,432,80,91B90F03,0,1,1,4294967295,0,0
SpikeR,384,0,12BD5747,0,1,1,4294967295,0,0
SpikeL,400,48,208CD550,0,1,1,4294967295,0,0
SpikeU,336,128,C7B56E89,0,1,1,4294967295,0,0
SpikeU,384,96,A2A0E0BC,0,1,1,4294967295,0,0
SpikeD,384,160,22D88607,0,1,1,4294967295,0,0
SpikeD,304,160,AC5CAB5F,0,1,1,4294967295,0,0
SpikeU,0,112,DEDB7DA5,0,1,1,4294967295,0,0
SpikeU,32,80,0E9EC0DA,0,1,1,4294967295,0,0
SpikeD,0,176,F82E26B7,0,1,1,4294967295,0,0
SpikeU,432,304,44298F8E,0,1,1,4294967295,0,0
SpikeD,432,336,DCDC0CD5,0,1,1,4294967295,0,0
SpikeL,64,112,D2B23830,0,1,1,4294967295,0,0
SpikeU,32,256,976EF0A1,0,1,1,4294967295,0,0
SpikeR,64,288,A4B6E747,0,1,1,4294967295,0,0
SpikeU,96,80,E93B67C7,0,1,1,4294967295,0,0
SpikeD,160,144,80E523A7,0,1,1,4294967295,0,0
SpikeU,160,112,A74AB9A4,0,1,1,4294967295,0,0
SpikeU,96,208,9B99A628,0,1,1,4294967295,0,0
SpikeU,192,176,16CD673A,0,1,1,4294967295,0,0
SpikeD,96,272,181FB25A,0,1,1,4294967295,0,0
SpikeU,144,304,D7B88A47,0,1,1,4294967295,0,0
SpikeL,112,336,1C062996,0,1,1,4294967295,0,0
SpikeL,32,352,C7D032CC,0,1,1,4294967295,0,0
SpikeU,64,448,3A5DE389,0,1,1,4294967295,0,0
SpikeL,112,432,DEEAB6A4,0,1,1,4294967295,0,0
SpikeR,224,544,3CD9C138,0,1,1,4294967295,0,0
SpikeU,192,512,36412EC3,0,1,1,4294967295,0,0
SpikeD,224,464,99FD846D,0,1,1,4294967295,0,0
SpikeD,176,432,3C74103B,0,1,1,4294967295,0,0
SpikeU,176,400,88150FE2,0,1,1,4294967295,0,0
SpikeU,224,368,2EEBFA2F,0,1,1,4294967295,0,0
SpikeL,192,304,3CF9714B,0,1,1,4294967295,0,0
SpikeR,240,336,E7E389D6,0,1,1,4294967295,0,0
SpikeL,256,272,1D57679D,0,1,1,4294967295,0,0
SpikeL,272,416,64CBE5FD,0,1,1,4294967295,0,0
SpikeU,320,224,4C00B1EA,0,1,1,4294967295,0,0
SpikeR,288,240,DA7BF0E6,0,1,1,4294967295,0,0
SpikeL,352,240,6DF2C93D,0,1,1,4294967295,0,0
SpikeD,384,272,AE7000C3,0,1,1,4294967295,0,0
SpikeL,400,384,F0102F0D,0,1,1,4294967295,0,0
SpikeU,368,416,99F0948F,0,1,1,4294967295,0,0
SpikeR,368,336,B2D55F0C,0,1,1,4294967295,0,0
SpikeU,336,416,F1F8DB15,0,1,1,4294967295,0,0
SpikeL,336,336,8BF077E9,0,1,1,4294967295,0,0
SpikeU,304,384,B0959BD5,0,1,1,4294967295,0,0
WallJumpR,640,208,10F6029B,0,1,1,4294967295,0,0
WallJumpL,32,144,BA1DB840,0,1,1,4294967295,0,0
WallJumpR,96,240,9EFE8DC4,0,1,1,4294967295,0,0
WallJumpL,96,240,D4560AC6,0,1,1,4294967295,0,0
WallJumpR,192,544,6D714AAB,0,1,1,4294967295,0,0
WallJumpR,320,256,4CA9C947,0,1,1,4294967295,0,0
WallJumpL,320,256,9ADACF52,0,1,1,4294967295,0,0
Cherry,464,368,B98E5E5D,0,1,1,4294967295,0,0
Cherry,368,112,8406774F,0,1,1,4294967295,0,0
Cherry,656,256,6B3A4C5F,0,1,1,4294967295,0,0
Cherry,592,224,7B26F571,0,1,1,4294967295,0,0
Cherry,80,400,B9B23FC5,0,1,1,4294967295,0,0
Cherry,112,512,1EC988B1,0,1,1,4294967295,0,0
Cherry,256,512,C6FEBCEA,0,1,1,4294967295,0,0
Cherry,112,160,49D3EBA1,0,1,1,4294967295,0,0
Cherry,240,224,08C145CA,0,1,1,4294967295,0,0
Skinner,80,192,EA696C30,0,1,1,4294967295,0,1
TextDraw,576,480,85896EA6,0,1,1,4294967295,0,1
Platform,64,144,D28E44B7,0,1,1,4294967295,0,0
Platform,112,368,01E3C1FA,0,1,1,4294967295,0,0
Platform,224,240,8BBC5BFE,0,1,1,4294967295,0,0
Platform,288,272,54E783EF,0,1,1,4294967295,0,0
Platform,352,272,2D1E9F70,0,1,1,4294967295,0,0
SavePointVeryHard,256,176,8A5F5E11,0,1,1,4294967295,0,0
SavePointVeryHard,272,448,54A286D6,0,1,1,4294967295,0,0
PlayerStart,272,448,2C5CB695,0,1,1,4294967295,0,0
