background74_block,192,432,0,0,32,32,0,1,1,4294967295
background74_block,112,496,0,0,32,32,0,1,1,4294967295
background74_block,272,512,0,0,32,32,0,1,1,4294967295
background74_block,272,544,0,0,32,32,0,1,1,4294967295
background74_block,272,576,0,0,32,32,0,1,1,4294967295
background74_block,240,544,0,0,32,32,0,1,1,4294967295
background74_block,240,576,0,0,32,32,0,1,1,4294967295
background74_block,304,576,0,0,32,32,0,1,1,4294967295
background74_block,352,416,0,0,32,32,0,1,1,4294967295
background74_block,352,448,0,0,32,32,0,1,1,4294967295
background74_block,352,480,0,0,32,32,0,1,1,4294967295
background74_block,0,496,0,0,32,32,0,1,1,4294967295
background74_block,32,496,0,0,32,32,0,1,1,4294967295
background74_block,16,560,0,0,32,32,0,1,1,4294967295
background74_block,112,528,0,0,32,32,0,1,1,4294967295
background74_block,112,560,0,0,32,32,0,1,1,4294967295
background74_block,128,352,0,0,32,32,0,1,1,4294967295
background74_block,32,240,0,0,32,32,0,1,1,4294967295
background74_block,64,240,0,0,32,32,0,1,1,4294967295
background74_block,96,240,0,0,32,32,0,1,1,4294967295
background74_block,256,288,0,0,32,32,0,1,1,4294967295
background74_block,256,320,0,0,32,32,0,1,1,4294967295
background74_block,224,384,0,0,32,32,0,1,1,4294967295
background74_block,160,144,0,0,32,32,0,1,1,4294967295
background74_block,160,176,0,0,32,32,0,1,1,4294967295
background74_block,192,176,0,0,32,32,0,1,1,4294967295
background74_block,128,240,0,0,32,32,0,0.5,0.5,4294967295
background74_block,256,128,0,0,32,32,0,1,1,4294967295
background74_block,160,112,0,0,32,32,0,1,1,4294967295
background74_block,256,96,0,0,32,32,0,1,1,4294967295
background74_block,224,32,0,0,32,32,0,1,1,4294967295
background74_block,224,64,0,0,32,32,0,1,1,4294967295
background74_block,224,96,0,0,32,32,0,1,1,4294967295
background74_block,288,288,0,0,32,32,0,1,1,4294967295
background74_block,304,96,0,0,32,32,0,1,1,4294967295
background74_block,336,96,0,0,32,32,0,1,1,4294967295
background74_block,400,0,0,0,32,32,0,1,1,4294967295
background74_block,400,160,0,0,32,32,0,1,1,4294967295
background74_block,400,192,0,0,32,32,0,1,1,4294967295
background74_block,496,80,0,0,32,32,0,1,1,4294967295
background74_block,496,112,0,0,32,32,0,1,1,4294967295
background74_block,496,240,0,0,32,32,0,1,1,4294967295
background74_block,512,272,0,0,32,32,0,1,1,4294967295
background74_block,528,240,0,0,32,32,0,1,1,4294967295
background74_block,496,0,0,0,32,32,0,1,1,4294967295
background74_block,592,0,0,0,32,32,0,1,1,4294967295
background74_block,592,160,0,0,32,32,0,1,1,4294967295
background74_block,576,304,0,0,32,32,0,1,1,4294967295
background74_block,480,368,0,0,32,32,0,1,1,4294967295
background74_block,480,400,0,0,32,32,0,1,1,4294967295
background74_block,528,400,0,0,32,32,0,1,1,4294967295
background74_block,400,384,0,0,32,32,0,1,1,4294967295
background74_block,400,416,0,0,32,32,0,1,1,4294967295
background74_block,464,528,0,0,32,32,0,1,1,4294967295
background74_block,464,560,0,0,32,32,0,1,1,4294967295
background74_block,560,464,0,0,32,32,0,1,1,4294967295
background74_block,592,192,0,0,32,32,0,1,1,4294967295
background74_block,592,224,0,0,32,32,0,1,1,4294967295
background74_block,144,240,0,0,32,32,0,0.5,0.5,4294967295
background74_block,432,0,0,0,32,32,0,1,1,4294967295
background167,656,0,0,0,140,160,0,1,1,4294967295
