Warp,560,400,D76A7199,0,1,1,4294967295,0,0
Block,272,512,B9D3C02B,0,1,1,4294967295,0,0
Block,272,544,78D27044,0,1,1,4294967295,0,0
Block,272,576,10879C12,0,1,1,4294967295,0,0
Block,304,576,329B9A88,0,1,1,4294967295,0,0
Block,352,416,41061E9C,0,1,1,4294967295,0,0
Block,352,448,7B4CE82C,0,1,1,4294967295,0,0
Block,352,480,95887C27,0,1,1,4294967295,0,0
Block,240,544,266B14D2,0,1,1,4294967295,0,0
Block,240,576,EA660CC4,0,1,1,4294967295,0,0
Block,192,432,E725B347,0,1,1,4294967295,0,0
Block,112,496,B8101A04,0,1,1,4294967295,0,0
Block,112,528,AF8CCAA7,0,1,1,4294967295,0,0
Block,112,560,9E44283C,0,1,1,4294967295,0,0
Block,32,496,E297AE1D,0,1,1,4294967295,0,0
Block,16,560,D4C93029,0,1,1,4294967295,0,0
Block,0,496,879CB275,0,1,1,4294967295,0,0
Block,32,240,78054B29,0,1,1,4294967295,0,0
Block,64,240,1810B324,0,1,1,4294967295,0,0
Block,128,352,FE54C3CE,0,1,1,4294967295,0,0
Block,96,240,26E967AD,0,1,1,4294967295,0,0
Block,224,384,A6AFBC09,0,1,1,4294967295,0,0
Block,256,288,DA2B02D8,0,1,1,4294967295,0,0
Block,256,320,CF54005C,0,1,1,4294967295,0,0
Block,160,144,E82248DC,0,1,1,4294967295,0,0
Block,160,176,EAEAAC97,0,1,1,4294967295,0,0
Block,192,176,AA508B1A,0,1,1,4294967295,0,0
Block,128,240,ABD6BA10,0,1,0.5,4294967295,0,0
Block,256,128,BAC4E23B,0,1,1,4294967295,0,0
Block,160,112,FF174B62,0,1,1,4294967295,0,0
Block,256,96,37FF3F1F,0,1,1,4294967295,0,0
Block,224,96,23B4F9EB,0,1,1,4294967295,0,0
Block,224,64,D39852BF,0,1,1,4294967295,0,0
Block,224,32,6594250C,0,1,1,4294967295,0,0
Block,288,288,A0937648,0,1,1,4294967295,0,0
Block,304,96,7D9280B4,0,1,1,4294967295,0,0
Block,336,96,3AD1527C,0,1,1,4294967295,0,0
Block,400,160,E43778D3,0,1,1,4294967295,0,0
Block,400,0,3B7A2CFE,0,1,1,4294967295,0,0
Block,496,80,879D02A3,0,1,1,4294967295,0,0
Block,496,112,E7B78F96,0,1,1,4294967295,0,0
Block,496,240,FD948710,0,1,1,4294967295,0,0
Block,512,272,B4290E01,0,1,1,4294967295,0,0
Block,528,240,85827C77,0,1,1,4294967295,0,0
Block,496,0,5FDCEE6F,0,1,1,4294967295,0,0
Block,592,0,DABB7B95,0,1,1,4294967295,0,0
Block,592,160,4DC06194,0,1,1,4294967295,0,0
Block,576,304,1E9B58EF,0,1,1,4294967295,0,0
Block,480,368,CE531363,0,1,1,4294967295,0,0
Block,480,400,F60E5D5D,0,1,1,4294967295,0,0
Block,528,400,AE1EF079,0,1,1,4294967295,0,0
Block,400,384,6823BDB1,0,1,1,4294967295,0,0
Block,400,416,EACF66C1,0,1,1,4294967295,0,0
Block,464,528,6972B0E5,0,1,1,4294967295,0,0
Block,464,560,ADC89001,0,1,1,4294967295,0,0
Block,560,464,BB1B8725,0,1,1,4294967295,0,0
Block,592,192,14DE3E50,0,1,1,4294967295,0,0
Block,592,224,E57C0B14,0,1,1,4294967295,0,0
Block,432,0,0EABA7AA,0,1,1,4294967295,0,0
Block,400,192,8B92C225,0,1,1,4294967295,0,0
SavePointVeryHard,272,480,25654240,0,1,1,4294967295,0,0
Water2,0,416,167127D1,0,2,0.5,4294967295,0,0
Water2,16,464,30EAE8F7,0,1,1,4294967295,0,0
SavePointVeryHard,192,144,D4C1C00B,0,1,1,4294967295,0,0
CatharsisWater,432,112,40B0DDC5,0,1,2,4294967295,0,0
SpikeL,320,448,6376DBC4,0,1,1,4294967295,0,0
Signpost,304,544,8975DA2F,0,1,1,4294967295,0,1
SpikeL,288,432,F2262302,0,1,1,4294967295,0,0
SpikeL,320,416,158AA61A,0,1,1,4294967295,0,0
SpikeD,352,512,FAAB6569,0,1,1,4294967295,0,0
SpikeR,240,512,8A9B7DCA,0,1,1,4294967295,0,0
SpikeR,224,432,0B5732BE,0,1,1,4294967295,0,0
SpikeR,144,496,036F6293,0,1,1,4294967295,0,0
SpikeL,208,576,7FCBF9A8,0,1,1,4294967295,0,0
SpikeU,256,416,740F3B1E,0,1,1,4294967295,0,0
SpikeL,160,432,F4E73185,0,1,1,4294967295,0,0
SpikeU,112,464,DD1572E0,0,1,1,4294967295,0,0
SpikeR,64,496,8A9ECD5C,0,1,1,4294967295,0,0
SpikeU,32,464,4F0C4F06,0,1,1,4294967295,0,0
SpikeD,192,464,125D870C,0,1,1,4294967295,0,0
SpikeR,0,336,861D5217,0,1,1,4294967295,0,0
SpikeD,48,304,D38C9EBD,0,1,1,4294967295,0,0
SpikeD,32,272,6400D04C,0,1,1,4294967295,0,0
SpikeD,64,272,7987E496,0,1,1,4294967295,0,0
SpikeL,32,400,4AB15584,0,1,1,4294967295,0,0
SpikeR,64,400,4153ED20,0,1,1,4294967295,0,0
SpikeU,0,464,75E5C1FC,0,1,1,4294967295,0,0
SpikeL,192,304,C935278D,0,1,1,4294967295,0,0
SpikeL,224,288,24E620EE,0,1,1,4294967295,0,0
SpikeL,224,320,913914EE,0,1,1,4294967295,0,0
SpikeR,160,352,AF8DCBE0,0,1,1,4294967295,0,0
MiniSpikeUp,128,336,1D7789F9,0,1,1,4294967295,0,0
MiniSpikeUp,144,336,A0B30503,0,1,1,4294967295,0,0
SpikeU,64,208,EDB80895,0,1,1,4294967295,0,0
SpikeL,96,160,8128B53C,0,1,1,4294967295,0,0
SpikeL,128,144,C0361981,0,1,1,4294967295,0,0
SpikeL,128,176,8C5A5384,0,1,1,4294967295,0,0
SpikeU,256,256,233F80A9,0,1,1,4294967295,0,0
MiniSpikeRight,224,176,FAD43409,0,1,1,4294967295,0,0
SpikeU,160,80,BBDEDFA7,0,1,1,4294967295,0,0
SpikeL,192,32,AAC47952,0,1,1,4294967295,0,0
SpikeR,256,32,A1F4D29E,0,1,1,4294967295,0,0
SpikeU,224,0,8226BDF0,0,1,1,4294967295,0,0
SpikeD,304,128,69DDF236,0,1,1,4294967295,0,0
SpikeU,272,224,EE0F17CD,0,1,1,4294967295,0,0
SpikeU,288,256,36C01980,0,1,1,4294967295,0,0
SpikeD,400,224,A9CEF806,0,1,1,4294967295,0,0
SpikeD,336,128,210B85AC,0,1,1,4294967295,0,0
SpikeR,432,160,85C11EF9,0,1,1,4294967295,0,0
SpikeL,432,96,B9B994D8,0,1,1,4294967295,0,0
SpikeL,464,112,6BF52C3D,0,1,1,4294967295,0,0
SpikeL,464,80,2987210B,0,1,1,4294967295,0,0
SpikeD,544,112,6E471FBC,0,1,1,4294967295,0,0
SpikeU,544,80,F4EDE1D4,0,1,1,4294967295,0,0
SpikeU,496,208,35EC92CF,0,1,1,4294967295,0,0
SpikeU,528,208,100E5BDE,0,1,1,4294967295,0,0
SpikeR,528,0,6A992C5B,0,1,1,4294967295,0,0
SpikeL,560,0,8B6AFED9,0,1,1,4294967295,0,0
MiniSpikeUp,304,80,4CD11FE1,0,1,1,4294967295,0,0
MiniSpikeUp,320,80,088DC447,0,1,1,4294967295,0,0
SpikeU,336,64,0D69ECAF,0,1,1,4294967295,0,0
SpikeU,576,272,AF40E6CA,0,1,1,4294967295,0,0
SpikeL,464,240,459EB39C,0,1,1,4294967295,0,0
SpikeU,528,368,65954D9F,0,1,1,4294967295,0,0
SpikeU,480,336,901B5210,0,1,1,4294967295,0,0
SpikeU,352,384,A7A37A0A,0,1,1,4294967295,0,0
SpikeR,432,384,58AD5E7D,0,1,1,4294967295,0,0
SpikeU,400,352,D1DC2A20,0,1,1,4294967295,0,0
SpikeU,464,496,5DFC1F41,0,1,1,4294967295,0,0
MiniSpikeUp,496,64,F81475F8,0,1,1,4294967295,0,0
MiniSpikeUp,512,64,45014FFE,0,1,1,4294967295,0,0
MiniSpikeUp,592,144,79E4C327,0,1,1,4294967295,0,0
MiniSpikeUp,608,144,DBCEC04C,0,1,1,4294967295,0,0
SpikeD,400,32,6AFEC3D5,0,1,1,4294967295,0,0
SpikeD,432,32,BCEF949D,0,1,1,4294967295,0,0
MiniSpikeDown,352,0,554142A1,0,1,1,4294967295,0,0
MiniSpikeDown,336,0,C84EA6CE,0,1,1,4294967295,0,0
MiniSpikeDown,416,64,D2069E55,0,1,1,4294967295,0,0
MiniSpikeDown,432,64,2A453716,0,1,1,4294967295,0,0
WallJumpR,240,544,413A1415,0,1,1,4294967295,0,0
WallJumpR,112,560,2422B627,0,1,1,4294967295,0,0
WallJumpR,128,352,F77C50D5,0,1,1,4294967295,0,0
WallJumpR,464,528,412C408B,0,1,1,4294967295,0,0
Cherry,112,400,D3EBA052,0,1,1,4294967295,0,0
Cherry,16,256,C91B1445,0,1,1,4294967295,0,0
Cherry,364,208,22772368,0,1,1,4294967295,0,0
Cherry,448,256,3E72BA92,0,1,1,4294967295,0,0
Cherry,512,448,8D91A8C9,0,1,1,4294967295,0,0
Cherry,576,384,BABE7267,0,1,1,4294967295,0,0
Cherry,592,352,F7497B67,0,1,1,4294967295,0,0
Cherry,352,560,3E6CBF5F,0,1,1,4294967295,0,0
Cherry,348,240,4D8865B1,0,1,1,4294967295,0,0
Cherry,332,272,532F1ED1,0,1,1,4294967295,0,0
Cherry,376,240,2217F8A7,0,1,1,4294967295,0,0
Cherry,384,272,03DD9D88,0,1,1,4294967295,0,0
Cherry,180,416,669404A1,0,1,1,4294967295,0,0
Cherry,156,400,3CF76B17,0,1,1,4294967295,0,0
Cherry,608,128,30139958,0,1,1,4294967295,0,0
Cherry,608,96,C8F17B36,0,1,1,4294967295,0,0
Cherry,608,64,1E77BD7A,0,1,1,4294967295,0,0
Cherry,320,16,6BC7CEB2,0,1,1,4294967295,0,0
Cherry,384,32,8C85789B,0,1,1,4294967295,0,0
Cherry,400,100,BA2785BB,0,1,1,4294967295,0,0
objSetCoyote,96,104,55BFEFD5,0,1,1,4294967295,0,0
Platform,32,304,31A3B51A,0,0.5,3,4294967295,0,0
Platform,540,320,3278E853,0,1,1,4294967295,315,0
TextDraw,672,528,DC663D14,0,1,1,4294967295,0,1
PlayerStart,272,480,4379DACF,0,1,1,4294967295,0,0
