background126_block,-32,272,0,0,32,32,0,1,1,4294967295
background127_miniblock,352,304,0,0,16,16,0,1,1,4294967295
background127_miniblock,336,496,0,0,16,16,0,1,1,4294967295
background127_miniblock,336,512,0,0,16,16,0,1,1,4294967295
background127_miniblock,336,528,0,0,16,16,0,1,1,4294967295
background127_miniblock,336,544,0,0,16,16,0,1,1,4294967295
background127_miniblock,336,560,0,0,16,16,0,1,1,4294967295
background127_miniblock,320,464,0,0,16,16,0,1,1,4294967295
background127_miniblock,320,480,0,0,16,16,0,1,1,4294967295
background127_miniblock,336,480,0,0,16,16,0,1,1,4294967295
background127_miniblock,528,160,0,0,16,16,0,1,1,4294967295
background127_miniblock,528,176,0,0,16,16,0,1,1,4294967295
background127_miniblock,448,144,0,0,16,16,0,1,1,4294967295
background127_miniblock,448,160,0,0,16,16,0,1,1,4294967295
background127_miniblock,384,64,0,0,16,16,0,1,1,4294967295
background127_miniblock,240,176,0,0,16,16,0,1,1,4294967295
background127_miniblock,624,560,0,0,16,16,0,1,1,4294967295
background127_miniblock,624,576,0,0,16,16,0,1,1,4294967295
background127_miniblock,624,592,0,0,16,16,0,1,1,4294967295
background127_miniblock,256,144,0,0,16,16,0,1,1,4294967295
background127_miniblock,256,160,0,0,16,16,0,1,1,4294967295
background127_miniblock,256,176,0,0,16,16,0,1,1,4294967295
background127_miniblock,256,192,0,0,16,16,0,1,1,4294967295
background127_miniblock,448,176,0,0,16,16,0,1,1,4294967295
background127_miniblock,752,256,0,0,16,16,0,1,1,4294967295
background129_79f,704,448,0,0,80,80,0,1,1,4294967295
background127_miniblock,528,96,0,0,16,16,0,1,1,4294967295
background127_miniblock,528,112,0,0,16,16,0,1,1,4294967295
background127_miniblock,528,128,0,0,16,16,0,1,1,4294967295
background127_miniblock,528,144,0,0,16,16,0,1,1,4294967295
