Autotiler,-32,272,A4139E3A,0,1,1,4294967295,0,1
Warp,368,0,45186947,0,1,1,4294967295,0,0
Block,224,144,A0869D4E,0,1,1,4294967295,0,0
Block,128,352,85AD5F7F,0,1,1,4294967295,0,0
Block,128,384,98727A42,0,1,1,4294967295,0,0
Block,96,384,6DAF0C03,0,1,1,4294967295,0,0
Block,96,352,F10A76F4,0,1,1,4294967295,0,0
Block,32,384,16E9FF2B,0,1,1,4294967295,0,0
Block,0,384,C5B2378D,0,1,1,4294967295,0,0
Block,0,352,48437946,0,1,1,4294967295,0,0
Block,320,256,7CB24B80,0,1,1,4294967295,0,0
Block,192,368,82B7FDF3,0,1,1,4294967295,0,0
Block,272,384,7F8B7C8C,0,1,1,4294967295,0,0
Block,320,288,9099D8EA,0,1,1,4294967295,0,0
MiniBlock,352,304,86952583,0,1,1,4294967295,0,0
Block,176,528,4AD4BCF1,0,1,1,4294967295,0,0
Block,176,560,84F7FA99,0,1,1,4294967295,0,0
MiniBlock,336,496,0FBAD54A,0,1,1,4294967295,0,0
MiniBlock,336,512,D7E84584,0,1,1,4294967295,0,0
MiniBlock,336,528,67CE9A66,0,1,1,4294967295,0,0
MiniBlock,336,544,CFFFC240,0,1,1,4294967295,0,0
MiniBlock,336,560,87D8E90D,0,1,1,4294967295,0,0
Block,400,448,5B98F497,0,1,1,4294967295,0,0
Block,400,480,A2C01ADB,0,1,1,4294967295,0,0
Block,400,512,7DF9D29F,0,1,1,4294967295,0,0
Block,544,464,27307045,0,1,1,4294967295,0,0
Block,544,496,02AA3DAE,0,1,1,4294967295,0,0
Block,592,384,8F061EEC,0,1,1,4294967295,0,0
Block,640,304,14B44298,0,1,1,4294967295,0,0
Block,528,288,C1613804,0,1,1,4294967295,0,0
Block,464,352,71F1A8C1,0,1,1,4294967295,0,0
Block,640,176,87F08371,0,1,1,4294967295,0,0
MiniBlock,528,160,0876B0D0,0,1,1,4294967295,0,0
MiniBlock,528,176,17B72FCC,0,1,1,4294967295,0,0
Block,672,80,6BA8FE16,0,1,1,4294967295,0,0
Block,672,112,CD745DE3,0,1,1,4294967295,0,0
Block,672,144,842C1BCB,0,1,1,4294967295,0,0
Block,672,176,1C86F6B3,0,1,1,4294967295,0,0
MiniBlock,336,480,CF05FF02,0,1,1,4294967295,0,0
MiniBlock,320,464,1BF20BAF,0,1,1,4294967295,0,0
MiniBlock,320,480,4DB80E43,0,1,1,4294967295,0,0
Block,752,224,9A0E5544,0,1,1,4294967295,0,0
Block,784,224,038A5AC1,0,1,1,4294967295,0,0
Block,784,192,44462FEF,0,1,1,4294967295,0,0
Block,784,160,7534270B,0,1,1,4294967295,0,0
Block,720,80,8A0F669A,0,1,1,4294967295,0,0
Block,512,64,B7386C40,0,1,1,4294967295,0,0
MiniBlock,448,144,3BEAC433,0,1,1,4294967295,0,0
MiniBlock,448,160,E3B28304,0,1,1,4294967295,0,0
Block,400,48,6C64DA51,0,1,1,4294967295,0,0
Block,400,16,55219A2E,0,1,1,4294967295,0,0
Block,400,-16,E62112AC,0,1,1,4294967295,0,0
MiniBlock,384,64,C9746703,0,1,1,4294967295,0,0
Block,320,64,DA84EA8D,0,1,1,4294967295,0,0
Block,320,32,D099AE72,0,1,1,4294967295,0,0
Block,320,0,9A3F3EDB,0,1,1,4294967295,0,0
MiniBlock,240,176,32B559EC,0,1,1,4294967295,0,0
Block,160,16,CCCFECFB,0,1,1,4294967295,0,0
Block,160,48,18123E79,0,1,1,4294967295,0,0
Block,592,592,B7269AE2,0,1,1,4294967295,0,0
Block,544,528,BA48393A,0,1,1,4294967295,0,0
Block,544,560,B51D49B2,0,1,1,4294967295,0,0
Block,544,592,79BF3788,0,1,1,4294967295,0,0
MiniBlock,624,560,C34DA51C,0,1,1,4294967295,0,0
MiniBlock,624,576,923CE693,0,1,1,4294967295,0,0
MiniBlock,624,592,40A65BDE,0,1,1,4294967295,0,0
MiniBlock,256,144,BFF14F5A,0,1,1,4294967295,0,0
MiniBlock,256,160,2F692512,0,1,1,4294967295,0,0
MiniBlock,256,176,2E87A05D,0,1,1,4294967295,0,0
MiniBlock,256,192,60DE36B8,0,1,1,4294967295,0,0
MiniBlock,448,176,97D75DF6,0,1,1,4294967295,0,0
MiniBlock,752,256,7438B7F3,0,1,1,4294967295,0,0
MiniBlock,528,144,3D458133,0,1,1,4294967295,0,0
MiniBlock,528,128,51A02964,0,1,1,4294967295,0,0
MiniBlock,528,112,4386EA57,0,1,1,4294967295,0,0
MiniBlock,528,96,F6A29B87,0,1,1,4294967295,0,0
SavePointVeryHard,32,352,FA6031B0,0,1,1,4294967295,0,0
Water2,192,208,D2B5C891,0,1,1,4294967295,0,0
Water2,192,240,2E99800D,0,1,1.25,4294967295,0,0
CatharsisWater,208,280,1F92DC4B,0,0.5,2.75,4294967295,0,0
Water3,608,416,DD3B6AAE,0,0.5,1,4294967295,0,0
Water3,608,320,A1BA9F27,0,0.5,2,4294967295,0,0
Water2,544,160,37711280,0,1,1,4294967295,0,0
Water2,448,480,8D7C1AA3,0,0.5,2,4294967295,0,0
Water3,464,480,85BA6C8B,0,0.5,2,4294967295,0,0
Water2,704,112,C8908302,0,1,1,4294967295,0,0
Water2,704,80,4F9C8F15,0,0.5,1,4294967295,0,0
SavePointVeryHard,320,432,BE6E142E,0,1,1,4294967295,0,0
CatharsisWater,176,160,9825AFA2,0,0.5,2.5,4294967295,0,0
Water3,288,176,1833B589,0,0.5,1,4294967295,0,0
CatharsisWater,464,72,7DAFDC91,0,0.5,3,4294967295,0,0
Water2,720,240,4BA47419,0,1,1,4294967295,0,0
CatharsisWater,720,192,5B47C0AC,0,0.5,1.5,4294967295,0,0
SpikeL,64,256,F67D97BB,0,1,1,4294967295,0,0
SpikeR,96,256,36C51AF4,0,1,1,4294967295,0,0
SpikeL,112,144,DC7FB16B,0,1,1,4294967295,0,0
SpikeR,176,144,2F99EFA7,0,1,1,4294967295,0,0
SpikeR,256,224,5CBFAF79,0,1,1,4294967295,0,0
SpikeL,224,224,87AFF1E3,0,1,1,4294967295,0,0
SpikeR,160,224,C9DA0A06,0,1,1,4294967295,0,0
SpikeR,128,320,CDEA1F36,0,1,1,4294967295,0,0
SpikeD,128,256,6BB77966,0,1,1,4294967295,0,0
SpikeL,96,320,BA15F6F7,0,1,1,4294967295,0,0
SpikeU,0,320,092D32BD,0,1,1,4294967295,0,0
SpikeL,288,256,A0A33CE2,0,1,1,4294967295,0,0
SpikeD,192,280,B7701240,0,1,1,4294967295,0,0
SpikeU,192,336,F780CC14,0,1,1,4294967295,0,0
SpikeL,236,308,F8878E90,0,1,1,4294967295,0,0
SpikeR,268,308,35FDECC3,0,1,1,4294967295,0,0
SpikeD,288,176,589D24CC,0,1,1,4294967295,0,0
WallJumpR,176,528,AD1203DB,0,1,1,4294967295,0,0
SpikeD,160,496,72E809C4,0,1,1,4294967295,0,0
SpikeU,176,496,4EF93A3A,0,1,1,4294967295,0,0
SpikeD,192,400,7C4C2619,0,1,1,4294967295,0,0
MiniSpikeLeft,176,384,8E19DDBE,0,1,1,4294967295,0,0
SpikeL,224,416,1197CB7E,0,1,1,4294967295,0,0
SpikeR,256,416,45BCE19D,0,1,1,4294967295,0,0
MiniSpikeRight,352,256,471899F4,0,1,1,4294967295,0,0
WallJumpR,176,560,1E88FD7E,0,1,1,4294967295,0,0
SpikeL,288,464,C1BC5E44,0,1,1,4294967295,0,0
SpikeL,336,384,760302B0,0,1,1,4294967295,0,0
MiniSpikeRight,368,384,AA09CA44,0,1,1,4294967295,0,0
MiniSpikeRight,368,400,5020C2F0,0,1,1,4294967295,0,0
MiniSpikeDown,384,368,5AA7C308,0,1,1,4294967295,0,0
MiniSpikeDown,400,368,7C8A51D8,0,1,1,4294967295,0,0
SpikeU,384,336,83DF5624,0,1,1,4294967295,0,0
SpikeU,400,416,3AC7E8C8,0,1,1,4294967295,0,0
SpikeD,448,480,F465D9E6,0,1,1,4294967295,0,0
MiniSpikeUp,448,464,3DE72808,0,1,1,4294967295,0,0
MiniSpikeUp,464,464,D715FDA0,0,1,1,4294967295,0,0
SpikeL,464,400,4135F375,0,1,1,4294967295,0,0
SpikeR,496,400,1DB7ECA9,0,1,1,4294967295,0,0
MiniSpikeLeft,528,464,4E906420,0,1,1,4294967295,0,0
SpikeU,544,432,2FD9326F,0,1,1,4294967295,0,0
SpikeD,592,416,24FEE274,0,1,1,4294967295,0,0
MiniSpikeUp,592,368,3ED2A2BE,0,1,1,4294967295,0,0
MiniSpikeUp,608,368,230EEB91,0,1,1,4294967295,0,0
SpikeL,608,304,3933D7DC,0,1,1,4294967295,0,0
MiniSpikeRight,624,384,1B0C1EF5,0,1,1,4294967295,0,0
MiniSpikeRight,624,400,05A95AC1,0,1,1,4294967295,0,0
SpikeU,592,496,9BC320C5,0,1,1,4294967295,0,0
SpikeD,592,528,BEC71641,0,1,1,4294967295,0,0
SpikeU,560,288,C84205DA,0,1,1,4294967295,0,0
SpikeD,544,240,0973246D,0,1,1,4294967295,0,0
SpikeR,624,272,410874DB,0,1,1,4294967295,0,0
SpikeL,640,112,9DC82628,0,1,1,4294967295,0,0
SpikeL,608,96,9EC7B9DC,0,1,1,4294967295,0,0
SpikeL,640,80,0CE0B85D,0,1,1,4294967295,0,0
MiniSpikeLeft,544,184,80C2D60C,0,1,1,4294967295,0,0
MiniSpikeRight,560,184,5E3DEC27,0,1,1,4294967295,0,0
MiniSpikeUp,336,464,EB39A364,0,1,1,4294967295,0,0
SpikeR,704,176,9739A3A1,0,1,1,4294967295,0,0
SpikeL,720,224,5CD1CF74,0,1,1,4294967295,0,0
SpikeU,784,128,B8F2C32B,0,1,1,4294967295,0,0
SpikeD,720,112,33B90692,0,1,1,4294967295,0,0
SpikeR,544,64,FE15B2EF,0,1,1,4294967295,0,0
SpikeL,528,-16,525F1372,0,1,1,4294967295,0,0
SpikeR,560,-16,86EDD046,0,1,1,4294967295,0,0
MiniSpikeUp,672,64,0884F2EE,0,1,1,4294967295,0,0
SpikeD,688,0,C2BB2BF2,0,1,1,4294967295,0,0
MiniSpikeLeft,464,64,A05F81E0,0,1,1,4294967295,0,0
MiniSpikeRight,480,64,7648B94D,0,1,1,4294967295,0,0
MiniSpikeUp,448,128,3C1C6E91,0,1,1,4294967295,0,0
MiniSpikeRight,464,160,704BDBA0,0,1,1,4294967295,0,0
WallJumpR,448,144,34DCB777,0,1,1,4294967295,0,0
MiniSpikeDown,320,96,9FF53517,0,1,1,4294967295,0,0
MiniSpikeDown,336,96,A51A6AFB,0,1,1,4294967295,0,0
SpikeL,384,208,6D9CBDD0,0,1,1,4294967295,0,0
SpikeR,416,240,2D7C1972,0,1,1,4294967295,0,0
SpikeU,448,224,ED99FCC5,0,1,1,4294967295,0,0
MiniSpikeDown,320,176,3D8456BB,0,1,1,4294967295,0,0
MiniSpikeUp,320,160,0821B83B,0,1,1,4294967295,0,0
MiniSpikeDown,224,176,AC2460FA,0,1,1,4294967295,0,0
MiniSpikeDown,240,192,0C50B92C,0,1,1,4294967295,0,0
SpikeL,224,64,659F6ECC,0,1,1,4294967295,0,0
SpikeR,256,64,D85AF1B4,0,1,1,4294967295,0,0
SpikeD,160,80,E06737B7,0,1,1,4294967295,0,0
SpikeU,160,-16,3CA69100,0,1,1,4294967295,0,0
SpikeU,288,144,282EA7D8,0,1,1,4294967295,0,0
MiniSpikeUp,256,128,EC1251F6,0,1,1,4294967295,0,0
SpikeU,272,544,2BF74F22,0,1,1,4294967295,0,0
MiniSpikeDown,272,576,C375EDA8,0,1,1,4294967295,0,0
MiniSpikeDown,288,576,7F5606A0,0,1,1,4294967295,0,0
SpikeD,400,544,74816115,0,1,1,4294967295,0,0
SpikeL,496,288,E04D4F04,0,1,1,4294967295,0,0
MiniSpikeRight,480,256,95ABC0CE,0,1,1,4294967295,0,0
MiniSpikeDown,448,192,5F9FB2D5,0,1,1,4294967295,0,0
SpikeL,592,272,D63C0E0D,0,1,1,4294967295,0,0
MiniSpikeUp,656,288,51EC5BBA,0,1,1,4294967295,0,0
SpikeL,496,160,A6F55A76,0,1,1,4294967295,0,0
Cherry,144,240,A23F9CBA,0,1,1,4294967295,0,0
Cherry,56,296,275A310C,0,1,1,4294967295,0,0
Cherry,32,320,4D68DA8D,0,1,1,4294967295,0,0
Cherry,80,400,B3B4F755,0,1,1,4294967295,0,0
Cherry,352,176,9207313C,0,1,1,4294967295,0,0
Cherry,368,208,AC14D425,0,1,1,4294967295,0,0
Cherry,240,496,BCCA0B56,0,1,1,4294967295,0,0
Cherry,208,448,A417114C,0,1,1,4294967295,0,0
Cherry,320,400,13BDE922,0,1,1,4294967295,0,0
Cherry,352,144,E0201E1C,0,1,1,4294967295,0,0
Cherry,432,288,0F44AB45,0,1,1,4294967295,0,0
Cherry,416,320,FB751F27,0,1,1,4294967295,0,0
Cherry,160,160,A7BB7648,0,1,1,4294967295,0,0
Cherry,640,544,4D3FED78,0,1,1,4294967295,0,0
Cherry,272,288,1895D0C2,0,1,1,4294967295,0,0
Cherry,208,80,8C2A774C,0,1,1,4294967295,0,0
Platform,96,224,20849927,0,0.5,2,4294967295,0,0
Skinner,64,288,0512B973,0,1,1,4294967295,0,1
Platform,480,80,F36CF7E7,0,1,1,4294967295,0,0
Platform,304,528,85095E07,0,1,1,4294967295,0,0
PlayerStart,32,352,BDDB0288,0,1,1,4294967295,0,0
