SavePointVeryHard,416,256,559C03E7,0,1,1,4294967295,0,0
SavePointVeryHard,544,480,AACF5A12,0,1,1,4294967295,0,0
SavePointVeryHard,64,512,3A63C645,0,1,1,4294967295,0,0
Autotiler,16,16,A15A5C50,0,1,1,4294967295,0,1
Warp,336,304,E3E9E8ED,0,1,1,4294967295,0,0
Block,448,192,35009FB0,0,1,1,4294967295,0,0
Block,480,96,75786648,0,1,1,4294967295,0,0
Block,448,224,36FCB008,0,1,1,4294967295,0,0
Block,448,256,03EE556D,0,1,1,4294967295,0,0
Block,448,288,B7C95EBE,0,1,1,4294967295,0,0
Block,416,288,EA1A6CBA,0,1,1,4294967295,0,0
Block,352,192,FCF9B27B,0,1,1,4294967295,0,0
Block,320,96,33A6CB16,0,1,1,4294967295,0,0
Block,288,224,37E423A8,0,1,1,4294967295,0,0
Block,288,256,8DB638FC,0,1,1,4294967295,0,0
Block,320,256,EBC0B1B5,0,1,1,4294967295,0,0
Block,352,256,B07FADD3,0,1,1,4294967295,0,0
Block,352,224,4CCF22F1,0,1,1,4294967295,0,0
Block,224,64,4A72ED83,0,1,1,4294967295,0,0
Block,224,32,3F81B869,0,1,1,4294967295,0,0
Block,224,0,124A31CA,0,1,1,4294967295,0,0
Block,256,224,4A400A9B,0,1,1,4294967295,0,0
Block,256,256,AFB07B4E,0,1,1,4294967295,0,0
Block,256,192,F390A408,0,1,1,4294967295,0,0
Block,480,0,17ABB73F,0,1,1,4294967295,0,0
Block,512,0,074B7169,0,1,1,4294967295,0,0
Block,512,32,274EFF72,0,1,1,4294967295,0,0
Block,512,64,C2830CFF,0,1,1,4294967295,0,0
Block,512,96,20DCE077,0,1,1,4294967295,0,0
Block,544,192,C81D1B24,0,1,1,4294967295,0,0
Block,512,224,C8879EFC,0,1,1,4294967295,0,0
Block,544,224,D99E3F3B,0,1,1,4294967295,0,0
Block,576,224,26546970,0,1,1,4294967295,0,0
Block,576,192,9574199E,0,1,1,4294967295,0,0
Block,640,96,C2F82583,0,1,1,4294967295,0,0
Block,640,64,DDC50EC7,0,1,1,4294967295,0,0
Block,640,320,B561F374,0,1,1,4294967295,0,0
Block,704,256,32EF8398,0,1,1,4294967295,0,0
Block,704,288,A437E75A,0,1,1,4294967295,0,0
Block,736,128,95601126,0,1,1,4294967295,0,0
Block,768,128,72D7A255,0,1,1,4294967295,0,0
Block,640,352,517593F3,0,1,1,4294967295,0,0
Block,576,256,95409AA3,0,1,1,4294967295,0,0
Block,544,256,F44349F1,0,1,1,4294967295,0,0
Block,544,288,E53A416E,0,1,1,4294967295,0,0
Block,576,288,6234F8A8,0,1,1,4294967295,0,0
Block,576,320,1D32B271,0,1,1,4294967295,0,0
Block,384,320,8147B0B0,0,1,1,4294967295,0,0
Block,768,384,A185009D,0,1,1,4294967295,0,0
Block,704,416,34C16683,0,1,1,4294967295,0,0
Block,640,384,5E5161A8,0,1,1,4294967295,0,0
Block,640,416,831508D8,0,1,1,4294967295,0,0
Block,608,416,BDC06C9D,0,1,1,4294967295,0,0
Block,544,512,5580D04C,0,1,1,4294967295,0,0
Block,512,320,BCDB80E9,0,1,1,4294967295,0,0
Block,512,288,ACF211C4,0,1,1,4294967295,0,0
Block,512,256,81C4683B,0,1,1,4294967295,0,0
Block,736,64,E04A455C,0,1,1,4294967295,0,0
Block,736,96,358514FC,0,1,1,4294967295,0,0
Block,768,96,8D21A49E,0,1,1,4294967295,0,0
Block,768,64,FAC70875,0,1,1,4294967295,0,0
Block,768,32,91F708F3,0,1,1,4294967295,0,0
Block,768,0,D05221C1,0,1,1,4294967295,0,0
Block,448,384,EC8B8F28,0,1,1,4294967295,0,0
Block,480,480,D7C6D519,0,1,1,4294967295,0,0
Block,384,416,5684CEBC,0,1,1,4294967295,0,0
Block,448,512,B65659E7,0,1,1,4294967295,0,0
Block,480,512,C6BFA1E0,0,1,1,4294967295,0,0
Block,352,544,6E688437,0,1,1,4294967295,0,0
Block,352,416,54703A17,0,1,1,4294967295,0,0
Block,576,160,E41F4DF3,0,1,1,4294967295,0,0
Block,384,352,B19FC73F,0,1,1,4294967295,0,0
Block,384,384,D0B2C879,0,1,1,4294967295,0,0
Block,288,544,11BC4A65,0,1,1,4294967295,0,0
Block,288,576,7C28CC89,0,1,1,4294967295,0,0
Block,256,384,7D3C9147,0,1,1,4294967295,0,0
Block,224,384,2388CBA3,0,1,1,4294967295,0,0
Block,96,576,52EACE0E,0,1,1,4294967295,0,0
Block,128,576,08FD4A17,0,1,1,4294967295,0,0
Block,64,544,DCA7CD41,0,1,1,4294967295,0,0
Block,64,576,29C5BA5B,0,1,1,4294967295,0,0
Block,96,384,6664D68C,0,1,1,4294967295,0,0
Block,64,384,32A8FE1F,0,1,1,4294967295,0,0
Block,64,352,EABB0D48,0,1,1,4294967295,0,0
Block,32,384,27A55A2D,0,1,1,4294967295,0,0
Block,0,384,CAC590E8,0,1,1,4294967295,0,0
Block,32,416,E7024653,0,1,1,4294967295,0,0
Block,32,448,8F3AC558,0,1,1,4294967295,0,0
Block,32,544,F286DD4F,0,1,1,4294967295,0,0
Block,32,576,9E3FAF1F,0,1,1,4294967295,0,0
Block,0,576,2CBE1A22,0,1,1,4294967295,0,0
Block,0,544,65FC1824,0,1,1,4294967295,0,0
Block,0,512,5E3BF175,0,1,1,4294967295,0,0
Block,0,480,F9200297,0,1,1,4294967295,0,0
Block,0,448,40DA99E6,0,1,1,4294967295,0,0
Block,0,416,A69FDC82,0,1,1,4294967295,0,0
Block,32,224,595BCC4C,0,1,1,4294967295,0,0
Block,32,256,B5347B42,0,1,1,4294967295,0,0
Block,0,256,99FAD10E,0,1,1,4294967295,0,0
Block,0,224,AB2711AA,0,1,1,4294967295,0,0
Block,192,256,951C8275,0,1,1,4294967295,0,0
Block,192,288,0681835E,0,1,1,4294967295,0,0
Block,32,128,A841B0B1,0,1,1,4294967295,0,0
Block,0,128,83050446,0,1,1,4294967295,0,0
Block,0,160,30215D71,0,1,1,4294967295,0,0
Block,0,192,B9CA3538,0,1,1,4294967295,0,0
Block,256,352,51D3F2A6,0,1,1,4294967295,0,0
Block,288,352,2FA81533,0,1,1,4294967295,0,0
Block,128,96,9DA4DEE9,0,1,1,4294967295,0,0
Block,64,416,181DA60A,0,1,1,4294967295,0,0
Block,480,384,5650B6AA,0,1,1,4294967295,0,0
Water3,320,0,65874638,0,0.5,1.25,4294967295,0,0
Water3,544,16,B5728619,0,1,2,4294967295,0,0
Water3,752,160,75E8C43B,0,1.5,1,4294967295,0,0
CatharsisWater,736,272,6D5F3226,0,2,1.5,4294967295,0,0
Water2,528,416,36A7C25E,0,1,1,4294967295,0,0
Water2,560,416,FFF54887,0,1,0.5,4294967295,0,0
Water3,448,320,959FA8C6,0,0.5,2,4294967295,0,0
Water2,352,480,F05206A7,0,1,2,4294967295,0,0
Water2,352,448,B06C664A,0,1,1,4294967295,0,0
CatharsisWater,112,480,F0189363,0,1,3,4294967295,0,0
Water2,144,288,285E562B,0,1,0.5,4294967295,0,0
Water2,192,224,333B0330,0,0.5,1,4294967295,0,0
Water2,160,176,1725516D,0,0.5,1,4294967295,0,0
Water2,272,320,E6C68768,0,1,1,4294967295,0,0
Water2,64,144,81AAD5C6,0,0.5,3,4294967295,0,0
Water3,48,160,60F98689,0,0.5,2,4294967295,0,0
CatharsisWater,112,0,CF609E63,0,0.5,2,4294967295,0,0
CatharsisWater,80,144,8D72E9D4,0,0.5,3,4294967295,0,0
SpikeU,448,160,666DE899,0,1,1,4294967295,0,0
SpikeL,432,128,18BE262B,0,1,1,4294967295,0,0
SpikeD,480,128,4A22A4F6,0,1,1,4294967295,0,0
SpikeR,432,64,A9F2DA9B,0,1,1,4294967295,0,0
SpikeL,400,64,141D2F26,0,1,1,4294967295,0,0
SpikeU,352,160,BCB9D170,0,1,1,4294967295,0,0
SpikeR,352,96,1E96764A,0,1,1,4294967295,0,0
SpikeU,320,224,F028E85B,0,1,1,4294967295,0,0
SpikeU,288,192,20926318,0,1,1,4294967295,0,0
SpikeU,320,64,F3839E14,0,1,1,4294967295,0,0
SpikeR,272,96,E740A789,0,1,1,4294967295,0,0
SpikeL,240,96,B5743C5F,0,1,1,4294967295,0,0
SpikeU,256,160,87EC0BE9,0,1,1,4294967295,0,0
SpikeL,288,32,E61554FC,0,1,1,4294967295,0,0
MiniSpikeRight,320,32,05E20906,0,1,1,4294967295,0,0
MiniSpikeRight,320,48,5375D5A0,0,1,1,4294967295,0,0
SpikeD,480,32,222C044F,0,1,1,4294967295,0,0
SpikeL,512,192,F4467C01,0,1,1,4294967295,0,0
SpikeU,544,160,EBDBCE64,0,1,1,4294967295,0,0
SpikeR,544,64,71760357,0,1,1,4294967295,0,0
SpikeL,544,0,9D612F23,0,1,1,4294967295,0,0
SpikeR,576,0,679F5273,0,1,1,4294967295,0,0
SpikeD,640,128,B615C0AA,0,1,1,4294967295,0,0
SpikeU,624,192,E6E9D70F,0,1,1,4294967295,0,0
SpikeU,640,32,AC9AE4B0,0,1,1,4294967295,0,0
SpikeR,672,64,4B70974A,0,1,1,4294967295,0,0
SpikeD,672,0,B59D4DCE,0,1,1,4294967295,0,0
SpikeD,624,224,A8BCE448,0,1,1,4294967295,0,0
SpikeU,640,288,E47BEFB8,0,1,1,4294967295,0,0
SpikeL,672,256,25AC1CE6,0,1,1,4294967295,0,0
SpikeU,704,224,1A1C2C90,0,1,1,4294967295,0,0
SpikeL,720,160,CA500CB8,0,1,1,4294967295,0,0
SpikeR,752,160,78119E0B,0,1,1,4294967295,0,0
SpikeR,736,256,CE145EFC,0,1,1,4294967295,0,0
SpikeL,768,304,D5BCF9D4,0,1,1,4294967295,0,0
SpikeR,672,320,21F2B551,0,1,1,4294967295,0,0
SpikeU,384,288,5A767507,0,1,1,4294967295,0,0
SpikeU,768,352,5D6D63C3,0,1,1,4294967295,0,0
SpikeU,704,384,7EF36BCE,0,1,1,4294967295,0,0
SpikeR,736,416,C85588BA,0,1,1,4294967295,0,0
SpikeR,560,416,F4C71036,0,1,1,4294967295,0,0
SpikeL,528,416,EB16B15C,0,1,1,4294967295,0,0
SpikeU,608,384,72954F6A,0,1,1,4294967295,0,0
SpikeD,544,320,D7A99F3D,0,1,1,4294967295,0,0
SpikeD,512,352,31D4E055,0,1,1,4294967295,0,0
SpikeU,736,32,2383B167,0,1,1,4294967295,0,0
MiniSpikeDown,320,128,3BEE9796,0,1,1,4294967295,0,0
MiniSpikeDown,336,128,9A009BEA,0,1,1,4294967295,0,0
MiniSpikeDown,512,128,89D53F68,0,1,1,4294967295,0,0
MiniSpikeDown,528,128,85569C9A,0,1,1,4294967295,0,0
MiniSpikeDown,384,0,16251035,0,1,1,4294967295,0,0
MiniSpikeDown,368,0,B37DC160,0,1,1,4294967295,0,0
MiniSpikeDown,376,176,AC31ADF4,0,1,1,4294967295,0,0
SpikeU,480,448,B344E3D5,0,1,1,4294967295,0,0
SpikeU,448,352,28AD0C2A,0,1,1,4294967295,0,0
SpikeR,448,480,9FBB85FD,0,1,1,4294967295,0,0
SpikeU,400,448,31E504CF,0,1,1,4294967295,0,0
SpikeD,384,448,D648BD60,0,1,1,4294967295,0,0
SpikeR,384,544,AD32D786,0,1,1,4294967295,0,0
SpikeU,352,512,44DCCC22,0,1,1,4294967295,0,0
SpikeU,576,128,66FEF35B,0,1,1,4294967295,0,0
SpikeU,656,528,2BB19579,0,1,1,4294967295,0,0
SpikeU,624,560,D6473F95,0,1,1,4294967295,0,0
SpikeD,624,592,E6996A8C,0,1,1,4294967295,0,0
SpikeD,656,560,11EF75DC,0,1,1,4294967295,0,0
SpikeD,272,496,C7FAC7C2,0,1,1,4294967295,0,0
SpikeU,272,464,28512061,0,1,1,4294967295,0,0
SpikeR,288,384,95600723,0,1,1,4294967295,0,0
SpikeL,176,512,9BA74892,0,1,1,4294967295,0,0
SpikeR,208,512,46F904B4,0,1,1,4294967295,0,0
SpikeR,144,464,A335AC3B,0,1,1,4294967295,0,0
SpikeL,112,464,C147F870,0,1,1,4294967295,0,0
SpikeU,112,544,A61492E5,0,1,1,4294967295,0,0
MiniSpikeUp,144,560,12E8A1AE,0,1,1,4294967295,0,0
MiniSpikeUp,96,560,E2B5A01B,0,1,1,4294967295,0,0
SpikeL,192,432,FB1A6918,0,1,1,4294967295,0,0
SpikeR,224,432,96DEB96C,0,1,1,4294967295,0,0
SpikeU,352,384,FB934001,0,1,1,4294967295,0,0
SpikeR,128,384,FC054E44,0,1,1,4294967295,0,0
SpikeU,96,352,F0552119,0,1,1,4294967295,0,0
SpikeL,112,288,B2144958,0,1,1,4294967295,0,0
SpikeU,64,320,854B71E9,0,1,1,4294967295,0,0
SpikeR,64,256,FCD8CA8D,0,1,1,4294967295,0,0
SpikeR,144,288,E0EE4CC9,0,1,1,4294967295,0,0
SpikeU,192,224,5AA16D51,0,1,1,4294967295,0,0
SpikeD,144,208,C8848526,0,1,1,4294967295,0,0
SpikeU,144,176,E50414FA,0,1,1,4294967295,0,0
SpikeU,0,96,DE100EF7,0,1,1,4294967295,0,0
SpikeU,224,352,3D4FBD5C,0,1,1,4294967295,0,0
SpikeU,256,320,0C30ED8A,0,1,1,4294967295,0,0
SpikeU,288,320,AA20E122,0,1,1,4294967295,0,0
SpikeD,32,160,6F3FF49C,0,1,1,4294967295,0,0
SpikeR,64,128,E4373AA0,0,1,1,4294967295,0,0
SpikeU,32,192,5254A152,0,1,1,4294967295,0,0
SpikeR,64,224,E8E9BD1A,0,1,1,4294967295,0,0
SpikeL,64,48,82041672,0,1,1,4294967295,0,0
SpikeR,96,48,A801147F,0,1,1,4294967295,0,0
SpikeL,112,-16,C3AABDDF,0,1,1,4294967295,0,0
SpikeR,144,-16,A15163B2,0,1,1,4294967295,0,0
MiniSpikeUp,128,80,8505F498,0,1,1,4294967295,0,0
MiniSpikeUp,144,80,A3405D3C,0,1,1,4294967295,0,0
SpikeR,96,416,89DDFE96,0,1,1,4294967295,0,0
SpikeU,32,352,A3125480,0,1,1,4294967295,0,0
SpikeR,0,288,98B1367F,0,1,1,4294967295,0,0
MiniSpikeDown,416,320,9652C253,0,1,1,4294967295,0,0
MiniSpikeDown,432,320,DA25C38F,0,1,1,4294967295,0,0
MiniSpikeDown,448,320,68518544,0,1,1,4294967295,0,0
WallJumpR,352,192,EBBA7CE2,0,1,1,4294967295,0,0
WallJumpL,448,192,D35C146F,0,1,1,4294967295,0,0
WallJumpR,640,320,4ECD7AAC,0,1,1,4294967295,0,0
WallJumpR,768,384,FEE42115,0,1,1,4294967295,0,0
WallJumpR,448,384,B5B3F7CF,0,1,1,4294967295,0,0
WallJumpL,128,96,BFFD8080,0,1,1,4294967295,0,0
CherryCyan,416,224,EB406309,0,1,1,4294967295,0,0
CherryCyan,432,192,9C4491A1,0,1,1,4294967295,0,0
Platform,304,64,3DB42844,0,0.5,4,4294967295,0,0
Platform,544,96,65983A5C,0,0.5,2,4294967295,0,0
CherryCyan,672,192,A52AACCD,0,1,1,4294967295,0,0
Platform,688,160,E0414204,0,1,4,4294967295,0,0
Platform,640,480,6E887348,0,0.5,1,4294967295,0,0
CherryCyan,672,464,175E164C,0,1,1,4294967295,0,0
CherryCyan,576,464,FF936C7D,0,1,1,4294967295,0,0
CherryCyan,496,272,6E2B62BE,0,1,1,4294967295,0,0
CherryCyan,608,368,7B0B7CFB,0,1,1,4294967295,0,0
CherryCyan,720,80,1571C4A6,0,1,1,4294967295,0,0
CherryCyan,336,464,C8B01F02,0,1,1,4294967295,0,0
CherryCyan,584,496,1DF61ED2,0,1,1,4294967295,0,0
Platform,240,496,371140B6,0,1,2,4294967295,0,0
Platform,128,416,65C747A2,0,1,1,4294967295,0,0
CherryCyan,176,448,B15E03A4,0,1,1,4294967295,0,0
CherryCyan,272,144,06E96AE8,0,1,1,4294967295,0,0
CherryCyan,336,368,C60E1464,0,1,1,4294967295,0,0
Platform,32,80,CFCB1650,0,1,3,4294967295,0,0
CherryCyan,208,368,2FBCC5D2,0,1,1,4294967295,0,0
CherryCyan,192,336,D0C9F676,0,1,1,4294967295,0,0
CherryCyan,192,144,A3058F8D,0,1,1,4294967295,0,0
CherryCyan,208,160,DB876AE4,0,1,1,4294967295,0,0
TextDraw,544,256,2480B817,0,1,1,4294967295,0,1
MusicPlayer,720,464,1CEBA015,0,1,1,4294967295,0,1
AutoSaver,416,256,6C95C7E8,0,1,1,4294967295,0,0
CherryCyan,496,368,B0D0FA06,0,1,1,4294967295,0,0
PlayerStart,416,256,285E84C6,0,1,1,4294967295,0,0
