background34_cookie,480,224,0,0,32,32,0,1,1,4294967295
background34_cookie,480,256,0,0,32,32,0,1,1,4294967295
background34_cookie,480,288,0,0,32,32,0,1,1,4294967295
background34_cookie,512,288,0,0,32,32,0,1,1,4294967295
background34_cookie,480,416,0,0,32,32,0,1,1,4294967295
background34_cookie,480,512,0,0,32,32,0,1,1,4294967295
background34_cookie,480,544,0,0,32,32,0,1,1,4294967295
background34_cookie,480,576,0,0,32,32,0,1,1,4294967295
background34_cookie,512,576,0,0,32,32,0,1,1,4294967295
background34_cookie,592,16,0,0,32,32,0,1,1,4294967295
background34_cookie,592,48,0,0,32,32,0,1,1,4294967295
background34_cookie,368,304,0,0,32,32,0,1,1,4294967295
background34_cookie,368,336,0,0,32,32,0,1,1,4294967295
background34_cookie,576,320,0,0,32,32,0,1,1,4294967295
background34_cookie,608,320,0,0,32,32,0,1,1,4294967295
background34_cookie,272,48,0,0,32,32,0,1,1,4294967295
background34_cookie,304,48,0,0,32,32,0,1,1,4294967295
background34_cookie,304,80,0,0,32,32,0,1,1,4294967295
background34_cookie,608,432,0,32,32,32,0,1,1,4294967295
background34_cookie,704,368,0,32,32,32,0,1,1,4294967295
background34_cookie,704,400,0,32,32,32,0,1,1,4294967295
background34_cookie,736,400,0,32,32,32,0,1,1,4294967295
background34_cookie,704,208,0,32,32,32,0,1,1,4294967295
background34_cookie,704,240,0,32,32,32,0,1,1,4294967295
background34_cookie,672,240,0,32,32,32,0,1,1,4294967295
background34_cookie,576,528,0,32,32,32,0,1,1,4294967295
background34_cookie,608,528,0,32,32,32,0,1,1,4294967295
background34_cookie,448,336,0,32,32,32,0,1,1,4294967295
background34_cookie,448,368,0,32,32,32,0,1,1,4294967295
background34_cookie,400,96,0,32,32,32,0,1,1,4294967295
background34_cookie,496,96,0,32,32,32,0,1,1,4294967295
background34_cookie,368,0,0,32,32,32,0,1,1,4294967295
background34_cookie,176,0,0,32,32,32,0,1,1,4294967295
background34_cookie,176,32,0,32,32,32,0,1,1,4294967295
background34_cookie,208,32,0,32,32,32,0,1,1,4294967295
background34_cookie,208,64,0,32,32,32,0,1,1,4294967295
background34_cookie,144,192,0,32,32,32,0,1,1,4294967295
background34_cookie,32,240,0,32,32,32,0,1,1,4294967295
background34_cookie,112,320,0,32,32,32,0,1,1,4294967295
background34_cookie,144,320,0,32,32,32,0,1,1,4294967295
background34_cookie,144,352,0,32,32,32,0,1,1,4294967295
background34_cookie,144,384,0,32,32,32,0,1,1,4294967295
background34_cookie,144,416,0,32,32,32,0,1,1,4294967295
background34_cookie,144,448,0,32,32,32,0,1,1,4294967295
background34_cookie,112,448,0,32,32,32,0,1,1,4294967295
background34_cookie,80,448,0,32,32,32,0,1,1,4294967295
background34_cookie,80,416,0,32,32,32,0,1,1,4294967295
background34_cookie,0,336,0,32,32,32,0,1,1,4294967295
background34_cookie,208,256,0,32,32,32,0,1,1,4294967295
background34_cookie,208,288,0,32,32,32,0,1,1,4294967295
background34_cookie,208,320,0,32,32,32,0,1,1,4294967295
background34_cookie,112,160,32,32,32,32,0,1,1,4294967295
background34_cookie,144,160,32,32,32,32,0,1,1,4294967295
background34_cookie,272,400,0,0,32,32,0,1,1,4294967295
background34_cookie,512,320,0,0,32,32,0,1,1,4294967295
