DepthCloud,16,64,F8EE6D56,0,1,1,4294967295,0,1
DepthShaderReset,176,400,B8EC92EF,0,1,1,4294967295,0,1
Autotiler,16,160,A193A50B,0,1,1,4294967295,0,1
Warp,96,48,EC33FA98,0,1,1,4294967295,0,1
Block,336,512,B2441B92,0,1,1,4294967295,0,0
Block,336,480,547DF36F,0,1,1,4294967295,0,0
Block,336,448,C6E2D8F7,0,1,1,4294967295,0,0
Block,96,176,BDEBC1D4,0,1,1,4294967295,0,0
Block,128,176,58C7C0B1,0,1,1,4294967295,0,0
Block,128,48,A5418DB1,0,1,1,4294967295,0,0
Block,688,448,5CD17449,0,1,1,4294967295,0,0
Block,160,48,E13E7CA6,0,1,1,4294967295,0,0
Block,160,176,D9D6DFD3,0,1,1,4294967295,0,0
Block,224,112,5837BD46,0,1,1,4294967295,0,0
Block,256,112,3F31C904,0,1,1,4294967295,0,0
Block,192,176,C61C5719,0,1,1,4294967295,0,0
Block,352,128,CE06BF79,0,1,1,4294967295,0,0
Block,320,-16,544DDF50,0,1,1,4294967295,0,0
Block,320,16,9BF90C63,0,1,1,4294967295,0,0
Block,560,96,27198CC4,0,1,1,4294967295,0,0
Block,496,-16,E2AA41C0,0,1,1,4294967295,0,0
Block,496,16,E0B3FC10,0,1,1,4294967295,0,0
Block,496,48,019E866A,0,1,1,4294967295,0,0
Block,768,160,2E327971,0,1,1,4294967295,0,0
Block,768,192,0229B18F,0,1,1,4294967295,0,0
Block,736,192,345CA70D,0,1,1,4294967295,0,0
Block,624,192,3A49462A,0,1,1,4294967295,0,0
Block,704,336,EAAC8E0E,0,1,1,4294967295,0,0
Block,736,336,5CC569D4,0,1,1,4294967295,0,0
Block,736,368,805247AF,0,1,1,4294967295,0,0
Block,560,496,4DF0767A,0,1,1,4294967295,0,0
Block,560,464,221C8126,0,1,1,4294967295,0,0
Block,688,576,6AAEBE89,0,1,1,4294967295,0,0
Block,688,480,FA13D680,0,1,1,4294967295,0,0
Block,656,480,D3367E9B,0,1,1,4294967295,0,0
Block,736,400,D4220AAA,0,1,1,4294967295,0,0
Block,656,448,27836FC0,0,1,1,4294967295,0,0
Block,624,448,8054D13C,0,1,1,4294967295,0,0
Block,560,432,B19B9E38,0,1,1,4294967295,0,0
Block,560,400,860E2268,0,1,1,4294967295,0,0
Block,432,192,FEED3763,0,1,1,4294967295,0,0
Block,464,192,27FD9940,0,1,1,4294967295,0,0
Block,496,192,3E2C72B6,0,1,1,4294967295,0,0
Block,448,496,F3FABA33,0,1,1,4294967295,0,0
Block,464,288,9826ECA8,0,1,1,4294967295,0,0
Block,416,384,7B2DE358,0,1,1,4294967295,0,0
Block,336,416,0EE4D2C0,0,1,1,4294967295,0,0
Block,288,240,719232FC,0,1,1,4294967295,0,0
Block,288,272,2E52B05C,0,1,1,4294967295,0,0
Block,160,288,4F674505,0,1,1,4294967295,0,0
Block,96,320,369B92BD,0,1,1,4294967295,0,0
Block,0,400,79B8AE87,0,1,1,4294967295,0,0
Block,64,464,3864AEC5,0,1,1,4294967295,0,0
Block,96,464,1F76F9E6,0,1,1,4294967295,0,0
Block,80,576,5AA6AF6E,0,1,1,4294967295,0,0
Block,48,576,4F74C8C9,0,1,1,4294967295,0,0
Block,256,144,A6E6D237,0,1,1,4294967295,0,0
Water2,320,112,9EC80562,0,1,1,4294967295,0,0
Water2,320,80,49EBF066,0,1,1,4294967295,0,0
Water2,320,48,C5DB33C9,0,1,1,4294967295,0,0
Water2,352,96,C2DDF4ED,0,1,1,4294967295,0,0
Water2,352,64,D6D5C908,0,1,1,4294967295,0,0
Water2,352,32,A83F99B1,0,1,1,4294967295,0,0
Water3,448,160,B9BF87A0,0,1,1,4294967295,0,0
Water2,480,160,C24B03F1,0,1,1,4294967295,0,0
Water2,704,208,3EE4276F,0,1,1,4294967295,0,0
Water2,704,240,59C4A490,0,1,1,4294967295,0,0
Water2,720,304,70443F5B,0,1,1,4294967295,0,0
Water2,768,400,F9F9CF4D,0,1,1,4294967295,0,0
Water2,768,368,46FC17CA,0,1,1,4294967295,0,0
Water2,768,336,8935D55D,0,1,1,4294967295,0,0
Water2,640,416,CA8F9C2F,0,1,1,4294967295,0,0
Water2,592,320,E658F1C6,0,1,1,4294967295,0,0
Water2,592,288,BAB38004,0,1,1,4294967295,0,0
Water3,528,368,4E32623F,0,1,1,4294967295,0,0
Water2,352,384,E96E0EE8,0,0.5,1,4294967295,0,0
Water2,352,352,BC1EF5B2,0,0.5,1,4294967295,0,0
Water2,256,288,B79CE054,0,1,1,4294967295,0,0
Water2,256,320,820F55B1,0,1,1,4294967295,0,0
Water2,256,352,7F5F1ECB,0,1,1,4294967295,0,0
Water2,160,320,A738CB18,0,1,1,4294967295,0,0
Water2,160,352,EBC76286,0,1,1,4294967295,0,0
Water2,64,400,2AD8391F,0,1,1,4294967295,0,0
Water2,64,432,9ADD7FA9,0,1,1,4294967295,0,0
Water2,192,400,B9F60510,0,1,1,4294967295,0,0
Water2,192,432,40509EF3,0,1,1,4294967295,0,0
Water2,192,464,F06B40C5,0,1,1,4294967295,0,0
Water2,128,496,9BF0E3D8,0,1,1,4294967295,0,0
SpikeD,336,544,6C45AEBE,0,1,1,4294967295,0,0
SpikeU,128,16,A236A6C5,0,1,1,4294967295,0,0
SpikeD,128,80,703AE31E,0,1,1,4294967295,0,0
SpikeU,128,144,EEE183C4,0,1,1,4294967295,0,0
SpikeL,320,256,9BBCAE9A,0,1,1,4294967295,0,0
SpikeD,96,256,E4AAB61A,0,1,1,4294967295,0,0
SpikeU,160,16,9F142177,0,1,1,4294967295,0,0
SpikeD,160,80,A69F2A42,0,1,1,4294967295,0,0
SpikeU,160,144,9F64A5B3,0,1,1,4294967295,0,0
SpikeL,288,16,D82ACA9A,0,1,1,4294967295,0,0
SpikeU,224,80,98DD4098,0,1,1,4294967295,0,0
SpikeU,240,48,2592901C,0,1,1,4294967295,0,0
SpikeU,256,80,5281F174,0,1,1,4294967295,0,0
SpikeR,320,272,B1D1ABAB,0,1,1,4294967295,0,0
SpikeR,384,128,96BF7A8C,0,1,1,4294967295,0,0
SpikeU,288,208,FA7371B5,0,1,1,4294967295,0,0
SpikeL,320,128,F23C4B60,0,1,1,4294967295,0,0
SpikeD,320,48,4FA23457,0,1,1,4294967295,0,0
SpikeR,352,16,05E601BC,0,1,1,4294967295,0,0
SpikeU,352,96,E0283283,0,1,1,4294967295,0,0
SpikeU,560,64,611B37FA,0,1,1,4294967295,0,0
SpikeL,464,32,EB9FEA98,0,1,1,4294967295,0,0
SpikeU,464,160,9B8DAE28,0,1,1,4294967295,0,0
SpikeL,432,96,1B4023CE,0,1,1,4294967295,0,0
SpikeR,496,96,CAB7BFB8,0,1,1,4294967295,0,0
SpikeD,560,128,87FCDC14,0,1,1,4294967295,0,0
SpikeU,768,128,F17CFC66,0,1,1,4294967295,0,0
SpikeU,736,160,ABEA1189,0,1,1,4294967295,0,0
SpikeL,704,192,6B218643,0,1,1,4294967295,0,0
SpikeU,704,304,45B0EB99,0,1,1,4294967295,0,0
SpikeD,704,272,43789073,0,1,1,4294967295,0,0
SpikeU,784,368,8C4E69C8,0,1,1,4294967295,0,0
SpikeD,784,400,E349CC78,0,1,1,4294967295,0,0
SpikeU,736,304,2AD179D8,0,1,1,4294967295,0,0
SpikeU,624,576,2F9A7BF0,0,1,1,4294967295,0,0
SpikeL,624,480,E33AC6E4,0,1,1,4294967295,0,0
SpikeD,560,528,71F76586,0,1,1,4294967295,0,0
SpikeU,656,576,4408F646,0,1,1,4294967295,0,0
SpikeL,704,400,AC7E08CD,0,1,1,4294967295,0,0
SpikeD,640,256,A92A857F,0,1,1,4294967295,0,0
SpikeD,656,384,9EA5A917,0,1,1,4294967295,0,0
SpikeU,656,416,74453AB4,0,1,1,4294967295,0,0
SpikeU,624,416,16FBD379,0,1,1,4294967295,0,0
SpikeR,592,336,29C578AF,0,1,1,4294967295,0,0
SpikeL,576,208,A129F631,0,1,1,4294967295,0,0
SpikeU,432,160,A816781A,0,1,1,4294967295,0,0
SpikeU,496,160,216EAEB3,0,1,1,4294967295,0,0
SpikeR,608,240,6ABD20DB,0,1,1,4294967295,0,0
SpikeL,560,288,3967B8D9,0,1,1,4294967295,0,0
SpikeU,448,464,EC4E904D,0,1,1,4294967295,0,0
SpikeR,560,368,368DCF4A,0,1,1,4294967295,0,0
SpikeR,496,288,C7E04A90,0,1,1,4294967295,0,0
SpikeL,496,368,51D4D4C7,0,1,1,4294967295,0,0
SpikeD,464,320,DC232A28,0,1,1,4294967295,0,0
SpikeL,432,288,13DDD2E8,0,1,1,4294967295,0,0
SpikeD,416,416,143088AF,0,1,1,4294967295,0,0
SpikeU,416,352,569B1F26,0,1,1,4294967295,0,0
SpikeU,336,384,C2B1174B,0,1,1,4294967295,0,0
SpikeD,336,352,2672C2A7,0,1,1,4294967295,0,0
SpikeD,288,304,C78CBB20,0,1,1,4294967295,0,0
SpikeL,256,272,2A3D1346,0,1,1,4294967295,0,0
SpikeR,256,368,55FF8ECF,0,1,1,4294967295,0,0
SpikeU,224,336,C1B12E72,0,1,1,4294967295,0,0
SpikeU,96,288,626DCDA4,0,1,1,4294967295,0,0
SpikeR,128,320,D8400B55,0,1,1,4294967295,0,0
SpikeL,32,464,CC95C368,0,1,1,4294967295,0,0
SpikeL,160,368,0E385954,0,1,1,4294967295,0,0
SpikeD,192,400,0A3ED477,0,1,1,4294967295,0,0
SpikeU,64,432,32DEB774,0,1,1,4294967295,0,0
SpikeD,64,400,8F154541,0,1,1,4294967295,0,0
SpikeU,96,432,FEA8262A,0,1,1,4294967295,0,0
SpikeL,192,480,2004101D,0,1,1,4294967295,0,0
SpikeR,112,576,02189A04,0,1,1,4294967295,0,0
SpikeU,128,464,84AF710E,0,1,1,4294967295,0,0
SpikeL,96,496,9B582F03,0,1,1,4294967295,0,0
SpikeU,80,544,96A20ED3,0,1,1,4294967295,0,0
WallJumpL,288,240,D783CA49,0,1,1,4294967295,0,0
WallJumpR,448,496,0F533AFF,0,1,1,4294967295,0,0
WallJumpL,416,384,95847EEF,0,1,1,4294967295,0,0
SpikeD,240,80,22BEA6C7,0,1,1,4294967295,0,0
Cherry,432,144,2C68342A,0,1,1,4294967295,0,0
Cherry,664,312,1F8EB187,0,1,1,4294967295,0,0
Cherry,248,240,51DD1FB8,0,1,1,4294967295,0,0
Cherry,400,432,F7B535AE,0,1,1,4294967295,0,0
Cherry,272,256,67C661DA,0,1,1,4294967295,0,0
Cherry,224,224,1B8D34C7,0,1,1,4294967295,0,0
Cherry,32,512,5CF76621,0,1,1,4294967295,0,0
Cherry,400,272,45B3551C,0,1,1,4294967295,0,0
Cherry,416,240,1C73B833,0,1,1,4294967295,0,0
Cherry,400,208,CDE6030F,0,1,1,4294967295,0,0
Cherry,416,176,39838C61,0,1,1,4294967295,0,0
Cherry,768,512,6EFA7CE9,0,1,1,4294967295,0,0
Cherry,736,464,7C081EAF,0,1,1,4294967295,0,0
Cherry,544,304,82D5277D,0,1,1,4294967295,0,0
TextDraw,656,96,B75E1529,0,1,1,4294967295,0,1
Skinner,384,224,3C72E41A,0,1,1,4294967295,0,1
Platform,352,160,2345EFDA,0,1,1,4294967295,0,0
Platform,464,64,F3DE9624,0,1,1,4294967295,0,0
SavePointVeryHard,624,160,81B633EC,0,1,1,4294967295,0,0
SavePointVeryHard,464,256,09CB2A68,0,1,1,4294967295,0,0
SavePointVeryHard,48,544,E291C65D,0,1,1,4294967295,0,0
AutoSaver,48,544,FDDE18D4,0,1,1,4294967295,0,0
PlayerStart,48,544,9CEC2FD5,0,1,1,4294967295,0,0
