background106_block,16,48,0,0,32,32,0,1,1,4294967295
background107_miniblock,704,208,0,0,16,16,0,1,1,4294967295
background107_miniblock,704,224,0,0,16,16,0,1,1,4294967295
background107_miniblock,768,144,0,0,16,16,0,1,1,4294967295
background107_miniblock,784,144,0,0,16,16,0,1,1,4294967295
background107_miniblock,784,128,0,0,16,16,0,1,1,4294967295
background107_miniblock,512,368,0,0,16,16,0,1,1,4294967295
background107_miniblock,512,384,0,0,16,16,0,1,1,4294967295
background107_miniblock,512,400,0,0,16,16,0,1,1,4294967295
background107_miniblock,512,416,0,0,16,16,0,1,1,4294967295
background107_miniblock,512,432,0,0,16,16,0,1,1,4294967295
background107_miniblock,512,448,0,0,16,16,0,1,1,4294967295
background107_miniblock,720,80,0,0,16,16,0,1,1,4294967295
background107_miniblock,736,80,0,0,16,16,0,1,1,4294967295
background107_miniblock,432,576,0,0,16,16,0,1,1,4294967295
background107_miniblock,432,592,0,0,16,16,0,1,1,4294967295
background109,80,32,0,0,64,64,0,1,1,4294967295
