background106_block,16,48,0,0,32,32,0,1,1,4294967295
background109,16,528,0,0,64,64,0,1,1,4294967295
background107_miniblock,96,0,0,0,16,16,0,1,1,4294967295
background107_miniblock,96,16,0,0,16,16,0,1,1,4294967295
background107_miniblock,96,32,0,0,16,16,0,1,1,4294967295
background107_miniblock,128,64,0,0,16,16,0,1,1,4294967295
background107_miniblock,128,80,0,0,16,16,0,1,1,4294967295
background107_miniblock,128,96,0,0,16,16,0,1,1,4294967295
background107_miniblock,128,112,0,0,16,16,0,1,1,4294967295
background107_miniblock,128,192,0,0,16,16,0,1,1,4294967295
background107_miniblock,128,208,0,0,16,16,0,1,1,4294967295
background107_miniblock,128,224,0,0,16,16,0,1,1,4294967295
background107_miniblock,128,240,0,0,16,16,0,1,1,4294967295
background107_miniblock,128,256,0,0,16,16,0,1,1,4294967295
background107_miniblock,112,256,0,0,16,16,0,1,1,4294967295
background107_miniblock,144,256,0,0,16,16,0,1,1,4294967295
background107_miniblock,144,272,0,0,16,16,0,1,1,4294967295
background107_miniblock,144,288,0,0,16,16,0,1,1,4294967295
background107_miniblock,176,304,0,0,16,16,0,1,1,4294967295
background107_miniblock,192,304,0,0,16,16,0,1,1,4294967295
background107_miniblock,192,160,0,0,16,16,0,1,1,4294967295
background107_miniblock,192,176,0,0,16,16,0,1,1,4294967295
background107_miniblock,336,272,0,0,16,16,0,1,1,4294967295
background107_miniblock,336,288,0,0,16,16,0,1,1,4294967295
background107_miniblock,320,288,0,0,16,16,0,1,1,4294967295
background107_miniblock,320,368,0,0,16,16,0,1,1,4294967295
background107_miniblock,320,384,0,0,16,16,0,1,1,4294967295
background107_miniblock,384,368,0,0,16,16,0,1,1,4294967295
background107_miniblock,384,384,0,0,16,16,0,1,1,4294967295
background107_miniblock,352,432,0,0,16,16,0,1,1,4294967295
background107_miniblock,352,448,0,0,16,16,0,1,1,4294967295
background107_miniblock,352,464,0,0,16,16,0,1,1,4294967295
background107_miniblock,208,416,0,0,16,16,0,1,1,4294967295
background107_miniblock,224,416,0,0,16,16,0,1,1,4294967295
background107_miniblock,144,496,0,0,16,16,0,1,1,4294967295
background107_miniblock,160,496,0,0,16,16,0,1,1,4294967295
background107_miniblock,176,496,0,0,16,16,0,1,1,4294967295
background107_miniblock,192,496,0,0,16,16,0,1,1,4294967295
background107_miniblock,192,480,0,0,16,16,0,1,1,4294967295
background107_miniblock,192,464,0,0,16,16,0,1,1,4294967295
background107_miniblock,112,448,0,0,16,16,0,1,1,4294967295
background107_miniblock,112,464,0,0,16,16,0,1,1,4294967295
background107_miniblock,160,560,0,0,16,16,0,1,1,4294967295
background107_miniblock,160,576,0,0,16,16,0,1,1,4294967295
background107_miniblock,416,544,0,0,16,16,0,1,1,4294967295
background107_miniblock,416,560,0,0,16,16,0,1,1,4294967295
background107_miniblock,416,576,0,0,16,16,0,1,1,4294967295
background107_miniblock,416,592,0,0,16,16,0,1,1,4294967295
background107_miniblock,448,480,0,0,16,16,0,1,1,4294967295
background107_miniblock,464,480,0,0,16,16,0,1,1,4294967295
background107_miniblock,480,480,0,0,16,16,0,1,1,4294967295
background107_miniblock,480,400,0,0,16,16,0,1,1,4294967295
background107_miniblock,480,416,0,0,16,16,0,1,1,4294967295
background107_miniblock,480,432,0,0,16,16,0,1,1,4294967295
background107_miniblock,432,368,0,0,16,16,0,1,1,4294967295
background107_miniblock,448,368,0,0,16,16,0,1,1,4294967295
background107_miniblock,624,512,0,0,16,16,0,1,1,4294967295
background107_miniblock,624,528,0,0,16,16,0,1,1,4294967295
background107_miniblock,640,80,0,0,16,16,0,1,1,4294967295
background107_miniblock,656,80,0,0,16,16,0,1,1,4294967295
background107_miniblock,256,96,0,0,16,16,0,1,1,4294967295
background107_miniblock,256,112,0,0,16,16,0,1,1,4294967295
background107_miniblock,256,128,0,0,16,16,0,1,1,4294967295
background107_miniblock,448,80,0,0,16,16,0,1,1,4294967295
background107_miniblock,432,80,0,0,16,16,0,1,1,4294967295
background107_miniblock,544,224,0,0,16,16,0,1,1,4294967295
background107_miniblock,544,240,0,0,16,16,0,1,1,4294967295
background107_miniblock,544,256,0,0,16,16,0,1,1,4294967295
background107_miniblock,544,272,0,0,16,16,0,1,1,4294967295
background107_miniblock,544,288,0,0,16,16,0,1,1,4294967295
background107_miniblock,544,304,0,0,16,16,0,1,1,4294967295
background107_miniblock,544,320,0,0,16,16,0,1,1,4294967295
background107_miniblock,544,336,0,0,16,16,0,1,1,4294967295
background107_miniblock,624,352,0,0,16,16,0,1,1,4294967295
background107_miniblock,640,352,0,0,16,16,0,1,1,4294967295
background107_miniblock,464,224,0,0,16,16,0,1,1,4294967295
background107_miniblock,448,224,0,0,16,16,0,1,1,4294967295
background107_miniblock,576,448,0,0,16,16,0,1,1,4294967295
background107_miniblock,576,464,0,0,16,16,0,1,1,4294967295
