SavePointVeryHard,576,64,52A77A72,0,1,1,4294967295,0,0
SavePointVeryHard,352,368,09421E61,0,1,1,4294967295,0,0
Autotiler,16,48,8DDA4626,0,1,1,4294967295,0,1
Warp,80,480,FDB72744,0,1,1,4294967295,0,0
Block,736,576,D753C465,0,1,1,4294967295,0,0
Block,48,336,C160E13A,0,1,1,4294967295,0,0
Block,80,368,42F90C1A,0,1,1,4294967295,0,0
Block,80,336,D631F4F9,0,1,1,4294967295,0,0
MiniBlock,160,576,EA8B5C33,0,1,1,4294967295,0,0
MiniBlock,160,560,F8223CAC,0,1,1,4294967295,0,0
Block,144,592,98117108,0,1,1,4294967295,0,0
Block,112,592,30401202,0,1,1,4294967295,0,0
MiniBlock,112,464,1EEE9219,0,1,1,4294967295,0,0
MiniBlock,112,448,D4A29654,0,1,1,4294967295,0,0
Block,112,480,8355E902,0,1,1,4294967295,0,0
Block,224,528,4DC703B4,0,1,1,4294967295,0,0
Block,304,592,C11763C8,0,1,1,4294967295,0,0
Block,304,560,9072C60C,0,1,1,4294967295,0,0
Block,336,576,569440B7,0,1,1,4294967295,0,0
Block,336,544,644DF73E,0,1,1,4294967295,0,0
Block,336,512,F0D7E212,0,1,1,4294967295,0,0
Block,336,480,5AC71FA2,0,1,1,4294967295,0,0
MiniBlock,352,464,7EFA68D1,0,1,1,4294967295,0,0
MiniBlock,352,448,E143DE16,0,1,1,4294967295,0,0
MiniBlock,352,432,211F5703,0,1,1,4294967295,0,0
Block,304,528,128494FA,0,1,1,4294967295,0,0
MiniBlock,192,480,05E01464,0,1,1,4294967295,0,0
MiniBlock,192,464,7A50C4DB,0,1,1,4294967295,0,0
MiniBlock,192,496,A6BB7E0B,0,1,1,4294967295,0,0
MiniBlock,176,496,189CBFC1,0,1,1,4294967295,0,0
MiniBlock,160,496,C9AD8483,0,1,1,4294967295,0,0
MiniBlock,144,496,BB403FC0,0,1,1,4294967295,0,0
Block,224,432,6B04129B,0,1,1,4294967295,0,0
Block,256,432,724122CB,0,1,1,4294967295,0,0
Block,304,336,BB5719E4,0,1,1,4294967295,0,0
Block,320,304,EA1BB315,0,1,1,4294967295,0,0
MiniBlock,320,384,049C63C0,0,1,1,4294967295,0,0
MiniBlock,320,368,B121572E,0,1,1,4294967295,0,0
MiniBlock,320,288,99650854,0,1,1,4294967295,0,0
MiniBlock,208,416,00A408B1,0,1,1,4294967295,0,0
MiniBlock,224,416,43EE0104,0,1,1,4294967295,0,0
Block,240,400,DD16BD7F,0,1,1,4294967295,0,0
Block,240,368,6F92C2C0,0,1,1,4294967295,0,0
Block,208,384,2EEDCEB1,0,1,1,4294967295,0,0
Block,176,400,29884988,0,1,1,4294967295,0,0
MiniBlock,144,256,D5F28985,0,1,1,4294967295,0,0
MiniBlock,192,304,348666C4,0,1,1,4294967295,0,0
MiniBlock,176,304,EBD58D0F,0,1,1,4294967295,0,0
Block,208,288,115BD7F1,0,1,1,4294967295,0,0
Block,208,256,2B3871F9,0,1,1,4294967295,0,0
MiniBlock,144,288,11C4BFB0,0,1,1,4294967295,0,0
MiniBlock,144,272,D8F0DAB0,0,1,1,4294967295,0,0
Block,112,272,951658A8,0,1,1,4294967295,0,0
MiniBlock,128,256,70629476,0,1,1,4294967295,0,0
MiniBlock,128,240,4A10CF10,0,1,1,4294967295,0,0
MiniBlock,128,224,5987D87E,0,1,1,4294967295,0,0
MiniBlock,128,208,69198BC3,0,1,1,4294967295,0,0
MiniBlock,128,192,55F3912C,0,1,1,4294967295,0,0
MiniBlock,112,256,9A6E7F6A,0,1,1,4294967295,0,0
Block,112,160,977C5755,0,1,1,4294967295,0,0
Block,64,128,AB833872,0,1,1,4294967295,0,0
MiniBlock,128,112,1DD5C28D,0,1,1,4294967295,0,0
MiniBlock,128,96,09010DE3,0,1,1,4294967295,0,0
MiniBlock,128,80,987C96E8,0,1,1,4294967295,0,0
MiniBlock,128,64,B4F45CD5,0,1,1,4294967295,0,0
MiniBlock,96,32,F0FC03B3,0,1,1,4294967295,0,0
MiniBlock,96,16,D92D9D0B,0,1,1,4294967295,0,0
MiniBlock,96,0,4AD9823C,0,1,1,4294967295,0,0
MiniBlock,192,176,672DCBE5,0,1,1,4294967295,0,0
MiniBlock,192,160,04A3BA29,0,1,1,4294967295,0,0
Block,256,240,D6876AFD,0,1,1,4294967295,0,0
Block,256,208,48CF97AC,0,1,1,4294967295,0,0
Block,224,0,C00EBFB8,0,1,1,4294967295,0,0
Block,224,16,052DD0B0,0,1,1,4294967295,0,0
Block,224,48,E6D4C602,0,1,1,4294967295,0,0
Block,224,80,23F2DF27,0,1,1,4294967295,0,0
Block,288,48,47B82931,0,1,1,4294967295,0,0
Block,288,80,CF4708DC,0,1,1,4294967295,0,0
MiniBlock,256,128,6918385F,0,1,1,4294967295,0,0
MiniBlock,256,112,4DEDE10F,0,1,1,4294967295,0,0
MiniBlock,256,96,9E8D5F4E,0,1,1,4294967295,0,0
Block,320,32,B2B56656,0,1,1,4294967295,0,0
Block,320,0,FA7A2E05,0,1,1,4294967295,0,0
Block,320,160,CAC5F42B,0,1,1,4294967295,0,0
MiniBlock,336,288,EFFD8DDC,0,1,1,4294967295,0,0
MiniBlock,336,272,2EA3BB9B,0,1,1,4294967295,0,0
Block,352,272,BD6D2A40,0,1,1,4294967295,0,0
Block,384,0,A066DCC6,0,1,1,4294967295,0,0
Block,384,96,71E928A1,0,1,1,4294967295,0,0
MiniBlock,448,80,5815573D,0,1,1,4294967295,0,0
MiniBlock,432,80,C378E90C,0,1,1,4294967295,0,0
Block,480,48,C776DBA1,0,1,1,4294967295,0,0
Block,480,80,2435A770,0,1,1,4294967295,0,0
Block,752,320,E371294C,0,1,1,4294967295,0,0
Block,736,112,E3017A1B,0,1,1,4294967295,0,0
Block,736,80,ADE488F2,0,1,1,4294967295,0,0
Block,544,96,125EA214,0,1,1,4294967295,0,0
Block,576,96,3A8B9416,0,1,1,4294967295,0,0
MiniBlock,640,80,22B1482C,0,1,1,4294967295,0,0
MiniBlock,656,80,4BC3A4DD,0,1,1,4294967295,0,0
Block,736,-16,8E654031,0,1,1,4294967295,0,0
Block,704,-16,4243FA65,0,1,1,4294967295,0,0
Block,736,48,A1D6BC4C,0,1,1,4294967295,0,0
Block,736,16,9A1B13A5,0,1,1,4294967295,0,0
Block,704,16,EFFE179E,0,1,1,4294967295,0,0
Block,640,96,36CFB15C,0,1,1,4294967295,0,0
Block,640,128,58348900,0,1,1,4294967295,0,0
Block,672,128,DA6B1D61,0,1,1,4294967295,0,0
Block,720,224,ACBD8608,0,1,1,4294967295,0,0
Block,640,240,3CE8668B,0,1,1,4294967295,0,0
Block,752,384,A17E4A5E,0,1,1,4294967295,0,0
Block,752,352,6F13D888,0,1,1,4294967295,0,0
MiniBlock,624,352,E7240C14,0,1,1,4294967295,0,0
MiniBlock,640,352,144E7704,0,1,1,4294967295,0,0
Block,640,272,4800F667,0,1,1,4294967295,0,0
Block,752,224,05BE121B,0,1,1,4294967295,0,0
Block,752,256,D909721E,0,1,1,4294967295,0,0
Block,720,256,61D7E5D4,0,1,1,4294967295,0,0
Block,688,336,FBD168BD,0,1,1,4294967295,0,0
Block,688,368,E9ECE6AC,0,1,1,4294967295,0,0
Block,672,448,C1941DE4,0,1,1,4294967295,0,0
Block,560,592,C3ACC3BD,0,1,1,4294967295,0,0
MiniBlock,416,592,0FBD3CD5,0,1,1,4294967295,0,0
MiniBlock,416,576,BA22FC01,0,1,1,4294967295,0,0
MiniBlock,416,560,565D481A,0,1,1,4294967295,0,0
MiniBlock,416,544,4A5425EB,0,1,1,4294967295,0,0
Block,464,576,6A87892D,0,1,1,4294967295,0,0
Block,496,592,B411F1EB,0,1,1,4294967295,0,0
MiniBlock,624,528,674D7030,0,1,1,4294967295,0,0
MiniBlock,624,512,C65FC82B,0,1,1,4294967295,0,0
MiniBlock,544,336,9DA4ADD0,0,1,1,4294967295,0,0
Block,544,352,143F3E7F,0,1,1,4294967295,0,0
Block,624,480,3F4D5AB3,0,1,1,4294967295,0,0
MiniBlock,576,464,2C85FB90,0,1,1,4294967295,0,0
MiniBlock,576,448,13491D25,0,1,1,4294967295,0,0
MiniBlock,544,320,BD9C7E54,0,1,1,4294967295,0,0
MiniBlock,544,304,52A6831A,0,1,1,4294967295,0,0
MiniBlock,544,288,E1A59AD1,0,1,1,4294967295,0,0
MiniBlock,544,272,F32C244E,0,1,1,4294967295,0,0
MiniBlock,544,256,62012797,0,1,1,4294967295,0,0
MiniBlock,544,240,BFC0CBAD,0,1,1,4294967295,0,0
MiniBlock,544,224,8E370EE9,0,1,1,4294967295,0,0
Block,496,560,9BF0715A,0,1,1,4294967295,0,0
Block,496,544,B61E5ECB,0,1,1,4294967295,0,0
Block,512,176,9E65FBDA,0,1,1,4294967295,0,0
Block,512,208,4D4D6156,0,1,1,4294967295,0,0
MiniBlock,464,224,86BD9C55,0,1,1,4294967295,0,0
MiniBlock,448,224,130C77E3,0,1,1,4294967295,0,0
Block,448,240,824FE1D1,0,1,1,4294967295,0,0
Block,512,448,3AB0492D,0,1,1,4294967295,0,0
Block,512,480,C8A73246,0,1,1,4294967295,0,0
MiniBlock,432,368,B1CBC46B,0,1,1,4294967295,0,0
MiniBlock,448,368,598891EA,0,1,1,4294967295,0,0
Block,384,240,350FEBB5,0,1,1,4294967295,0,0
Block,384,272,BF262731,0,1,1,4294967295,0,0
Block,464,560,BDE5F42F,0,1,1,4294967295,0,0
Block,400,512,5B5A165C,0,1,1,4294967295,0,0
MiniBlock,464,480,1F84EAFA,0,1,1,4294967295,0,0
MiniBlock,480,480,06DB6792,0,1,1,4294967295,0,0
MiniBlock,480,432,3A775AA3,0,1,1,4294967295,0,0
MiniBlock,480,416,4B97D86B,0,1,1,4294967295,0,0
MiniBlock,480,400,6FD2489F,0,1,1,4294967295,0,0
MiniBlock,448,480,7E505402,0,1,1,4294967295,0,0
Block,480,368,2F188FDE,0,1,1,4294967295,0,0
Block,432,336,2FEAD3E3,0,1,1,4294967295,0,0
MiniBlock,384,384,74FE69A9,0,1,1,4294967295,0,0
MiniBlock,384,368,91B22CF2,0,1,1,4294967295,0,0
Block,352,400,39F7EE6E,0,1,1,4294967295,0,0
Block,384,400,F83E60CA,0,1,1,4294967295,0,0
Block,752,288,0B47BFD4,0,1,1,4294967295,0,0
Block,464,448,B94F61C9,0,1,1,4294967295,0,0
Block,192,432,E56845C6,0,1,1,4294967295,0,0
Block,592,336,12D975F8,0,1,1,4294967295,0,0
Water2,192,48,98EB3407,0,1,1,4294967295,0,0
Water2,224,112,C61567F2,0,1,1,4294967295,0,0
Water2,384,32,2C07502C,0,1,1,4294967295,0,0
Water2,384,64,7F058C94,0,1,1,4294967295,0,0
Water2,448,96,75468ECF,0,1,1,4294967295,0,0
Water3,576,184,669E34C9,0,1,1,4294967295,0,0
Water3,576,216,293F1D29,0,1,1,4294967295,0,0
Water2,512,272,4317D248,0,1,1,4294967295,0,0
Water2,512,240,87874D46,0,1,1,4294967295,0,0
Water2,464,368,F9354058,0,0.5,0.5,4294967295,0,0
MiniSpikeLeft,96,448,E9CF695E,0,1,1,4294967295,0,0
SpikeU,736,544,F29351FB,0,1,1,4294967295,0,0
SpikeU,704,576,D11EB189,0,1,1,4294967295,0,0
MiniSpikeUp,768,208,284E4EE7,0,1,1,4294967295,0,0
MiniSpikeUp,48,320,667ACF63,0,1,1,4294967295,0,0
MiniSpikeUp,64,320,DB4EA0CB,0,1,1,4294967295,0,0
SpikeU,80,304,40D6CC8C,0,1,1,4294967295,0,0
SpikeL,16,336,636788DE,0,1,1,4294967295,0,0
SpikeL,48,368,438D4C8D,0,1,1,4294967295,0,0
SpikeD,80,400,D988E214,0,1,1,4294967295,0,0
MiniSpikeUp,160,544,A9AB1380,0,1,1,4294967295,0,0
SpikeU,112,560,7E5C488B,0,1,1,4294967295,0,0
MiniSpikeUp,272,480,D893E4E9,0,1,1,4294967295,0,0
MiniSpikeDown,272,496,702A9C42,0,1,1,4294967295,0,0
MiniSpikeUp,128,464,28C61219,0,1,1,4294967295,0,0
MiniSpikeUp,112,432,D8218DF1,0,1,1,4294967295,0,0
SpikeD,224,560,5A986A4B,0,1,1,4294967295,0,0
SpikeU,224,496,D6BA917A,0,1,1,4294967295,0,0
SpikeU,336,448,60AE6AD4,0,1,1,4294967295,0,0
SpikeU,304,496,E472A789,0,1,1,4294967295,0,0
SpikeU,176,464,35EB9762,0,1,1,4294967295,0,0
SpikeU,144,464,037283E1,0,1,1,4294967295,0,0
SpikeD,304,368,42EE942C,0,1,1,4294967295,0,0
SpikeU,256,400,C793D13E,0,1,1,4294967295,0,0
MiniSpikeDown,336,336,54F76AED,0,1,1,4294967295,0,0
MiniSpikeLeft,304,288,165E6E67,0,1,1,4294967295,0,0
MiniSpikeUp,320,272,98BFB843,0,1,1,4294967295,0,0
SpikeD,176,320,F7434BAC,0,1,1,4294967295,0,0
SpikeL,208,368,5117AD0A,0,1,1,4294967295,0,0
SpikeL,176,384,008B859C,0,1,1,4294967295,0,0
MiniSpikeUp,144,240,3D60E09A,0,1,1,4294967295,0,0
SpikeL,208,240,DA6E0D03,0,1,1,4294967295,0,0
SpikeU,176,272,F0531D42,0,1,1,4294967295,0,0
SpikeD,64,160,EB931E43,0,1,1,4294967295,0,0
SpikeU,112,128,4CB8E1F3,0,1,1,4294967295,0,0
MiniSpikeDown,96,48,F9C290EE,0,1,1,4294967295,0,0
MiniSpikeDown,128,128,2B7CCE7C,0,1,1,4294967295,0,0
MiniSpikeRight,112,0,A6FDCB25,0,1,1,4294967295,0,0
MiniSpikeUp,128,48,35C1E4FD,0,1,1,4294967295,0,0
SpikeL,160,160,56558FE8,0,1,1,4294967295,0,0
MiniSpikeUp,192,144,964CA7D0,0,1,1,4294967295,0,0
SpikeU,160,80,92B69E34,0,1,1,4294967295,0,0
SpikeR,208,160,75275810,0,1,1,4294967295,0,0
SpikeU,176,48,0685C032,0,1,1,4294967295,0,0
SpikeD,176,80,FD8DD882,0,1,1,4294967295,0,0
SpikeD,256,272,E1431B37,0,1,1,4294967295,0,0
SpikeR,288,240,C17972C4,0,1,1,4294967295,0,0
SpikeL,256,192,D176FA51,0,1,1,4294967295,0,0
MiniSpikeLeft,272,48,A64983A1,0,1,1,4294967295,0,0
SpikeU,288,16,87F16227,0,1,1,4294967295,0,0
SpikeD,288,112,5997EE4B,0,1,1,4294967295,0,0
SpikeD,320,64,60274E5B,0,1,1,4294967295,0,0
MiniSpikeUp,320,144,13CCF35C,0,1,1,4294967295,0,0
MiniSpikeUp,336,144,5BE63184,0,1,1,4294967295,0,0
MiniSpikeDown,320,192,97CE1B03,0,1,1,4294967295,0,0
MiniSpikeDown,336,192,301E60B0,0,1,1,4294967295,0,0
SpikeU,336,240,30807999,0,1,1,4294967295,0,0
SpikeL,352,96,403FA338,0,1,1,4294967295,0,0
SpikeR,384,80,9FB8A06E,0,1,1,4294967295,0,0
MiniSpikeUp,464,0,32326B60,0,1,1,4294967295,0,0
MiniSpikeDown,464,16,B5B93DE3,0,1,1,4294967295,0,0
SpikeL,384,112,84785201,0,1,1,4294967295,0,0
MiniSpikeUp,432,64,9DEC0CCC,0,1,1,4294967295,0,0
MiniSpikeUp,448,64,8AAB66B0,0,1,1,4294967295,0,0
SpikeU,544,0,142B9E38,0,1,1,4294967295,0,0
SpikeD,528,0,DA3ADEB0,0,1,1,4294967295,0,0
SpikeD,432,96,4C6AF1B4,0,1,1,4294967295,0,0
SpikeL,480,32,21E9DD67,0,1,1,4294967295,0,0
SpikeR,480,96,22CE327E,0,1,1,4294967295,0,0
SpikeU,544,64,E7731057,0,1,1,4294967295,0,0
MiniSpikeRight,592,464,2C478B60,0,1,1,4294967295,0,0
MiniSpikeUp,464,432,76B44FD9,0,1,1,4294967295,0,0
SpikeU,736,192,D84DC8A3,0,1,1,4294967295,0,0
MiniSpikeUp,720,208,250091B5,0,1,1,4294967295,0,0
SpikeL,672,0,018799F0,0,1,1,4294967295,0,0
MiniSpikeUp,640,64,EB61B166,0,1,1,4294967295,0,0
MiniSpikeUp,656,64,6035F479,0,1,1,4294967295,0,0
SpikeL,704,48,5F712E80,0,1,1,4294967295,0,0
SpikeU,672,96,5BF0348D,0,1,1,4294967295,0,0
SpikeL,592,320,64F4AAF4,0,1,1,4294967295,0,0
MiniSpikeRight,624,256,E594353D,0,1,1,4294967295,0,0
MiniSpikeLeft,608,256,8DD950A9,0,1,1,4294967295,0,0
SpikeR,672,144,6FACA613,0,1,1,4294967295,0,0
SpikeL,640,144,AD4682F1,0,1,1,4294967295,0,0
MiniSpikeRight,592,176,DB1EAECE,0,1,1,4294967295,0,0
MiniSpikeLeft,576,176,7D9023FE,0,1,1,4294967295,0,0
MiniSpikeLeft,576,240,A8EA9B53,0,1,1,4294967295,0,0
MiniSpikeRight,592,240,A470D877,0,1,1,4294967295,0,0
SpikeR,640,224,13D69F16,0,1,1,4294967295,0,0
MiniSpikeDown,752,416,E04E1656,0,1,1,4294967295,0,0
MiniSpikeRight,720,336,463533F1,0,1,1,4294967295,0,0
SpikeL,656,368,592395D4,0,1,1,4294967295,0,0
SpikeL,688,256,B83C6EDA,0,1,1,4294967295,0,0
SpikeR,688,320,7B45495C,0,1,1,4294967295,0,0
SpikeL,688,384,D73BC28B,0,1,1,4294967295,0,0
SpikeU,624,448,8DD78518,0,1,1,4294967295,0,0
SpikeR,704,448,00B499EB,0,1,1,4294967295,0,0
SpikeD,672,480,959C68E0,0,1,1,4294967295,0,0
MiniSpikeDown,400,544,01DC645F,0,1,1,4294967295,0,0
MiniSpikeRight,640,528,C4BEDFA9,0,1,1,4294967295,0,0
MiniSpikeRight,640,512,C93EB0D8,0,1,1,4294967295,0,0
MiniSpikeUp,560,336,6705BF56,0,1,1,4294967295,0,0
SpikeL,544,368,05449B04,0,1,1,4294967295,0,0
MiniSpikeLeft,608,480,64814A53,0,1,1,4294967295,0,0
SpikeU,560,560,1E8D6D6B,0,1,1,4294967295,0,0
MiniSpikeUp,576,432,1D0A1787,0,1,1,4294967295,0,0
SpikeD,560,480,5DB4AFCF,0,1,1,4294967295,0,0
SpikeU,560,448,C7D14A73,0,1,1,4294967295,0,0
MiniSpikeUp,544,208,32D4602A,0,1,1,4294967295,0,0
MiniSpikeRight,528,336,84ADE8BF,0,1,1,4294967295,0,0
MiniSpikeLeft,512,336,AEB82E00,0,1,1,4294967295,0,0
MiniSpikeUp,448,208,D7E9C2CC,0,1,1,4294967295,0,0
MiniSpikeUp,464,208,F5967DA8,0,1,1,4294967295,0,0
SpikeL,512,160,5CD727AF,0,1,1,4294967295,0,0
SpikeD,512,240,39F1AD13,0,1,1,4294967295,0,0
SpikeL,480,208,81BB5284,0,1,1,4294967295,0,0
MiniSpikeDown,464,272,4F477174,0,1,1,4294967295,0,0
MiniSpikeDown,448,272,381B7A8C,0,1,1,4294967295,0,0
SpikeL,512,432,576ED613,0,1,1,4294967295,0,0
SpikeR,512,496,84E01B58,0,1,1,4294967295,0,0
SpikeL,464,544,93B96CF9,0,1,1,4294967295,0,0
SpikeR,384,224,6BB3F2FE,0,1,1,4294967295,0,0
SpikeU,400,480,EC3F6B54,0,1,1,4294967295,0,0
MiniSpikeUp,448,464,9DD0389F,0,1,1,4294967295,0,0
SpikeU,480,336,4D926F15,0,1,1,4294967295,0,0
SpikeR,432,320,F69222F8,0,1,1,4294967295,0,0
SpikeL,384,288,9E896B22,0,1,1,4294967295,0,0
MiniSpikeUp,400,384,36D003C9,0,1,1,4294967295,0,0
MiniSpikeUp,384,352,B6730261,0,1,1,4294967295,0,0
MiniSpikeDown,432,384,08FFC2DE,0,1,1,4294967295,0,0
MiniSpikeRight,416,400,05E4275C,0,1,1,4294967295,0,0
WallJumpR,304,528,FE290AFC,0,1,1,4294967295,0,0
WallJumpR,176,400,3FCB28B4,0,1,1,4294967295,0,0
WallJumpR,320,160,EE0E11D7,0,1,1,4294967295,0,0
WallJumpR,384,0,A199D7F8,0,1,1,4294967295,0,0
WallJumpL,672,128,A693F67C,0,1,1,4294967295,0,0
WallJumpL,640,240,4D0D4988,0,1,1,4294967295,0,0
WallJumpL,688,368,421EAEF6,0,1,1,4294967295,0,0
WallJumpL,640,272,CD3F3A35,0,1,1,4294967295,0,0
WallJumpL,496,560,2CE21F8D,0,1,1,4294967295,0,0
WallJumpL,448,240,B282C48E,0,1,1,4294967295,0,0
Cherry,784,432,DF334D9A,0,1,1,4294967295,0,0
Cherry,16,320,5B6C8C02,0,1,1,4294967295,0,0
Cherry,336,416,DF768182,0,1,1,4294967295,0,0
Cherry,256,320,D779C963,0,1,1,4294967295,0,0
Cherry,384,192,E7A2D750,0,1,1,4294967295,0,0
Cherry,624,112,B2866D3B,0,1,1,4294967295,0,0
Skinner,0,16,7A9B60F6,0,1,1,4294967295,0,1
MusicPlayer,-16,24,C348C7F8,0,1,1,4294967295,0,1
Platform,352,0,BAA0F933,0,1,1,4294967295,0,0
Platform,736,288,7E745492,0,0.5,1,4294967295,0,0
Platform,624,544,31224FB0,0,1,1,4294967295,0,0
Platform,480,240,C4A65ED7,0,1,1,4294967295,0,0
PlayerStart,352,368,786FB092,0,1,1,4294967295,0,0
