background36_block,64,112,0,32,32,32,0,1,1,4294967295
background36_block,96,112,0,32,32,32,0,1,1,4294967295
background36_block,128,112,0,32,32,32,0,1,1,4294967295
background36_block,160,112,0,32,32,32,0,1,1,4294967295
background36_block,192,112,0,32,32,32,0,1,1,4294967295
background36_block,224,112,0,32,32,32,0,1,1,4294967295
background36_block,224,144,0,32,32,32,0,1,1,4294967295
background36_block,224,176,0,32,32,32,0,1,1,4294967295
background36_block,224,208,0,32,32,32,0,1,1,4294967295
background36_block,224,240,0,32,32,32,0,1,1,4294967295
background36_block,224,272,0,32,32,32,0,1,1,4294967295
background36_block,224,304,0,32,32,32,0,1,1,4294967295
background36_block,224,336,0,32,32,32,0,1,1,4294967295
background36_block,224,368,0,32,32,32,0,1,1,4294967295
background36_block,224,400,0,32,32,32,0,1,1,4294967295
background36_block,224,432,0,32,32,32,0,1,1,4294967295
background36_block,224,464,0,32,32,32,0,1,1,4294967295
background36_block,192,464,0,32,32,32,0,1,1,4294967295
background36_block,128,464,0,32,32,32,0,1,1,4294967295
background36_block,96,464,0,32,32,32,0,1,1,4294967295
background36_block,64,464,0,32,32,32,0,1,1,4294967295
background36_block,160,464,0,32,32,32,0,1,1,4294967295
background36_block,64,432,0,32,32,32,0,1,1,4294967295
background36_block,64,400,0,32,32,32,0,1,1,4294967295
background36_block,64,368,0,32,32,32,0,1,1,4294967295
background36_block,64,336,0,32,32,32,0,1,1,4294967295
background36_block,64,304,0,32,32,32,0,1,1,4294967295
background36_block,64,272,0,32,32,32,0,1,1,4294967295
background36_block,64,240,0,32,32,32,0,1,1,4294967295
background36_block,64,208,0,32,32,32,0,1,1,4294967295
background36_block,64,176,0,32,32,32,0,1,1,4294967295
background36_block,64,144,0,32,32,32,0,1,1,4294967295
background36_block,304,112,0,32,32,32,0,1,1,4294967295
background36_block,336,112,0,32,32,32,0,1,1,4294967295
background36_block,368,112,0,32,32,32,0,1,1,4294967295
background36_block,400,112,0,32,32,32,0,1,1,4294967295
background36_block,432,112,0,32,32,32,0,1,1,4294967295
background36_block,464,112,0,32,32,32,0,1,1,4294967295
background36_block,464,144,0,32,32,32,0,1,1,4294967295
background36_block,464,176,0,32,32,32,0,1,1,4294967295
background36_block,464,208,0,32,32,32,0,1,1,4294967295
background36_block,464,240,0,32,32,32,0,1,1,4294967295
background36_block,464,272,0,32,32,32,0,1,1,4294967295
background36_block,464,304,0,32,32,32,0,1,1,4294967295
background36_block,464,336,0,32,32,32,0,1,1,4294967295
background36_block,464,368,0,32,32,32,0,1,1,4294967295
background36_block,464,400,0,32,32,32,0,1,1,4294967295
background36_block,464,432,0,32,32,32,0,1,1,4294967295
background36_block,464,464,0,32,32,32,0,1,1,4294967295
background36_block,432,464,0,32,32,32,0,1,1,4294967295
background36_block,368,464,0,32,32,32,0,1,1,4294967295
background36_block,336,464,0,32,32,32,0,1,1,4294967295
background36_block,304,464,0,32,32,32,0,1,1,4294967295
background36_block,400,464,0,32,32,32,0,1,1,4294967295
background36_block,304,432,0,32,32,32,0,1,1,4294967295
background36_block,304,400,0,32,32,32,0,1,1,4294967295
background36_block,304,368,0,32,32,32,0,1,1,4294967295
background36_block,304,336,0,32,32,32,0,1,1,4294967295
background36_block,304,304,0,32,32,32,0,1,1,4294967295
background36_block,304,272,0,32,32,32,0,1,1,4294967295
background36_block,304,240,0,32,32,32,0,1,1,4294967295
background36_block,304,208,0,32,32,32,0,1,1,4294967295
background36_block,304,176,0,32,32,32,0,1,1,4294967295
background36_block,304,144,0,32,32,32,0,1,1,4294967295
background36_block,544,112,0,32,32,32,0,1,1,4294967295
background36_block,576,112,0,32,32,32,0,1,1,4294967295
background36_block,608,112,0,32,32,32,0,1,1,4294967295
background36_block,640,112,0,32,32,32,0,1,1,4294967295
background36_block,672,112,0,32,32,32,0,1,1,4294967295
background36_block,704,112,0,32,32,32,0,1,1,4294967295
background36_block,704,144,0,32,32,32,0,1,1,4294967295
background36_block,704,176,0,32,32,32,0,1,1,4294967295
background36_block,704,208,0,32,32,32,0,1,1,4294967295
background36_block,704,240,0,32,32,32,0,1,1,4294967295
background36_block,704,272,0,32,32,32,0,1,1,4294967295
background36_block,704,304,0,32,32,32,0,1,1,4294967295
background36_block,704,336,0,32,32,32,0,1,1,4294967295
background36_block,704,368,0,32,32,32,0,1,1,4294967295
background36_block,704,400,0,32,32,32,0,1,1,4294967295
background36_block,704,432,0,32,32,32,0,1,1,4294967295
background36_block,704,464,0,32,32,32,0,1,1,4294967295
background36_block,672,464,0,32,32,32,0,1,1,4294967295
background36_block,608,464,0,32,32,32,0,1,1,4294967295
background36_block,576,464,0,32,32,32,0,1,1,4294967295
background36_block,544,464,0,32,32,32,0,1,1,4294967295
background36_block,640,464,0,32,32,32,0,1,1,4294967295
background36_block,544,432,0,32,32,32,0,1,1,4294967295
background36_block,544,400,0,32,32,32,0,1,1,4294967295
background36_block,544,368,0,32,32,32,0,1,1,4294967295
background36_block,544,336,0,32,32,32,0,1,1,4294967295
background36_block,544,304,0,32,32,32,0,1,1,4294967295
background36_block,544,272,0,32,32,32,0,1,1,4294967295
background36_block,544,240,0,32,32,32,0,1,1,4294967295
background36_block,544,208,0,32,32,32,0,1,1,4294967295
background36_block,544,176,0,32,32,32,0,1,1,4294967295
background36_block,544,144,0,32,32,32,0,1,1,4294967295
