FileMenu,96,144,0003AE2C,0,1,1,4294967295,0,0
DefaultMenuBorderMaker,64,32,002034CF,0,1,1,4294967295,0,0
DisplayGlobalItem1,576,64,002B5CAA,0,1,1,4294967295,0,0
DisplayGlobalItem2,608,64,003BEEA6,0,1,1,4294967295,0,0
DisplayGlobalItem3,640,64,0004E366,0,1,1,4294967295,0,0
DisplayGlobalItem4,672,64,00118560,0,1,1,4294967295,0,0
RenexStarParticles,96,32,002C43A2,0,1,1,4294967295,0,0
object441,160,512,F437A53B,0,1,1,4294967295,0,0
object441,256,512,A2083A4E,0,1,1,4294967295,0,1
object441,352,512,26116F52,0,1,1,4294967295,0,1
object441,448,512,6C1A7B8F,0,1,1,4294967295,0,1
object441,544,512,7E2FB05F,0,1,1,4294967295,0,1
