background126_block,-32,272,0,0,32,32,0,1,1,4294967295
background128_80f,688,24,0,0,80,80,0,1,1,4294967295
background127_miniblock,176,208,0,0,16,16,0,1,1,4294967295
background127_miniblock,176,224,0,0,16,16,0,1,1,4294967295
background127_miniblock,176,240,0,0,16,16,0,1,1,4294967295
background127_miniblock,176,256,0,0,16,16,0,1,1,4294967295
background127_miniblock,240,256,0,0,16,16,0,1,1,4294967295
background127_miniblock,256,256,0,0,16,16,0,1,1,4294967295
background127_miniblock,128,144,0,0,16,16,0,1,1,4294967295
background127_miniblock,144,144,0,0,16,16,0,1,1,4294967295
background127_miniblock,112,304,0,0,16,16,0,1,1,4294967295
background127_miniblock,96,160,0,0,16,16,0,1,1,4294967295
background127_miniblock,80,160,0,0,16,16,0,1,1,4294967295
background127_miniblock,96,496,0,0,16,16,0,1,1,4294967295
background127_miniblock,112,496,0,0,16,16,0,1,1,4294967295
background127_miniblock,224,432,0,0,16,16,0,1,1,4294967295
background127_miniblock,224,448,0,0,16,16,0,1,1,4294967295
background127_miniblock,224,464,0,0,16,16,0,1,1,4294967295
background127_miniblock,224,480,0,0,16,16,0,1,1,4294967295
background127_miniblock,240,576,0,0,16,16,0,1,1,4294967295
background127_miniblock,240,592,0,0,16,16,0,1,1,4294967295
background127_miniblock,208,160,0,0,16,16,0,1,1,4294967295
background127_miniblock,208,176,0,0,16,16,0,1,1,4294967295
background127_miniblock,208,192,0,0,16,16,0,1,1,4294967295
background127_miniblock,376,368,0,0,16,16,0,1,1,4294967295
background127_miniblock,376,384,0,0,16,16,0,1,1,4294967295
background127_miniblock,376,400,0,0,16,16,0,1,1,4294967295
background127_miniblock,608,544,0,0,16,16,0,1,1,4294967295
background127_miniblock,608,560,0,0,16,16,0,1,1,4294967295
background127_miniblock,592,416,0,0,16,16,0,1,1,4294967295
background127_miniblock,592,432,0,0,16,16,0,1,1,4294967295
background127_miniblock,608,432,0,0,16,16,0,1,1,4294967295
background127_miniblock,608,592,0,0,16,16,0,1,1,4294967295
background127_miniblock,608,576,0,0,16,16,0,1,1,4294967295
background127_miniblock,656,464,0,0,16,16,0,1,1,4294967295
background127_miniblock,640,464,0,0,16,16,0,1,1,4294967295
background127_miniblock,608,448,0,0,16,16,0,1,1,4294967295
background127_miniblock,496,288,0,0,16,16,0,1,1,4294967295
background127_miniblock,512,288,0,0,16,16,0,1,1,4294967295
background127_miniblock,480,288,0,0,16,16,0,1,1,4294967295
background127_miniblock,480,304,0,0,16,16,0,1,1,4294967295
background127_miniblock,464,304,0,0,16,16,0,1,1,4294967295
background127_miniblock,592,240,0,0,16,16,0,1,1,4294967295
background127_miniblock,592,256,0,0,16,16,0,1,1,4294967295
background127_miniblock,576,256,0,0,16,16,0,1,1,4294967295
background127_miniblock,736,368,0,0,16,16,0,1,1,4294967295
background127_miniblock,752,368,0,0,16,16,0,1,1,4294967295
background126_block,360,416,0,0,32,32,0,1,1,4294967295
background127_miniblock,448,496,0,0,16,16,0,1,1,4294967295
