Autotiler,-32,272,A4139E3A,0,1,1,4294967295,0,1
Warp,352,224,2AD002A5,0,1,1,4294967295,0,0
Block,288,352,7B7F8BAB,0,1,1,4294967295,0,0
Block,320,352,EACF2793,0,1,1,4294967295,0,0
Block,320,320,3ADD32FD,0,1,1,4294967295,0,0
Block,192,208,8643E471,0,1,1,4294967295,0,0
MiniBlock,176,208,C778320F,0,1,1,4294967295,0,0
MiniBlock,176,224,E7232CA6,0,1,1,4294967295,0,0
MiniBlock,176,240,110A7072,0,1,1,4294967295,0,0
MiniBlock,176,256,8CCACD82,0,1,1,4294967295,0,0
MiniBlock,240,256,9DE6B81A,0,1,1,4294967295,0,0
MiniBlock,256,256,0A2B7201,0,1,1,4294967295,0,0
Block,272,240,7F2C8E57,0,1,1,4294967295,0,0
Block,144,16,83A33893,0,1,1,4294967295,0,0
Block,144,48,2A323BA1,0,1,1,4294967295,0,0
Block,144,80,5B4FF897,0,1,1,4294967295,0,0
Block,512,416,426FAC01,0,1,1,4294967295,0,0
Block,80,176,5DEF210E,0,1,1,4294967295,0,0
MiniBlock,128,144,9217C855,0,1,1,4294967295,0,0
MiniBlock,144,144,93DAA6F0,0,1,1,4294967295,0,0
MiniBlock,112,304,FCE51244,0,1,1,4294967295,0,0
Block,48,208,55E4F1C5,0,1,1,4294967295,0,0
Block,48,176,ED83022B,0,1,1,4294967295,0,0
Block,32,352,06AFF296,0,1,1,4294967295,0,0
Block,-16,240,AEF2A606,0,1,1,4294967295,0,0
Block,48,144,254B7381,0,1,1,4294967295,0,0
Block,0,32,8631F2A7,0,1,1,4294967295,0,0
Block,0,0,4C8A17DD,0,1,1,4294967295,0,0
Block,80,96,DCB7B88E,0,1,1,4294967295,0,0
Block,80,128,58FDCA5B,0,1,1,4294967295,0,0
MiniBlock,80,160,F579264D,0,1,1,4294967295,0,0
MiniBlock,96,160,7EC1F07B,0,1,1,4294967295,0,0
Block,192,368,EC1B9C35,0,1,1,4294967295,0,0
Block,144,336,F168536E,0,1,1,4294967295,0,0
Block,144,368,16E135F6,0,1,1,4294967295,0,0
MiniBlock,96,496,F90DEB07,0,1,1,4294967295,0,0
MiniBlock,112,496,1E853FC7,0,1,1,4294967295,0,0
Block,96,512,8170396B,0,1,1,4294967295,0,0
Block,176,528,7E71A834,0,1,1,4294967295,0,0
MiniBlock,224,432,0711FF05,0,1,1,4294967295,0,0
MiniBlock,224,448,168C449C,0,1,1,4294967295,0,0
MiniBlock,224,464,5F210746,0,1,1,4294967295,0,0
MiniBlock,224,480,47CAF891,0,1,1,4294967295,0,0
MiniBlock,240,576,9E05BFED,0,1,1,4294967295,0,0
MiniBlock,240,592,CE3679E9,0,1,1,4294967295,0,0
Block,304,496,37FEA731,0,1,1,4294967295,0,0
Block,368,560,312655D6,0,1,1,4294967295,0,0
Block,400,528,9A102DEE,0,1,1,4294967295,0,0
Block,400,560,B6803A8A,0,1,1,4294967295,0,0
Block,208,128,337D9205,0,1,1,4294967295,0,0
MiniBlock,208,160,428A6CFD,0,1,1,4294967295,0,0
MiniBlock,208,176,5AA4428D,0,1,1,4294967295,0,0
MiniBlock,208,192,9412E3D5,0,1,1,4294967295,0,0
Block,448,464,765DC62A,0,1,1,4294967295,0,0
MiniBlock,376,368,907F6AA6,0,1,1,4294967295,0,0
MiniBlock,376,384,DCC32A30,0,1,1,4294967295,0,0
MiniBlock,376,400,C5ACCB64,0,1,1,4294967295,0,0
Block,480,576,D9917058,0,1,1,4294967295,0,0
Block,464,320,39D13370,0,1,1,4294967295,0,0
Block,624,576,C0593194,0,1,1,4294967295,0,0
MiniBlock,608,544,C0DBF372,0,1,1,4294967295,0,0
MiniBlock,608,560,C79CE043,0,1,1,4294967295,0,0
MiniBlock,592,416,B1C8AE09,0,1,1,4294967295,0,0
MiniBlock,592,432,D1B549FE,0,1,1,4294967295,0,0
Block,576,304,D93EAE03,0,1,1,4294967295,0,0
MiniBlock,608,432,6EAB1D4C,0,1,1,4294967295,0,0
Block,672,448,D2E44E15,0,1,1,4294967295,0,0
Block,672,480,A702699D,0,1,1,4294967295,0,0
MiniBlock,608,576,D9C48B05,0,1,1,4294967295,0,0
MiniBlock,608,592,E927BD0B,0,1,1,4294967295,0,0
MiniBlock,656,464,0606F23D,0,1,1,4294967295,0,0
MiniBlock,640,464,D1628616,0,1,1,4294967295,0,0
MiniBlock,608,448,33F30F54,0,1,1,4294967295,0,0
Block,576,272,660361B7,0,1,1,4294967295,0,0
MiniBlock,592,240,D5BB4E01,0,1,1,4294967295,0,0
MiniBlock,592,256,BB9B6400,0,1,1,4294967295,0,0
Block,656,160,4D156BDF,0,1,1,4294967295,0,0
Block,656,192,6E943A76,0,1,1,4294967295,0,0
Block,464,160,FD4196C5,0,1,1,4294967295,0,0
Block,464,128,288F3CD4,0,1,1,4294967295,0,0
MiniBlock,496,288,5AE123DD,0,1,1,4294967295,0,0
MiniBlock,512,288,443CD6F2,0,1,1,4294967295,0,0
MiniBlock,480,288,49BCBB05,0,1,1,4294967295,0,0
MiniBlock,480,304,0D522D51,0,1,1,4294967295,0,0
MiniBlock,464,304,52FC848E,0,1,1,4294967295,0,0
Block,352,256,12D61AD3,0,1,1,4294967295,0,0
MiniBlock,576,256,713A00C4,0,1,1,4294967295,0,0
MiniBlock,752,368,F4EDCEB4,0,1,1,4294967295,0,0
Block,768,352,E625DC75,0,1,1,4294967295,0,0
MiniBlock,736,368,A72F4D72,0,1,1,4294967295,0,0
Block,736,288,136CB5D6,0,1,1,4294967295,0,0
Block,304,112,7512DE20,0,1,1,4294967295,0,0
Block,304,80,587CA00A,0,1,1,4294967295,0,0
Block,336,80,93EB6A38,0,1,1,4294967295,0,0
Block,240,32,2D1CA5C5,0,1,1,4294967295,0,0
Block,240,0,C2CBE64A,0,1,1,4294967295,0,0
Block,544,48,D57B0754,0,1,1,4294967295,0,0
Block,576,48,ED0C4E4F,0,1,1,4294967295,0,0
Block,608,48,AF2A8E38,0,1,1,4294967295,0,0
Block,608,16,7199C04D,0,1,1,4294967295,0,0
MiniBlock,360,416,E210B2B5,0,1,1,4294967295,0,0
MiniBlock,376,416,B4BF57DE,0,1,1,4294967295,0,0
MiniBlock,376,432,CEAE17A3,0,1,1,4294967295,0,0
MiniBlock,360,432,5F996AD2,0,1,1,4294967295,0,0
MiniBlock,448,496,5CA76F1B,0,1,1,4294967295,0,0
SavePointVeryHard,288,320,AE127973,0,1,1,4294967295,0,0
CatharsisWater,256,288,C0A74A68,0,0.5,1.5,4294967295,0,0
Water3,224,264,3C769A83,0,0.5,1,4294967295,0,0
Water2,128,256,10D22683,0,1.5,0.5,4294967295,0,0
CatharsisWater,96,240,00D98A56,0,1,1.5,4294967295,0,0
Water3,96,288,BE49A98D,0,0.5,2,4294967295,0,0
CatharsisWater,112,128,845160C6,0,0.5,1,4294967295,0,0
CatharsisWater,128,464,12DD33E3,0,0.5,4.5,4294967295,0,0
SavePointVeryHard,400,496,0E6B1F56,0,1,1,4294967295,0,0
Water2,480,464,C324063C,0,1,1,4294967295,0,0
Water2,608,464,633BB083,0,0.5,2.5,4294967295,0,0
CatharsisWater,440,320,7D84DBBD,0,0.5,1.75,4294967295,0,0
Water2,704,448,E7D3AF4C,0,1,1,4294967295,0,0
Water2,480,192,36E5398E,0,0.5,3,4294967295,0,0
Water3,496,160,BA3D739B,0,1,0.5,4294967295,0,0
Water1,608,304,C235ED77,0,1.5,1,4294967295,0,0
Water2,448,432,3207FF84,0,0.5,1,4294967295,0,0
SpikeL,256,320,15933070,0,1,1,4294967295,0,0
SpikeR,240,272,5CAF5EE6,0,1,1,4294967295,0,0
MiniSpikeLeft,224,288,E32F8A6A,0,1,1,4294967295,0,0
SpikeR,608,240,B8FA956D,0,1,1,4294967295,0,0
SpikeR,192,240,84EFE483,0,1,1,4294967295,0,0
MiniSpikeUp,464,288,E33148EA,0,1,1,4294967295,0,0
SpikeU,144,-16,CEB132C4,0,1,1,4294967295,0,0
SpikeD,656,304,DCB86054,0,1,1,4294967295,0,0
SpikeU,656,272,3F4F3B2F,0,1,1,4294967295,0,0
MiniSpikeLeft,224,256,9C2A833E,0,1,1,4294967295,0,0
SpikeR,128,240,AE6569F0,0,1,1,4294967295,0,0
SpikeL,96,272,7DB5B951,0,1,1,4294967295,0,0
SpikeD,80,208,F8B4D7EA,0,1,1,4294967295,0,0
SpikeD,128,160,08ED31C8,0,1,1,4294967295,0,0
SpikeD,48,240,8B51A296,0,1,1,4294967295,0,0
SpikeU,272,208,47A0D2BD,0,1,1,4294967295,0,0
SpikeU,320,288,D1A24DBC,0,1,1,4294967295,0,0
SpikeU,32,320,7A1D4241,0,1,1,4294967295,0,0
WallJumpR,32,352,0499CDD8,0,1,1,4294967295,0,0
WallJumpL,-16,240,5D6AF9EB,0,1,1,4294967295,0,0
SpikeD,-16,272,B3D3AC01,0,1,1,4294967295,0,0
SpikeU,-16,208,62B5DD4F,0,1,1,4294967295,0,0
SpikeD,48,96,FD686CB6,0,1,1,4294967295,0,0
MiniSpikeUp,64,112,878C325D,0,1,1,4294967295,0,0
SpikeR,32,32,D90212C1,0,1,1,4294967295,0,0
SpikeU,80,64,9B529E19,0,1,1,4294967295,0,0
SpikeL,112,16,0D8B005C,0,1,1,4294967295,0,0
SpikeU,96,320,F01200D1,0,1,1,4294967295,0,0
MiniSpikeDown,96,352,90FE5C1F,0,1,1,4294967295,0,0
MiniSpikeDown,112,352,3F2EB13F,0,1,1,4294967295,0,0
MiniSpikeLeft,128,96,BB176C82,0,1,1,4294967295,0,0
SpikeU,192,336,D5FEEC65,0,1,1,4294967295,0,0
MiniSpikeDown,576,336,98D7D2FD,0,1,1,4294967295,0,0
MiniSpikeUp,528,400,47A07D93,0,1,1,4294967295,0,0
MiniSpikeUp,512,400,4FE0C259,0,1,1,4294967295,0,0
SpikeU,144,304,D78B52E1,0,1,1,4294967295,0,0
SpikeR,96,384,ACFD2A32,0,1,1,4294967295,0,0
SpikeL,64,384,74A64203,0,1,1,4294967295,0,0
MiniSpikeLeft,224,384,C53578C5,0,1,1,4294967295,0,0
MiniSpikeRight,240,384,303B755C,0,1,1,4294967295,0,0
MiniSpikeLeft,256,400,1E67D8B4,0,1,1,4294967295,0,0
MiniSpikeRight,272,400,6B779E7A,0,1,1,4294967295,0,0
SpikeR,0,416,ECA60479,0,1,1,4294967295,0,0
SpikeU,96,464,EF5DB6C1,0,1,1,4294967295,0,0
SpikeL,64,496,E8F7FD78,0,1,1,4294967295,0,0
SpikeD,112,464,3E08E934,0,1,1,4294967295,0,0
WallJumpL,96,512,848AC00C,0,1,1,4294967295,0,0
SpikeU,176,496,66CDE5F4,0,1,1,4294967295,0,0
SpikeL,192,432,C23ABE5D,0,1,1,4294967295,0,0
WallJumpL,176,528,38E2F2CA,0,1,1,4294967295,0,0
WallJumpL,208,464,1C945B94,0,1,1,4294967295,0,0
MiniSpikeUp,224,416,ED26BCE6,0,1,1,4294967295,0,0
SpikeL,240,448,8F863A4D,0,1,1,4294967295,0,0
SpikeR,272,448,3C1D9804,0,1,1,4294967295,0,0
MiniSpikeUp,240,560,1E0C67CA,0,1,1,4294967295,0,0
WallJumpL,224,576,754DB94A,0,1,1,4294967295,0,0
SpikeU,304,464,BC03591D,0,1,1,4294967295,0,0
SpikeU,336,576,74922B95,0,1,1,4294967295,0,0
MiniSpikeUp,320,592,B7182F87,0,1,1,4294967295,0,0
MiniSpikeUp,304,592,FE390737,0,1,1,4294967295,0,0
SpikeU,176,176,E523CCD8,0,1,1,4294967295,0,0
SpikeU,208,96,F70821E6,0,1,1,4294967295,0,0
SpikeU,368,528,B8733CD0,0,1,1,4294967295,0,0
SpikeL,416,464,1431B023,0,1,1,4294967295,0,0
SpikeU,448,432,570A03DD,0,1,1,4294967295,0,0
MiniSpikeUp,376,352,77EE089D,0,1,1,4294967295,0,0
MiniSpikeUp,504,464,810BB75D,0,1,1,4294967295,0,0
MiniSpikeDown,504,480,8A85C373,0,1,1,4294967295,0,0
SpikeU,480,544,C4BA797B,0,1,1,4294967295,0,0
MiniSpikeRight,440,368,CD1E12EB,0,1,1,4294967295,0,0
SpikeL,432,304,237B3B18,0,1,1,4294967295,0,0
WallJumpL,480,576,D2F0221B,0,1,1,4294967295,0,0
MiniSpikeDown,512,448,E2ACF8BB,0,1,1,4294967295,0,0
MiniSpikeDown,592,448,C342CA49,0,1,1,4294967295,0,0
SpikeL,528,496,A0F62E1B,0,1,1,4294967295,0,0
SpikeR,560,496,0CF6D9F8,0,1,1,4294967295,0,0
MiniSpikeUp,608,528,DAC4F413,0,1,1,4294967295,0,0
MiniSpikeUp,640,560,DA7B9208,0,1,1,4294967295,0,0
WallJumpL,360,400,5F3DEA14,0,1,1,4294967295,0,0
MiniSpikeRight,416,304,6E6D04E2,0,1,1,4294967295,0,0
MiniSpikeLeft,400,304,A5E5DDD1,0,1,1,4294967295,0,0
MiniSpikeUp,592,400,17D19FB7,0,1,1,4294967295,0,0
MiniSpikeDown,592,336,EFED7A55,0,1,1,4294967295,0,0
SpikeD,608,336,860E23E7,0,1,1,4294967295,0,0
SpikeL,544,304,18AD61AA,0,1,1,4294967295,0,0
MiniSpikeUp,608,416,EACBF1A5,0,1,1,4294967295,0,0
SpikeU,672,416,5EB766AB,0,1,1,4294967295,0,0
WallJumpL,624,576,200C5AED,0,1,1,4294967295,0,0
SpikeD,720,480,1D4FA1C3,0,1,1,4294967295,0,0
SpikeU,720,448,8225E152,0,1,1,4294967295,0,0
SpikeU,640,432,5112E433,0,1,1,4294967295,0,0
MiniSpikeUp,624,560,DA8D6FC2,0,1,1,4294967295,0,0
MiniSpikeLeft,576,240,242F08AC,0,1,1,4294967295,0,0
MiniSpikeUp,592,224,AB11694A,0,1,1,4294967295,0,0
WallJumpR,576,272,20A533C7,0,1,1,4294967295,0,0
MiniSpikeUp,480,272,6DB79429,0,1,1,4294967295,0,0
MiniSpikeUp,360,400,3D4E2435,0,1,1,4294967295,0,0
SpikeD,464,192,96B698A9,0,1,1,4294967295,0,0
SpikeR,496,144,B46E8CB4,0,1,1,4294967295,0,0
SpikeU,496,256,C67BB74A,0,1,1,4294967295,0,0
SpikeR,384,256,39A210E1,0,1,1,4294967295,0,0
SpikeL,384,176,048ACB74,0,1,1,4294967295,0,0
SpikeR,416,176,84D0F272,0,1,1,4294967295,0,0
SpikeU,464,96,C8641792,0,1,1,4294967295,0,0
SpikeU,640,304,8D044150,0,1,1,4294967295,0,0
SpikeD,736,320,8EB8ACEB,0,1,1,4294967295,0,0
SpikeU,736,256,0E96940D,0,1,1,4294967295,0,0
SpikeU,240,224,7AB57F20,0,1,1,4294967295,0,0
SpikeD,304,144,DAED2C95,0,1,1,4294967295,0,0
SpikeL,272,112,A17D121E,0,1,1,4294967295,0,0
SpikeU,304,48,AAF96A58,0,1,1,4294967295,0,0
SpikeU,336,48,EFF2634F,0,1,1,4294967295,0,0
SpikeR,368,80,D5C83F7D,0,1,1,4294967295,0,0
SpikeD,240,64,F4536B58,0,1,1,4294967295,0,0
SpikeD,576,112,DAD82C59,0,1,1,4294967295,0,0
SpikeD,560,80,D3442FDB,0,1,1,4294967295,0,0
SpikeD,592,80,2881BD9B,0,1,1,4294967295,0,0
SpikeL,512,48,6B22C233,0,1,1,4294967295,0,0
SpikeU,576,16,92B0C47F,0,1,1,4294967295,0,0
SpikeU,608,-16,05C95231,0,1,1,4294967295,0,0
SpikeU,656,128,01042354,0,1,1,4294967295,0,0
MiniSpikeLeft,424,368,286409AC,0,1,1,4294967295,0,0
MiniSpikeDown,448,512,1CC9349C,0,1,1,4294967295,0,0
MiniSpikeDown,464,496,6AF3E58C,0,1,1,4294967295,0,0
Cherry,32,160,9D6187F7,0,1,1,4294967295,0,0
Cherry,48,416,C2679D85,0,1,1,4294967295,0,0
Cherry,176,416,5ECDAAD6,0,1,1,4294967295,0,0
Cherry,400,464,BF737DC3,0,1,1,4294967295,0,0
Cherry,528,384,948CA5EC,0,1,1,4294967295,0,0
Cherry,560,432,A8B36360,0,1,1,4294967295,0,0
Cherry,512,352,441F30EB,0,1,1,4294967295,0,0
Cherry,672,368,347AC581,0,1,1,4294967295,0,0
Cherry,688,400,488707CA,0,1,1,4294967295,0,0
Cherry,576,224,BB802390,0,1,1,4294967295,0,0
Cherry,528,320,27A8A26C,0,1,1,4294967295,0,0
Cherry,320,272,774964D0,0,1,1,4294967295,0,0
Cherry,640,200,1384C482,0,1,1,4294967295,0,0
Cherry,192,96,B71DAE42,0,1,1,4294967295,0,0
Skinner,16,8,0512B973,0,1,1,4294967295,0,1
Platform,576,416,6F3B0BC1,0,0.5,2,4294967295,0,0
Platform,392,368,1A86D6BC,0,0.5,2,4294967295,0,0
Platform,744,384,3EC4ADA4,0,1,1,4294967295,0,0
AutoSaver,288,320,15388719,0,1,1,4294967295,0,0
PlayerStart,288,320,452595C0,0,1,1,4294967295,0,0
