SavePointVeryHard,768,544,06BD4F40,0,1,1,4294967295,0,0
SavePointVeryHard,496,512,ED76E27F,0,1,1,4294967295,0,0
Autotiler,48,32,5B9D7923,0,1,1,4294967295,0,1
Warp,400,32,34D71C95,0,1,1,4294967295,0,0
Block,240,0,A42A28DE,0,1,1,4294967295,0,0
Block,432,0,ED3FAE0F,0,1,1,4294967295,0,0
Block,432,32,34D86FB3,0,1,1,4294967295,0,0
Block,432,64,26D24E4A,0,1,1,4294967295,0,0
Block,400,64,2490DBB3,0,1,1,4294967295,0,0
Block,368,64,AE60CA22,0,1,1,4294967295,0,0
Block,368,96,C36D4A6B,0,1,1,4294967295,0,0
Block,288,96,AA17E8C9,0,1,1,4294967295,0,0
Block,256,96,9F60D9E8,0,1,1,4294967295,0,0
Block,256,128,481FE639,0,1,1,4294967295,0,0
Block,64,64,DECC3F44,0,1,1,4294967295,0,0
Block,256,160,A2DE42CA,0,1,1,4294967295,0,0
Block,96,128,303F6D8A,0,1,1,4294967295,0,0
Block,192,48,89E60DE6,0,1,1,4294967295,0,0
Block,128,128,39ED2F79,0,1,1,4294967295,0,0
Block,128,160,F512123D,0,1,1,4294967295,0,0
Block,192,80,4E5AB9B5,0,1,1,4294967295,0,0
Block,16,320,12E67EF2,0,1,1,4294967295,0,0
Block,48,320,B68A8AF2,0,1,1,4294967295,0,0
Block,48,288,C45F76C7,0,1,1,4294967295,0,0
Block,160,432,9761D716,0,1,1,4294967295,0,0
Block,240,352,1E71AF32,0,1,1,4294967295,0,0
Block,144,336,E9E37E59,0,1,1,4294967295,0,0
Block,144,304,7B4574D6,0,1,1,4294967295,0,0
Block,240,320,EEFE619F,0,1,1,4294967295,0,0
Block,304,560,E3190D67,0,1,1,4294967295,0,0
Block,208,496,3A01A96E,0,1,1,4294967295,0,0
Block,208,464,F2C177F6,0,1,1,4294967295,0,0
Block,304,416,D712A087,0,1,1,4294967295,0,0
Block,432,576,D7A77AC6,0,1,1,4294967295,0,0
Block,528,544,3F09B168,0,1,1,4294967295,0,0
Block,464,528,1A33EC07,0,1,1,4294967295,0,0
Block,320,320,182D13BC,0,1,1,4294967295,0,0
Block,352,320,14565F64,0,1,1,4294967295,0,0
Block,352,352,31414913,0,1,1,4294967295,0,0
Block,400,496,FBE833BD,0,1,1,4294967295,0,0
Block,400,464,93EE9E1B,0,1,1,4294967295,0,0
Block,512,80,1BED6CDE,0,1,1,4294967295,0,0
Block,512,112,57DE7D0A,0,1,1,4294967295,0,0
Block,656,176,D5A93C61,0,1,1,4294967295,0,0
Block,528,432,0386CE34,0,1,1,4294967295,0,0
Block,496,432,2BE5494C,0,1,1,4294967295,0,0
Block,496,400,708B70FA,0,1,1,4294967295,0,0
Block,496,368,3D57E562,0,1,1,4294967295,0,0
Block,656,384,1F4CCE3C,0,1,1,4294967295,0,0
Block,656,352,09905D7C,0,1,1,4294967295,0,0
Block,656,240,E797BA00,0,1,1,4294967295,0,0
Block,656,208,CDB9A293,0,1,1,4294967295,0,0
Block,624,352,F64FA92F,0,1,1,4294967295,0,0
Block,592,192,0DC1B005,0,1,1,4294967295,0,0
Block,560,256,C584619D,0,1,1,4294967295,0,0
Block,384,352,2FCC7F8D,0,1,1,4294967295,0,0
Block,416,176,A3336A46,0,1,1,4294967295,0,0
Block,432,256,1D66C211,0,1,0.5,4294967295,0,0
Block,464,560,31AE0FF3,0,0.5,1.5,4294967295,0,0
Block,576,352,5EE18A46,0,0.5,1,4294967295,0,0
Block,544,80,ACF0ABC3,0,1,0.5,4294967295,0,0
Block,576,0,E0A821BF,0,0.5,3,4294967295,0,0
Block,736,288,955D716B,0,1,0.5,4294967295,0,0
Block,528,528,3371F8A5,0,0.5,0.5,4294967295,0,0
Block,784,384,CBAECEC5,0,0.5,2,4294967295,0,0
Block,768,576,7926552E,0,1,1,4294967295,0,0
Block,576,432,6C7C08FC,0,0.5,0.5,4294967295,0,0
Block,672,416,5917B9A5,0,0.5,2,4294967295,0,0
Block,688,528,1C1D0798,0,0.5,2.5,4294967295,0,0
Block,352,512,B78332DC,0,0.5,0.5,4294967295,0,0
Block,192,0,97794EBB,0,1,1.5,4294967295,0,0
Block,464,0,63C6A090,0,0.5,1,4294967295,0,0
Water3,272,64,402EFF0C,0,1,1,4294967295,0,0
Water2,192,112,994A417E,0,1,1,4294967295,0,0
Water2,192,144,7AEA1472,0,1,1,4294967295,0,0
Water2,288,448,9FBDE9E3,0,0.5,1,4294967295,0,0
Water2,288,416,0C210723,0,0.5,1,4294967295,0,0
Water3,544,96,5BCF9C75,0,1,1,4294967295,0,0
Water2,592,352,64F4B400,0,1,1,4294967295,0,0
Water2,656,272,487A2072,0,1,1,4294967295,0,0
Water2,624,400,683C6F9A,0,0.5,2,4294967295,0,0
Water2,496,80,BAF1B094,0,0.5,2,4294967295,0,0
Water3,528,48,6EAA8E6B,0,1,1,4294967295,0,0
CatharsisWater,432,544,BB9E5717,0,0.5,1,4294967295,0,0
Water1,288,160,624E36C9,0,1,1,4294967295,0,0
SpikeR,272,0,3FA5244E,0,1,1,4294967295,0,0
SpikeL,384,176,ED8C0069,0,1,1,4294967295,0,0
SpikeU,416,144,9D36DBE4,0,1,1,4294967295,0,0
SpikeU,368,32,0F6CEE11,0,1,1,4294967295,0,0
SpikeU,288,64,9A84BAB5,0,1,1,4294967295,0,0
SpikeL,336,96,6D52B206,0,1,1,4294967295,0,0
SpikeU,256,64,ABDB2B91,0,1,1,4294967295,0,0
SpikeR,288,144,D734F798,0,1,1,4294967295,0,0
SpikeL,160,16,436C589B,0,1,1,4294967295,0,0
SpikeL,128,32,B1F4EA1A,0,1,1,4294967295,0,0
SpikeL,160,48,7DBA4B4C,0,1,1,4294967295,0,0
MiniSpikeDown,208,112,C7DFA414,0,1,1,4294967295,0,0
SpikeU,128,96,CCA94DA2,0,1,1,4294967295,0,0
SpikeR,224,224,19CEEF30,0,1,1,4294967295,0,0
SpikeR,192,160,36FF475F,0,1,1,4294967295,0,0
SpikeL,192,224,225EBDB1,0,1,1,4294967295,0,0
SpikeU,16,288,589C8A0E,0,1,1,4294967295,0,0
SpikeU,48,256,D2864B1A,0,1,1,4294967295,0,0
SpikeR,80,288,810992F8,0,1,1,4294967295,0,0
SpikeL,112,336,B0000130,0,1,1,4294967295,0,0
SpikeD,144,368,F562FD09,0,1,1,4294967295,0,0
SpikeL,128,432,B7C62E15,0,1,1,4294967295,0,0
MiniSpikeUp,160,416,541F6FBD,0,1,1,4294967295,0,0
MiniSpikeUp,176,416,368EF93F,0,1,1,4294967295,0,0
MiniSpikeRight,224,352,5D34D7B9,0,1,1,4294967295,0,0
MiniSpikeLeft,208,352,4AF187FE,0,1,1,4294967295,0,0
MiniSpikeDown,256,384,46BD3E0F,0,1,1,4294967295,0,0
MiniSpikeDown,240,384,AEC72A90,0,1,1,4294967295,0,0
SpikeR,176,304,D0C0363A,0,1,1,4294967295,0,0
SpikeR,336,416,39BA117C,0,1,1,4294967295,0,0
SpikeU,240,288,BF227630,0,1,1,4294967295,0,0
SpikeR,272,352,9F6BB40C,0,1,1,4294967295,0,0
SpikeU,208,432,9EC49F04,0,1,1,4294967295,0,0
SpikeR,304,448,BD11D946,0,1,1,4294967295,0,0
SpikeD,384,384,AB39D56D,0,1,1,4294967295,0,0
MiniSpikeUp,352,496,D3F6DE31,0,1,1,4294967295,0,0
MiniSpikeDown,352,528,A411B93F,0,1,1,4294967295,0,0
SpikeU,304,528,42D6CEB0,0,1,1,4294967295,0,0
SpikeU,432,544,1BF2B023,0,1,1,4294967295,0,0
MiniSpikeUp,528,512,BA3F3F24,0,1,1,4294967295,0,0
MiniSpikeUp,544,528,58717DD4,0,1,1,4294967295,0,0
SpikeD,528,464,01566739,0,1,1,4294967295,0,0
SpikeU,464,496,259ADF78,0,1,1,4294967295,0,0
SpikeU,320,288,5B4392AD,0,1,1,4294967295,0,0
SpikeU,336,256,FE48C941,0,1,1,4294967295,0,0
SpikeU,352,288,F4A3B818,0,1,1,4294967295,0,0
SpikeU,400,432,695B61D1,0,1,1,4294967295,0,0
SpikeL,464,400,DE53CF08,0,1,1,4294967295,0,0
SpikeU,512,48,723B94BC,0,1,1,4294967295,0,0
SpikeU,544,48,29DFAA66,0,1,1,4294967295,0,0
SpikeR,544,112,235B4557,0,1,1,4294967295,0,0
SpikeU,592,160,E58900F9,0,1,1,4294967295,0,0
SpikeL,624,64,29C995DE,0,1,1,4294967295,0,0
SpikeR,656,64,8FB2BE81,0,1,1,4294967295,0,0
SpikeU,656,144,63EA3A9A,0,1,1,4294967295,0,0
SpikeR,752,96,D20BA4DB,0,1,1,4294967295,0,0
SpikeL,720,96,004B26DB,0,1,1,4294967295,0,0
SpikeR,752,208,4F3E0EC4,0,1,1,4294967295,0,0
SpikeU,496,336,29E1F16C,0,1,1,4294967295,0,0
SpikeU,528,400,23E07261,0,1,1,4294967295,0,0
MiniSpikeLeft,560,352,398DED64,0,1,1,4294967295,0,0
MiniSpikeRight,592,368,42B59908,0,1,1,4294967295,0,0
MiniSpikeLeft,608,368,35739BAE,0,1,1,4294967295,0,0
MiniSpikeDown,576,288,CDB801AC,0,1,1,4294967295,0,0
SpikeD,736,304,2C37F7A5,0,1,1,4294967295,0,0
SpikeR,688,176,CC81EBF2,0,1,1,4294967295,0,0
SpikeL,704,240,ADE6C700,0,1,1,4294967295,0,0
SpikeR,688,384,E4D3D205,0,1,1,4294967295,0,0
SpikeU,656,320,84D9BEA7,0,1,1,4294967295,0,0
MiniSpikeDown,560,288,5344847C,0,1,1,4294967295,0,0
MiniSpikeUp,576,336,30C4B8F2,0,1,1,4294967295,0,0
SpikeU,624,320,9AA6F771,0,1,1,4294967295,0,0
SpikeR,624,192,61B18B26,0,1,1,4294967295,0,0
SpikeL,624,208,15BC9798,0,1,1,4294967295,0,0
SpikeU,560,224,11352125,0,1,1,4294967295,0,0
SpikeL,528,256,2F53D633,0,1,1,4294967295,0,0
SpikeL,448,176,453160A7,0,1,1,4294967295,0,0
SpikeU,384,320,2B0B6C64,0,1,1,4294967295,0,0
SpikeR,416,352,5DAA8DAF,0,1,1,4294967295,0,0
MiniSpikeUp,480,336,C52926C4,0,1,1,4294967295,0,0
MiniSpikeDown,480,352,FD33E8E1,0,1,1,4294967295,0,0
SpikeL,720,400,C364D1FA,0,1,1,4294967295,0,0
SpikeL,752,384,5105F55D,0,1,1,4294967295,0,0
SpikeL,752,416,37A55BF2,0,1,1,4294967295,0,0
SpikeU,784,352,4741DB83,0,1,1,4294967295,0,0
SpikeR,704,448,B2601CB6,0,1,1,4294967295,0,0
SpikeL,704,512,6A0850F0,0,1,1,4294967295,0,0
MiniSpikeUp,688,512,17821E94,0,1,1,4294967295,0,0
SpikeR,704,528,DFCCB5DD,0,1,1,4294967295,0,0
SpikeR,624,448,A633623E,0,1,1,4294967295,0,0
SpikeL,592,448,5A106B1C,0,1,1,4294967295,0,0
SpikeL,624,384,1BC6E1BD,0,1,1,4294967295,0,0
SpikeR,496,192,ACB51D3D,0,1,1,4294967295,0,0
MiniSpikeLeft,496,104,98EEE673,0,1,1,4294967295,0,0
SpikeD,432,96,098196BD,0,1,1,4294967295,0,0
MiniSpikeLeft,288,448,0D6FD4FA,0,1,1,4294967295,0,0
MiniSpikeRight,176,192,EF431566,0,1,1,4294967295,0,0
MiniSpikeLeft,160,192,A599251B,0,1,1,4294967295,0,0
MiniSpikeUp,464,288,A74D9F14,0,1,1,4294967295,0,0
MiniSpikeDown,464,304,B337F69F,0,1,1,4294967295,0,0
MiniSpikeDown,464,32,8D2523D6,0,1,1,4294967295,0,0
WallJumpR,192,80,72AB9BC2,0,1,1,4294967295,0,0
WallJumpR,208,496,5B568A2F,0,1,1,4294967295,0,0
WallJumpL,208,464,2F44DF21,0,1,1,4294967295,0,0
WallJumpR,400,496,D9E8D191,0,1,1,4294967295,0,0
WallJumpR,432,576,1F0889D7,0,1,1,4294967295,0,0
WallJumpR,592,192,6886D70C,0,1,1,4294967295,0,0
WallJumpL,656,352,12C4D049,0,1,1,4294967295,0,0
WallJumpR,688,528,7EF379F2,0,1,1,4294967295,0,0
WallJumpL,656,416,4C6ADFB9,0,1,1,4294967295,0,0
Cherry,400,224,02B3998F,0,1,1,4294967295,0,0
Cherry,176,176,60B9345E,0,1,1,4294967295,0,0
Cherry,304,336,C3B9B87F,0,1,1,4294967295,0,0
Cherry,336,400,5D44F8D5,0,1,1,4294967295,0,0
Cherry,560,512,5E3287DD,0,1,1,4294967295,0,0
Cherry,736,176,51556708,0,1,1,4294967295,0,0
Cherry,608,272,6BA076F6,0,1,1,4294967295,0,0
Cherry,544,304,D0A39668,0,1,1,4294967295,0,0
Cherry,384,256,8230E6EF,0,1,1,4294967295,0,0
Cherry,512,240,57738140,0,1,1,4294967295,0,0
Cherry,500,296,CCFE69A2,0,1,1,4294967295,0,0
Cherry,256,512,347A591D,0,1,1,4294967295,0,0
Platform,128,416,F5FA037B,0,1,1,4294967295,0,0
Platform,496,544,29D4B7F2,0,1,1,4294967295,0,0
Platform,720,128,FFB6910C,0,1,1,4294967295,0,0
Platform,592,224,DA01E5C4,0,1,1,4294967295,0,0
Platform,688,448,6BB2E95E,0,0.5,2,4294967295,0,0
TextDraw,32,480,32A3DF0A,0,1,1,4294967295,0,1
AutoSaver,768,544,18758132,0,1,1,4294967295,0,0
MusicPlayer,80,160,267F474E,0,1,1,4294967295,0,1
PlayerStart,768,544,D7271756,0,1,1,4294967295,0,0
