background34_cookie,224,128,0,0,32,32,0,1,1,4294967295
background34_cookie,224,160,0,0,32,32,0,1,1,4294967295
background34_cookie,256,128,0,0,32,32,0,1,1,4294967295
background34_cookie,256,160,0,0,32,32,0,1,1,4294967295
background34_cookie,256,192,0,0,32,32,0,1,1,4294967295
background34_cookie,464,16,0,0,32,32,0,1,1,4294967295
background34_cookie,464,48,0,0,32,32,0,1,1,4294967295
background34_cookie,496,16,0,0,32,32,0,1,1,4294967295
background34_cookie,464,-16,0,0,32,32,0,1,1,4294967295
background34_cookie,496,-16,0,0,32,32,0,1,1,4294967295
background34_cookie,640,64,0,0,32,32,0,1,1,4294967295
background34_cookie,640,96,0,0,32,32,0,1,1,4294967295
background34_cookie,672,96,0,0,32,32,0,1,1,4294967295
background34_cookie,672,64,0,0,32,32,0,1,1,4294967295
background34_cookie,672,224,0,0,32,32,0,1,1,4294967295
background34_cookie,672,256,0,0,32,32,0,1,1,4294967295
background34_cookie,672,288,0,0,32,32,0,1,1,4294967295
background34_cookie,592,144,0,0,32,32,0,1,1,4294967295
background34_cookie,608,384,0,0,32,32,0,1,1,4294967295
background34_cookie,608,416,0,0,32,32,0,1,1,4294967295
background34_cookie,640,416,0,0,32,32,0,1,1,4294967295
background34_cookie,640,544,0,0,32,32,0,1,1,4294967295
background34_cookie,640,576,0,0,32,32,0,1,1,4294967295
background34_cookie,512,512,0,0,32,32,0,1,1,4294967295
background34_cookie,512,448,0,0,32,32,0,1,1,4294967295
background34_cookie,448,480,0,0,32,32,0,1,1,4294967295
background34_cookie,448,512,0,0,32,32,0,1,1,4294967295
background34_cookie,224,512,0,0,32,32,0,1,1,4294967295
background34_cookie,256,512,0,0,32,32,0,1,1,4294967295
background34_cookie,256,544,0,0,32,32,0,1,1,4294967295
background34_cookie,256,576,0,0,32,32,0,1,1,4294967295
background34_cookie,288,256,0,0,32,32,0,1,1,4294967295
background34_cookie,288,288,0,0,32,32,0,1,1,4294967295
background34_cookie,288,320,0,0,32,32,0,1,1,4294967295
background34_cookie,320,320,0,0,32,32,0,1,1,4294967295
background34_cookie,16,512,0,32,32,32,0,1,1,4294967295
background34_cookie,16,544,0,32,32,32,0,1,1,4294967295
background34_cookie,16,576,0,32,32,32,0,1,1,4294967295
background34_cookie,48,576,0,32,32,32,0,1,1,4294967295
background34_cookie,112,576,0,32,32,32,0,1,1,4294967295
background34_cookie,304,448,0,32,32,32,0,1,1,4294967295
background34_cookie,304,480,0,32,32,32,0,1,1,4294967295
background34_cookie,480,192,0,32,32,32,0,1,1,4294967295
background34_cookie,512,192,0,32,32,32,0,1,1,4294967295
background34_cookie,608,208,0,32,32,32,0,1,1,4294967295
background34_cookie,608,240,0,32,32,32,0,1,1,4294967295
background34_cookie,416,144,0,32,32,32,0,1,1,4294967295
background34_cookie,352,208,0,32,32,32,0,1,1,4294967295
background34_cookie,416,272,0,32,32,32,0,1,1,4294967295
background34_cookie,416,304,0,32,32,32,0,1,1,4294967295
background34_cookie,112,432,0,0,32,32,0,1,1,4294967295
background34_cookie,752,352,0,32,32,32,0,1,1,4294967295
background34_cookie,752,384,0,32,32,32,0,1,1,4294967295
background34_cookie,720,384,0,32,32,32,0,1,1,4294967295
background34_cookie,544,224,32,32,32,32,0,1,1,4294967295
background34_cookie,512,320,0,0,32,32,0,1,1,4294967295
