Autotiler,48,192,5635DB1E,0,1,1,4294967295,0,1
Warp,224,416,F3503D9C,0,1,1,4294967295,0,1
Block,464,128,65ABB1A7,0,1,1,4294967295,0,0
Block,496,128,488A619F,0,1,1,4294967295,0,0
Block,496,160,AE3243F7,0,1,1,4294967295,0,0
Block,208,544,8C5EE808,0,1,1,4294967295,0,0
Block,192,416,E7622BE8,0,1,1,4294967295,0,0
Block,224,448,1EFB64D2,0,1,1,4294967295,0,0
Block,192,448,D636D10E,0,1,1,4294967295,0,0
Block,96,208,2E14ACAA,0,1,1,4294967295,0,0
Block,96,240,FD3E6948,0,1,1,4294967295,0,0
Block,112,384,E5BFA682,0,1,1,4294967295,0,0
Block,112,416,35CBD72F,0,1,1,4294967295,0,0
Block,112,448,6E361D18,0,1,1,4294967295,0,0
Block,128,160,A572F9A2,0,1,1,4294967295,0,0
Block,128,192,2BA667DE,0,1,1,4294967295,0,0
Block,192,304,35CBECF9,0,1,1,4294967295,0,0
Block,336,208,FFDA1D11,0,1,1,4294967295,0,0
Block,336,304,5AEAC611,0,1,1,4294967295,0,0
Block,336,368,63BEC48D,0,1,1,4294967295,0,0
Block,336,336,CC75B67D,0,1,1,4294967295,0,0
Block,272,320,BC3D811B,0,1,1,4294967295,0,0
Block,256,208,19F104E3,0,1,1,4294967295,0,0
Block,256,176,46C1B13F,0,1,1,4294967295,0,0
Block,256,144,82AF52DB,0,1,1,4294967295,0,0
Block,496,208,964DE116,0,1,1,4294967295,0,0
MiniBlock,512,192,9B4C1382,0,1,1,4294967295,0,0
MiniBlock,496,192,859412F9,0,1,1,4294967295,0,0
Block,368,240,BA903643,0,1,1,4294967295,0,0
Block,368,368,9322C509,0,1,1,4294967295,0,0
Block,416,368,171FEB9C,0,1,1,4294967295,0,0
Block,416,336,F5EB6DCD,0,1,1,4294967295,0,0
Block,464,448,17F42767,0,1,1,4294967295,0,0
Block,464,416,C2CF4A54,0,1,1,4294967295,0,0
Block,560,512,42259F1D,0,1,1,4294967295,0,0
Block,560,480,72742B52,0,1,1,4294967295,0,0
Block,496,240,EADD2FE6,0,1,1,4294967295,0,0
Block,496,272,6416AD4F,0,1,1,4294967295,0,0
Block,544,304,916EBD03,0,1,1,4294967295,0,0
Block,608,224,F0E988D8,0,1,1,4294967295,0,0
Block,672,272,11DFB5C2,0,1,1,4294967295,0,0
Block,672,304,B304CEDA,0,1,1,4294967295,0,0
Block,672,336,F58B0DCB,0,1,1,4294967295,0,0
Block,544,368,76D3BF77,0,1,1,4294967295,0,0
Block,544,336,3BF27B2D,0,1,1,4294967295,0,0
Block,640,432,E152608E,0,1,1,4294967295,0,0
Block,704,448,F085B0B2,0,1,1,4294967295,0,0
MiniBlock,352,240,ADC10C49,0,1,1,4294967295,0,0
MiniBlock,352,256,0BFC7D93,0,1,1,4294967295,0,0
MiniBlock,352,272,C9F5415D,0,1,1,4294967295,0,0
MiniBlock,352,288,B0364770,0,1,1,4294967295,0,0
MiniBlock,400,368,9D06A64F,0,1,1,4294967295,0,0
MiniBlock,400,384,33CFE33F,0,1,1,4294967295,0,0
Water3,512,304,2CCE6EB7,0,1,1,4294967295,0,0
Water2,576,336,2D05FF3E,0,1,1,4294967295,0,0
SavePointVeryHard,704,416,58AA94D4,0,1,1,4294967295,0,0
SpikeL,464,160,43C69C59,0,1,1,4294967295,0,0
SpikeU,496,96,82D618CC,0,1,1,4294967295,0,0
SpikeU,464,96,A0D734A7,0,1,1,4294967295,0,0
SpikeU,96,176,F33B5CE6,0,1,1,4294967295,0,0
SpikeU,192,384,D434113D,0,1,1,4294967295,0,0
SpikeU,208,512,72A79B98,0,1,1,4294967295,0,0
SpikeL,304,352,C77027BF,0,1,1,4294967295,0,0
SpikeD,96,272,81964E3F,0,1,1,4294967295,0,0
SpikeU,112,352,7258C95B,0,1,1,4294967295,0,0
SpikeL,160,304,98F43451,0,1,1,4294967295,0,0
SpikeR,144,448,A6FED290,0,1,1,4294967295,0,0
SpikeD,192,336,C63F7031,0,1,1,4294967295,0,0
SpikeU,128,128,636C1028,0,1,1,4294967295,0,0
SpikeR,224,304,B861CA63,0,1,1,4294967295,0,0
SpikeU,192,272,40433B50,0,1,1,4294967295,0,0
SpikeR,160,176,FA89AA09,0,1,1,4294967295,0,0
SpikeU,192,160,45AF21FE,0,1,1,4294967295,0,0
SpikeL,224,176,E5C0DC01,0,1,1,4294967295,0,0
SpikeU,272,288,1265FB57,0,1,1,4294967295,0,0
SpikeU,256,112,AB6ECABE,0,1,1,4294967295,0,0
SpikeU,608,192,11F5CDAD,0,1,1,4294967295,0,0
SpikeL,304,176,C2D6EC0B,0,1,1,4294967295,0,0
SpikeR,336,176,12D3B915,0,1,1,4294967295,0,0
SpikeL,368,176,DB860091,0,1,1,4294967295,0,0
SpikeR,400,176,054CEC07,0,1,1,4294967295,0,0
SpikeU,448,240,0DA73133,0,1,1,4294967295,0,0
SpikeD,368,272,79337153,0,1,1,4294967295,0,0
SpikeD,448,272,B4D60A40,0,1,1,4294967295,0,0
SpikeU,416,304,79AF75A4,0,1,1,4294967295,0,0
SpikeR,448,336,AD602F0C,0,1,1,4294967295,0,0
SpikeD,464,480,15E3BDC2,0,1,1,4294967295,0,0
SpikeR,496,416,1F35EBBC,0,1,1,4294967295,0,0
SpikeL,512,368,5A980A4D,0,1,1,4294967295,0,0
SpikeU,560,448,B3C9959B,0,1,1,4294967295,0,0
SpikeR,528,240,1EF51E49,0,1,1,4294967295,0,0
SpikeD,496,304,3E00CB04,0,1,1,4294967295,0,0
SpikeU,576,304,E2CC8D82,0,1,1,4294967295,0,0
SpikeL,576,224,2B672AE6,0,1,1,4294967295,0,0
SpikeR,640,224,5ADBB0AF,0,1,1,4294967295,0,0
SpikeD,608,256,EC7A0C6E,0,1,1,4294967295,0,0
SpikeD,576,336,442679A9,0,1,1,4294967295,0,0
SpikeL,608,400,764918C1,0,1,1,4294967295,0,0
SpikeR,640,400,473CE399,0,1,1,4294967295,0,0
SpikeU,384,336,4F788A31,0,1,1,4294967295,0,0
WallJumpL,208,544,2286ABE3,0,1,1,4294967295,0,0
WallJumpR,208,544,E798C0A4,0,1,1,4294967295,0,0
WallJumpR,256,208,DCC5C075,0,1,1,4294967295,0,0
WallJumpL,272,320,FD236151,0,1,1,4294967295,0,0
WallJumpR,496,224,0A6ECC46,0,1,1,4294967295,0,0
WallJumpR,496,192,8FCF5AAA,0,1,1,4294967295,0,0
WallJumpR,672,272,CAB63BC8,0,1,1,4294967295,0,0
WallJumpL,560,480,513166C0,0,1,1,4294967295,0,0
WallJumpR,672,304,83F85254,0,1,1,4294967295,0,0
Cherry,656,496,308AD15D,0,1,1,4294967295,0,0
Cherry,368,416,C2615D76,0,1,1,4294967295,0,0
Cherry,560,224,814973D0,0,1,1,4294967295,0,0
Cherry,432,256,5E6D96E9,0,1,1,4294967295,0,0
Cherry,512,352,3CDCD6FE,0,1,1,4294967295,0,0
Cherry,656,352,2D9072C9,0,1,1,4294967295,0,0
Cherry,688,256,F016F1C2,0,1,1,4294967295,0,0
Cherry,256,352,DD5CA985,0,1,1,4294967295,0,0
Skinner,48,320,4A512B94,0,1,1,4294967295,0,1
Platform,160,224,2E1B95E5,0,1,1,4294967295,0,0
Platform,192,224,45F6E3D8,0,1,1,4294967295,0,0
Platform,224,224,FE552373,0,1,1,4294967295,0,0
Platform,480,192,A0473E6C,0,0.5,1,4294967295,0,0
Platform,640,288,B9CFAF3B,0,1,1,4294967295,0,0
object426,608,16,59695872,0,1,1,4294967295,0,0
AutoSaver,704,416,43FE860C,0,1,1,4294967295,0,0
MusicPlayer,272,256,847BFE08,0,1,1,4294967295,0,1
PlayerStart,704,416,24E382C0,0,1,1,4294967295,0,0
