SavePointVeryHard,416,256,5F72BD2A,0,1,1,4294967295,0,0
SavePointVeryHard,32,544,5E97335B,0,1,1,4294967295,0,0
Warp,720,112,FD63A4AB,0,1,1,4294967295,0,1
Block,0,576,3D82043E,0,1,1,4294967295,0,0
Block,32,576,DA6E60D8,0,1,1,4294967295,0,0
Block,544,-16,F93D7DA4,0,1,1,4294967295,0,0
Block,544,16,AAC87AA2,0,1,1,4294967295,0,0
Block,512,112,9DFA3513,0,1,1,4294967295,0,0
Block,640,80,CC6D0C3D,0,1,1,4294967295,0,0
Block,720,176,6C96D71F,0,1,1,4294967295,0,0
Block,720,144,998E222C,0,1,1,4294967295,0,0
Block,512,240,A6E876A7,0,1,1,4294967295,0,0
Block,688,176,EBA07F42,0,1,1,4294967295,0,0
Block,544,144,CD919B84,0,1,1,4294967295,0,0
Block,512,144,1DDA0B87,0,1,1,4294967295,0,0
Block,736,272,36AFDD94,0,1,1,4294967295,0,0
Block,768,272,473AF90D,0,1,1,4294967295,0,0
Block,704,528,9C031112,0,1,1,4294967295,0,0
Block,736,528,EC7958B4,0,1,1,4294967295,0,0
Block,752,480,34DD1076,0,1,1,4294967295,0,0
Block,704,432,FE3D99A9,0,1,1,4294967295,0,0
Block,768,416,AFD9E65A,0,1,1,4294967295,0,0
Block,624,432,BF9BECAF,0,1,1,4294967295,0,0
Block,592,432,10F83B7B,0,1,1,4294967295,0,0
Block,576,528,EC6C6B6D,0,1,1,4294967295,0,0
Block,576,560,89A9EEAF,0,1,1,4294967295,0,0
Block,544,560,52EE3663,0,1,1,4294967295,0,0
Block,560,432,B45A6175,0,1,1,4294967295,0,0
Block,560,400,10D72ADB,0,1,1,4294967295,0,0
Block,512,304,02FE32DA,0,1,1,4294967295,0,0
Block,512,272,6F4CC250,0,1,1,4294967295,0,0
Block,512,208,9349370A,0,1,1,4294967295,0,0
Block,512,176,9BDF5D6F,0,1,1,4294967295,0,0
Block,480,496,D324BAC8,0,1,1,4294967295,0,0
Block,416,592,A9FF6B22,0,1,1,4294967295,0,0
Block,416,560,7F4447E3,0,1,1,4294967295,0,0
Block,224,176,AD1C93DF,0,1,1,4294967295,0,0
Block,224,144,6C40E653,0,1,1,4294967295,0,0
Block,480,416,7A6E0CB9,0,1,1,4294967295,0,0
Block,416,448,BD64FB39,0,1,1,4294967295,0,0
Block,480,176,22824BB9,0,1,1,4294967295,0,0
Block,480,384,EBDA08B6,0,1,1,4294967295,0,0
Block,416,320,079F520E,0,1,1,4294967295,0,0
Block,384,320,79CE3750,0,1,1,4294967295,0,0
Block,320,192,6BA66498,0,1,1,4294967295,0,0
Block,448,288,3E5E94A3,0,1,1,4294967295,0,0
Block,416,288,C744F843,0,1,1,4294967295,0,0
Block,320,160,BA7F9873,0,1,1,4294967295,0,0
Block,320,128,C3A87F94,0,1,1,4294967295,0,0
Block,320,96,18B2B634,0,1,1,4294967295,0,0
Block,320,64,DA44A00E,0,1,1,4294967295,0,0
Block,272,-16,B5B486C7,0,1,1,4294967295,0,0
Block,240,-16,6B403477,0,1,1,4294967295,0,0
Block,96,80,7C517D81,0,1,1,4294967295,0,0
Block,96,112,CC1EAFB7,0,1,1,4294967295,0,0
Block,160,48,726909DD,0,1,1,4294967295,0,0
Block,288,160,EE8C9FB0,0,1,1,4294967295,0,0
Block,96,144,3FE27FBD,0,1,1,4294967295,0,0
Block,64,144,9F58423C,0,1,1,4294967295,0,0
Block,-16,208,2AA9F410,0,1,1,4294967295,0,0
Block,96,240,30F2D432,0,1,1,4294967295,0,0
Block,64,240,258A5544,0,1,1,4294967295,0,0
Block,32,240,E161194A,0,1,1,4294967295,0,0
Block,96,304,F70E1868,0,1,1,4294967295,0,0
Block,96,272,0E2179D0,0,1,1,4294967295,0,0
Block,208,272,56B142BF,0,1,1,4294967295,0,0
Block,288,304,C87C0904,0,1,1,4294967295,0,0
Block,320,304,F483A476,0,1,1,4294967295,0,0
Block,320,336,70BB5AC3,0,1,1,4294967295,0,0
Block,288,448,8A5C66C3,0,1,1,4294967295,0,0
Block,288,416,E3D75F61,0,1,1,4294967295,0,0
Block,208,304,7F60F369,0,1,1,4294967295,0,0
Block,176,304,15EE6B06,0,1,1,4294967295,0,0
Block,256,416,D9BF602D,0,1,1,4294967295,0,0
Block,96,400,6B845BF9,0,1,1,4294967295,0,0
Block,64,400,856DEE49,0,1,1,4294967295,0,0
Block,64,432,171B1249,0,1,1,4294967295,0,0
Block,96,432,107EECDA,0,1,1,4294967295,0,0
Block,0,592,D17FC2E9,0,1,1,4294967295,0,0
Block,0,560,75B12B5B,0,1,1,4294967295,0,0
Block,0,528,174EDBAC,0,1,1,4294967295,0,0
Block,32,592,48BD42FF,0,1,1,4294967295,0,0
Water2,656,256,1B72001C,0,1,1,4294967295,0,0
Water3,656,192,7933DCFD,0,1,1,4294967295,0,0
Water3,656,224,3D9D6F15,0,1,1,4294967295,0,0
Water2,656,288,57FA59A6,0,1,1,4294967295,0,0
Water2,688,304,61E961D1,0,1,1,4294967295,0,0
Water2,480,592,A6F7458E,0,1,1,4294967295,0,0
Water2,480,560,938E2240,0,1,1,4294967295,0,0
Water2,480,528,6CD1AD33,0,1,1,4294967295,0,0
Water2,448,592,99F9680B,0,1,1,4294967295,0,0
Water2,448,560,31AC242D,0,1,1,4294967295,0,0
Water2,192,128,F1B07FD6,0,1,1,4294967295,0,0
Water2,192,64,B6EFD350,0,1,1,4294967295,0,0
Water2,192,96,4973D821,0,1,1,4294967295,0,0
Water2,0,240,2435125E,0,1,1,4294967295,0,0
Water3,64,272,BAE09E2E,0,1,1.5,4294967295,0,0
Water2,224,416,D4A0C41D,0,1,1,4294967295,0,0
Water2,224,448,35A704C3,0,1,1,4294967295,0,0
Water2,224,480,4E4DEF26,0,1,1,4294967295,0,0
Water2,160,544,5E3BB0AC,0,1,1,4294967295,0,0
Water2,160,512,0096CD3E,0,1,1,4294967295,0,0
SpikeU,544,112,6E10702D,0,1,1,4294967295,0,0
SpikeU,480,144,96CFA0AE,0,1,1,4294967295,0,0
SpikeL,512,16,6AD5B641,0,1,1,4294967295,0,0
SpikeU,512,80,CE3D42F9,0,1,1,4294967295,0,0
SpikeD,544,48,8769C000,0,1,1,4294967295,0,0
SpikeU,640,48,A9A62D0D,0,1,1,4294967295,0,0
SpikeR,672,80,A7403E3B,0,1,1,4294967295,0,0
SpikeD,640,112,988C1D9B,0,1,1,4294967295,0,0
SpikeU,768,240,7658387B,0,1,1,4294967295,0,0
SpikeU,736,240,CB318BAA,0,1,1,4294967295,0,0
SpikeU,688,144,E71A9E0B,0,1,1,4294967295,0,0
SpikeD,544,176,8C8D4FEA,0,1,1,4294967295,0,0
SpikeL,624,272,EC6FD645,0,1,1,4294967295,0,0
SpikeR,544,304,EEC20E10,0,1,1,4294967295,0,0
SpikeR,544,272,214C4188,0,1,1,4294967295,0,0
SpikeL,656,176,319F15D5,0,1,1,4294967295,0,0
SpikeR,656,240,BD2A7DEE,0,1,1,4294967295,0,0
SpikeU,704,496,290E7D60,0,1,1,4294967295,0,0
SpikeD,704,464,F9338F09,0,1,1,4294967295,0,0
SpikeD,768,448,BEAEFE71,0,1,1,4294967295,0,0
SpikeU,752,448,52A3670B,0,1,1,4294967295,0,0
SpikeR,736,336,74736C36,0,1,1,4294967295,0,0
SpikeL,736,352,828720BF,0,1,1,4294967295,0,0
SpikeR,704,400,78CBE467,0,1,1,4294967295,0,0
SpikeL,656,304,061FFCE0,0,1,1,4294967295,0,0
SpikeL,656,336,4AE1680D,0,1,1,4294967295,0,0
SpikeL,624,320,41530FA9,0,1,1,4294967295,0,0
SpikeU,624,400,B88017E2,0,1,1,4294967295,0,0
SpikeU,592,400,8962872A,0,1,1,4294967295,0,0
SpikeU,576,496,F737EBA9,0,1,1,4294967295,0,0
SpikeU,544,528,F4C97D8A,0,1,1,4294967295,0,0
SpikeR,448,576,74DA948A,0,1,1,4294967295,0,0
SpikeD,512,336,3145B8F9,0,1,1,4294967295,0,0
SpikeD,480,208,D8E6EECA,0,1,1,4294967295,0,0
SpikeR,512,416,D4C4F0A7,0,1,1,4294967295,0,0
SpikeU,480,464,E81325FE,0,1,1,4294967295,0,0
SpikeD,480,528,E05A7441,0,1,1,4294967295,0,0
SpikeU,416,528,6BBB666B,0,1,1,4294967295,0,0
SpikeU,224,112,E33445DA,0,1,1,4294967295,0,0
SpikeL,192,176,2C0642EC,0,1,1,4294967295,0,0
SpikeL,192,144,E04AE398,0,1,1,4294967295,0,0
SpikeR,448,448,00D4F4B3,0,1,1,4294967295,0,0
SpikeU,416,416,8FDC305C,0,1,1,4294967295,0,0
SpikeU,480,352,235667F8,0,1,1,4294967295,0,0
SpikeR,416,160,16FF19D2,0,1,1,4294967295,0,0
SpikeL,448,176,30F0B7A3,0,1,1,4294967295,0,0
SpikeD,384,352,F7E4A25E,0,1,1,4294967295,0,0
SpikeU,384,288,20E7E247,0,1,1,4294967295,0,0
SpikeL,384,160,CF72B64C,0,1,1,4294967295,0,0
SpikeR,352,192,F361A609,0,1,1,4294967295,0,0
SpikeU,448,256,424490FA,0,1,1,4294967295,0,0
SpikeU,320,32,92386768,0,1,1,4294967295,0,0
SpikeD,272,16,FFA7383E,0,1,1,4294967295,0,0
SpikeD,240,16,937089DF,0,1,1,4294967295,0,0
SpikeD,256,48,726B8E0F,0,1,1,4294967295,0,0
SpikeU,320,272,FF7C420A,0,1,1,4294967295,0,0
SpikeD,288,192,30D562A3,0,1,1,4294967295,0,0
SpikeU,96,48,1DDF0647,0,1,1,4294967295,0,0
SpikeU,288,128,8156D136,0,1,1,4294967295,0,0
SpikeR,192,48,BDFE06EB,0,1,1,4294967295,0,0
SpikeD,160,80,7B198038,0,1,1,4294967295,0,0
SpikeL,160,160,B49454E2,0,1,1,4294967295,0,0
SpikeU,96,208,EF0A44D6,0,1,1,4294967295,0,0
SpikeU,64,112,5427D505,0,1,1,4294967295,0,0
SpikeL,32,144,3196517B,0,1,1,4294967295,0,0
SpikeU,32,208,CA45477A,0,1,1,4294967295,0,0
SpikeU,-16,176,7712E3FF,0,1,1,4294967295,0,0
SpikeD,-16,240,5A0EDE6C,0,1,1,4294967295,0,0
SpikeL,64,304,4F48AB6F,0,1,1,4294967295,0,0
SpikeR,128,304,76A470F7,0,1,1,4294967295,0,0
SpikeU,64,368,CE51E52F,0,1,1,4294967295,0,0
SpikeU,176,272,6BDDBE42,0,1,1,4294967295,0,0
SpikeU,208,240,59F298BC,0,1,1,4294967295,0,0
SpikeU,288,272,3D16606B,0,1,1,4294967295,0,0
SpikeL,256,304,C142F1BC,0,1,1,4294967295,0,0
SpikeL,288,336,E0590E01,0,1,1,4294967295,0,0
SpikeD,288,480,4D7CA9C9,0,1,1,4294967295,0,0
SpikeU,256,384,364D41F3,0,1,1,4294967295,0,0
SpikeD,208,336,0645C68C,0,1,1,4294967295,0,0
SpikeD,176,336,86A91532,0,1,1,4294967295,0,0
SpikeD,192,368,92698385,0,1,1,4294967295,0,0
SpikeL,224,416,EA2AEDF7,0,1,1,4294967295,0,0
SpikeR,192,480,8EC4693A,0,1,1,4294967295,0,0
SpikeR,224,496,E9420875,0,1,1,4294967295,0,0
SpikeR,192,512,59301FAE,0,1,1,4294967295,0,0
SpikeR,128,432,922F1CEB,0,1,1,4294967295,0,0
SpikeD,96,464,C1EE41E3,0,1,1,4294967295,0,0
SpikeL,128,544,780AA688,0,1,1,4294967295,0,0
SpikeL,128,512,2C71AE69,0,1,1,4294967295,0,0
SpikeL,96,528,9B3D415E,0,1,1,4294967295,0,0
SpikeU,0,496,D3DAEE77,0,1,1,4294967295,0,0
MiniSpikeDown,32,272,19F68E6D,0,1,1,4294967295,0,0
SpikeD,64,464,107EF390,0,1,1,4294967295,0,0
WallJumpL,480,496,7289A000,0,1,1,4294967295,0,0
WallJumpR,480,416,80C42D1D,0,1,1,4294967295,0,0
WallJumpR,480,384,53A79815,0,1,1,4294967295,0,0
WallJumpL,320,336,70DC87CC,0,1,1,4294967295,0,0
WallJumpL,320,304,E07B25C1,0,1,1,4294967295,0,0
Cherry,608,272,6B7CAEF1,0,1,1,4294967295,0,0
Cherry,592,304,D2A92AB0,0,1,1,4294967295,0,0
Cherry,368,384,6BB36ACE,0,1,1,4294967295,0,0
Cherry,336,400,0CFD0251,0,1,1,4294967295,0,0
Platform,480,448,C05B3D75,0,1,1,4294967295,0,0
TextDraw,352,496,4F3C8FE7,0,1,1,4294967295,0,1
Skinner,128,400,D7345248,0,1,1,4294967295,0,1
AutoSaver,32,544,0E78E34A,0,1,1,4294967295,0,0
MusicPlayer,400,80,968C60C9,0,1,1,4294967295,0,1
PlayerStart,32,544,7A53BB90,0,1,1,4294967295,0,0
