SavePointVeryHard,80,544,6F19B269,0,1,1,4294967295,0,0
SavePointVeryHard,336,96,FA6726FA,0,1,1,4294967295,0,0
Autotiler,32,224,B05CDF0C,0,1,1,4294967295,0,1
Warp,640,80,54A4F160,0,1,1,4294967295,0,1
Block,80,576,CB96F6CA,0,1,1,4294967295,0,0
Block,128,448,D1DB659E,0,1,1,4294967295,0,0
Block,80,352,51E453E5,0,1,1,4294967295,0,0
Block,160,352,D36EE593,0,1,1,4294967295,0,0
Block,160,320,96978713,0,1,1,4294967295,0,0
Block,0,352,DF0B5FBF,0,1,1,4294967295,0,0
Block,0,384,B327151D,0,1,1,4294967295,0,0
Block,80,320,1C03F002,0,1,1,4294967295,0,0
Block,80,288,F1691570,0,1,1,4294967295,0,0
Block,-16,208,05A0CDAC,0,1,1,4294967295,0,0
Block,-16,240,61813A81,0,1,1,4294967295,0,0
Block,192,480,E6B06B77,0,1,1,4294967295,0,0
Block,192,448,A87C6CD0,0,1,1,4294967295,0,0
Block,224,352,F9CC9EF2,0,1,1,4294967295,0,0
Block,256,352,BA274866,0,1,1,4294967295,0,0
Block,144,160,5D035AA2,0,1,1,4294967295,0,0
Block,192,208,EAB004C8,0,1,1,4294967295,0,0
Block,224,320,E59F3840,0,1,1,4294967295,0,0
Block,256,320,E2DB4E6F,0,1,1,4294967295,0,0
Block,304,128,237208F6,0,1,1,4294967295,0,0
Block,336,128,25138634,0,1,1,4294967295,0,0
Block,336,160,489DBE86,0,1,1,4294967295,0,0
Block,144,96,58FA573F,0,1,1,4294967295,0,0
Block,144,128,74CC145E,0,1,1,4294967295,0,0
Block,272,96,0AC3A0C2,0,1,1,4294967295,0,0
Block,304,96,EBECEC5B,0,1,1,4294967295,0,0
Block,144,0,627C2AC8,0,1,1,4294967295,0,0
Block,320,224,528130A9,0,1,1,4294967295,0,0
Block,320,256,D94EE871,0,1,1,4294967295,0,0
Block,320,288,C6D38678,0,1,1,4294967295,0,0
Block,400,48,73A1A736,0,1,1,4294967295,0,0
Block,400,16,3F5E33ED,0,1,1,4294967295,0,0
Block,400,-16,83B6FCFD,0,1,1,4294967295,0,0
Block,528,272,00D72829,0,1,1,4294967295,0,0
Block,528,304,543106D3,0,1,1,4294967295,0,0
Block,352,384,AC0B38E9,0,1,1,4294967295,0,0
Block,480,384,881015EC,0,1,1,4294967295,0,0
Block,368,592,6F69ED76,0,1,1,4294967295,0,0
Block,480,416,3F23F4A7,0,1,1,4294967295,0,0
Block,480,448,175F79AB,0,1,1,4294967295,0,0
Block,480,592,4D753FAA,0,1,1,4294967295,0,0
Block,560,480,4121BA5A,0,1,1,4294967295,0,0
Block,592,480,BE7CBA5D,0,1,1,4294967295,0,0
Block,624,384,B462AD0F,0,1,1,4294967295,0,0
Block,624,352,4495D3B6,0,1,1,4294967295,0,0
Block,192,192,03105BC0,0,1,0.5,4294967295,0,0
Block,752,352,613C5F82,0,1,1,4294967295,0,0
Block,704,256,2A18246E,0,1,1,4294967295,0,0
Block,704,224,8CF5D5A7,0,1,1,4294967295,0,0
Block,784,160,02350CBD,0,1,1,4294967295,0,0
Block,560,272,F3AF2044,0,1,1,4294967295,0,0
Block,560,240,2EF0A206,0,1,1,4294967295,0,0
Block,560,208,808C5C7A,0,1,1,4294967295,0,0
Block,560,176,057E590A,0,1,1,4294967295,0,0
Block,560,144,AAAC34F9,0,1,1,4294967295,0,0
Block,704,80,58884BDF,0,1,1,4294967295,0,0
Block,672,80,02BCCB13,0,1,1,4294967295,0,0
Block,672,112,42E99F1F,0,1,1,4294967295,0,0
Block,672,48,A04F1A7B,0,1,1,4294967295,0,0
Block,768,0,BE9CAB7E,0,1,1,4294967295,0,0
Block,464,272,975EFABD,0,1,1,4294967295,0,0
Block,512,160,07FAD7B1,0,1,1,4294967295,0,0
Block,512,192,A43D3AE7,0,1,1,4294967295,0,0
MiniBlock,112,256,E22E62A0,0,1,1,4294967295,0,0
CatharsisWater,96,416,F1D20D16,0,1.5,1,4294967295,0,0
CatharsisWater,96,448,BBADC4D4,0,1,0.5,4294967295,0,0
CatharsisWater,128,256,63CABAB2,0,0.5,3.5,4294967295,0,0
Water1,224,224,4B712905,0,2,0.5,4294967295,0,0
Water1,304,176,C0608890,0,1,0.5,4294967295,0,0
Water1,272,144,A45BD26C,0,1,0.5,4294967295,0,0
Water2,192,112,7668E127,0,0.5,2.5,4294967295,0,0
CatharsisWater,368,240,127D3701,0,0.5,2,4294967295,0,0
Water2,432,288,434CF4FE,0,0.5,1,4294967295,0,0
Water1,528,544,B4B377C2,0,0.5,2,4294967295,0,0
CatharsisWater,592,400,3651BED6,0,0.5,2.5,4294967295,0,0
Water2,480,176,E71B1166,0,0.5,3,4294967295,0,0
CatharsisWater,736,320,32BF83CF,0,0.5,2,4294967295,0,0
Water2,752,128,8EB0C2F4,0,1.5,1,4294967295,0,0
Water2,752,160,73585339,0,1,0.5,4294967295,0,0
Water2,736,96,A88DFD1E,0,1,1,4294967295,0,0
Water2,736,80,6895EF93,0,1,0.5,4294967295,0,0
Water2,704,112,DB474A89,0,1,0.5,4294967295,0,0
CatharsisWater,112,272,EA0DD35A,0,0.5,3,4294967295,0,0
SpikeR,112,544,87C90B21,0,1,1,4294967295,0,0
SpikeL,144,544,FD1A428D,0,1,1,4294967295,0,0
SpikeD,128,480,41672214,0,1,1,4294967295,0,0
SpikeU,128,416,1B495ABD,0,1,1,4294967295,0,0
SpikeL,96,448,7CC16587,0,1,1,4294967295,0,0
SpikeR,112,352,71A6F47F,0,1,1,4294967295,0,0
SpikeL,128,320,8AAC1B05,0,1,1,4294967295,0,0
SpikeR,32,352,8D15193A,0,1,1,4294967295,0,0
SpikeU,0,320,C66B43FE,0,1,1,4294967295,0,0
SpikeL,48,288,77B1A420,0,1,1,4294967295,0,0
SpikeR,64,480,980503AC,0,1,1,4294967295,0,0
SpikeL,32,512,36A380F4,0,1,1,4294967295,0,0
SpikeR,48,224,6CCE5CFB,0,1,1,4294967295,0,0
SpikeR,16,240,B83B40B9,0,1,1,4294967295,0,0
SpikeR,16,208,1955C554,0,1,1,4294967295,0,0
SpikeU,-16,176,1CEC12E6,0,1,1,4294967295,0,0
SpikeU,192,416,BE8EBE4D,0,1,1,4294967295,0,0
SpikeD,192,512,E9C8B906,0,1,1,4294967295,0,0
SpikeR,224,448,2A5C7097,0,1,1,4294967295,0,0
SpikeR,224,480,2FA845E2,0,1,1,4294967295,0,0
SpikeD,224,384,84EED69E,0,1,1,4294967295,0,0
SpikeU,112,224,23D5EDB7,0,1,1,4294967295,0,0
SpikeU,160,288,F0334888,0,1,1,4294967295,0,0
SpikeL,112,160,EFEA7B4A,0,1,1,4294967295,0,0
SpikeL,160,208,A7046BE9,0,1,1,4294967295,0,0
SpikeU,192,160,0839D051,0,1,1,4294967295,0,0
SpikeU,224,288,42E82EE4,0,1,1,4294967295,0,0
SpikeL,224,208,D95F5825,0,1,1,4294967295,0,0
SpikeR,256,208,E6DEE45E,0,1,1,4294967295,0,0
SpikeU,256,288,D9965A2D,0,1,1,4294967295,0,0
SpikeL,304,160,0D8F26AF,0,1,1,4294967295,0,0
SpikeL,272,128,2424E115,0,1,1,4294967295,0,0
SpikeR,176,96,3C2D509B,0,1,1,4294967295,0,0
SpikeL,240,96,6571DDBE,0,1,1,4294967295,0,0
SpikeU,272,64,87E4DD31,0,1,1,4294967295,0,0
SpikeU,304,64,2685A1BA,0,1,1,4294967295,0,0
SpikeD,256,0,D348A64E,0,1,1,4294967295,0,0
SpikeD,320,0,8B16C671,0,1,1,4294967295,0,0
SpikeD,144,32,52A878DE,0,1,1,4294967295,0,0
SpikeR,176,0,15C73C6E,0,1,1,4294967295,0,0
SpikeD,336,192,21EFCBBD,0,1,1,4294967295,0,0
SpikeL,368,224,265BAD6B,0,1,1,4294967295,0,0
SpikeU,320,192,46599278,0,1,1,4294967295,0,0
SpikeD,320,320,B8385DDF,0,1,1,4294967295,0,0
SpikeR,288,336,CDD8BA59,0,1,1,4294967295,0,0
SpikeD,384,160,E2F1E18A,0,1,1,4294967295,0,0
SpikeR,400,224,2D739545,0,1,1,4294967295,0,0
SpikeU,384,128,B5292C7D,0,1,1,4294967295,0,0
SpikeD,400,80,FE3EC973,0,1,1,4294967295,0,0
SpikeL,368,48,968066C6,0,1,1,4294967295,0,0
SpikeR,432,48,9BAA4A01,0,1,1,4294967295,0,0
SpikeR,464,32,1789CB74,0,1,1,4294967295,0,0
SpikeR,432,16,34FD5674,0,1,1,4294967295,0,0
SpikeU,416,288,B7AB2097,0,1,1,4294967295,0,0
SpikeR,352,288,BEE0A3FE,0,1,1,4294967295,0,0
SpikeD,416,320,0AB36D16,0,1,1,4294967295,0,0
SpikeR,416,352,FB92FDC7,0,1,1,4294967295,0,0
SpikeU,352,352,01D060AF,0,1,1,4294967295,0,0
SpikeU,480,352,1D9A5F34,0,1,1,4294967295,0,0
SpikeD,528,336,64C725D0,0,1,1,4294967295,0,0
SpikeD,400,464,5BF80872,0,1,1,4294967295,0,0
SpikeD,416,496,64FBD01C,0,1,1,4294967295,0,0
SpikeU,416,464,744A7E2F,0,1,1,4294967295,0,0
SpikeU,368,560,58A42A52,0,1,1,4294967295,0,0
SpikeL,480,528,1CAECEAB,0,1,1,4294967295,0,0
SpikeR,512,528,9374E977,0,1,1,4294967295,0,0
SpikeR,512,384,EA835F18,0,1,1,4294967295,0,0
SpikeU,480,560,FD0F37F0,0,1,1,4294967295,0,0
SpikeU,560,448,BBF60FD6,0,1,1,4294967295,0,0
SpikeU,592,448,4122000B,0,1,1,4294967295,0,0
SpikeL,592,384,BDCE813D,0,1,1,4294967295,0,0
SpikeL,384,352,A389649C,0,1,1,4294967295,0,0
SpikeL,448,448,CA60535E,0,1,1,4294967295,0,0
SpikeL,480,160,C61D370A,0,1,1,4294967295,0,0
SpikeD,352,512,84483356,0,1,1,4294967295,0,0
SpikeU,352,480,B3B206A8,0,1,1,4294967295,0,0
SpikeU,672,352,E588EE1B,0,1,1,4294967295,0,0
SpikeD,672,384,021C80C1,0,1,1,4294967295,0,0
SpikeU,624,320,87C2B9D4,0,1,1,4294967295,0,0
SpikeL,640,272,0BA9E2C7,0,1,1,4294967295,0,0
SpikeR,672,272,D138FE26,0,1,1,4294967295,0,0
SpikeD,736,320,78A1ED4E,0,1,1,4294967295,0,0
SpikeU,752,320,3DEEA8E8,0,1,1,4294967295,0,0
SpikeL,672,256,13163F3A,0,1,1,4294967295,0,0
SpikeR,736,224,91F1E5AC,0,1,1,4294967295,0,0
SpikeL,752,160,451F717B,0,1,1,4294967295,0,0
SpikeD,784,192,9CF7D71D,0,1,1,4294967295,0,0
SpikeU,784,128,7A4107E1,0,1,1,4294967295,0,0
SpikeU,704,192,E6E35894,0,1,1,4294967295,0,0
SpikeU,560,112,BD55F3BC,0,1,1,4294967295,0,0
SpikeR,736,80,DF19A3C1,0,1,1,4294967295,0,0
SpikeL,768,32,AF9EC856,0,1,1,4294967295,0,0
SpikeU,672,16,4FFEE192,0,1,1,4294967295,0,0
SpikeR,624,112,A882AF2F,0,1,1,4294967295,0,0
SpikeL,592,144,E4BDE64F,0,1,1,4294967295,0,0
SpikeU,464,240,98B99B25,0,1,1,4294967295,0,0
SpikeR,512,224,B2562D16,0,1,1,4294967295,0,0
SpikeU,512,128,0F6954D9,0,1,1,4294967295,0,0
SpikeL,528,240,7D037FDA,0,1,1,4294967295,0,0
WallJumpL,128,448,558CC83D,0,1,1,4294967295,0,0
WallJumpR,160,352,3A202199,0,1,1,4294967295,0,0
WallJumpL,80,320,C1CF32D0,0,1,1,4294967295,0,0
WallJumpR,528,272,E0A530FC,0,1,1,4294967295,0,0
WallJumpR,528,304,80E1E5DE,0,1,1,4294967295,0,0
WallJumpR,560,480,57D6167B,0,1,1,4294967295,0,0
WallJumpL,592,480,0286DF21,0,1,1,4294967295,0,0
WallJumpR,752,352,B82A53D2,0,1,1,4294967295,0,0
WallJumpR,704,224,6339097D,0,1,1,4294967295,0,0
WallJumpR,768,0,DF213F2B,0,1,1,4294967295,0,0
Cherry,624,304,4E4B95DC,0,1,1,4294967295,0,0
Cherry,720,16,7E21E702,0,1,1,4294967295,0,0
Cherry,336,368,5573E087,0,1,1,4294967295,0,0
Cherry,432,128,344BAB57,0,1,1,4294967295,0,0
Platform,144,352,68D0AF3B,0,0.5,2,4294967295,0,0
Platform,64,320,ED13CC8A,0,0.5,4,4294967295,0,0
Platform,512,272,03B108D2,0,0.5,2,4294967295,0,0
Platform,400,544,5605BF50,0,1,1,4294967295,0,0
Platform,656,352,852E2EE4,0,0.5,2,4294967295,0,0
Platform,752,256,0B6BF10A,0,0.5,2,4294967295,0,0
Skinner,288,416,5D643749,0,1,1,4294967295,0,1
AutoSaver,80,544,DF6CEBBC,0,1,1,4294967295,0,0
MusicPlayer,368,432,449F0D6C,0,1,1,4294967295,0,1
PlayerStart,80,544,01C3FFA3,0,1,1,4294967295,0,0
