Warp,768,96,DD69248A,0,1,1,4294967295,0,1
Autotiler,160,208,F984C14B,0,1,1,4294967295,0,1
Block,768,64,F4A01A86,0,1,1,4294967295,0,0
Block,736,64,2FA59B16,0,1,1,4294967295,0,0
Block,704,64,51A393EA,0,1,1,4294967295,0,0
Block,736,224,1F3DAAF7,0,1,1,4294967295,0,0
Block,704,160,95144608,0,1,1,4294967295,0,0
Block,704,128,14E0A3AF,0,1,1,4294967295,0,0
Block,704,96,DF3D4A42,0,1,1,4294967295,0,0
Block,576,160,F0E918B2,0,1,1,4294967295,0,0
Block,672,160,50009776,0,1,1,4294967295,0,0
Block,576,192,D4ACDA49,0,1,1,4294967295,0,0
Block,640,352,04864751,0,1,1,4294967295,0,0
Block,640,320,E854F563,0,1,1,4294967295,0,0
Block,640,288,462E658B,0,1,1,4294967295,0,0
Block,576,416,1E203511,0,1,1,4294967295,0,0
Block,544,352,8ACEADD6,0,1,1,4294967295,0,0
Block,480,480,DD36EDB7,0,1,1,4294967295,0,0
Block,544,320,14ED256F,0,1,1,4294967295,0,0
Block,512,320,A6EF9FEB,0,1,1,4294967295,0,0
Block,416,288,ABEAF7BD,0,1,1,4294967295,0,0
Block,384,320,EB1680F3,0,1,1,4294967295,0,0
Block,384,288,1601D52C,0,1,1,4294967295,0,0
Block,384,256,67299214,0,1,1,4294967295,0,0
Block,288,256,2EF40EF3,0,1,1,4294967295,0,0
Block,224,224,34640C42,0,1,1,4294967295,0,0
Block,288,224,28B1BC6C,0,1,1,4294967295,0,0
Block,256,224,4328DDE0,0,1,1,4294967295,0,0
Block,288,352,89D9E308,0,1,1,4294967295,0,0
Block,384,352,01DFA67B,0,1,1,4294967295,0,0
Block,416,480,A2A93DB9,0,1,1,4294967295,0,0
Block,288,512,4035803D,0,1,1,4294967295,0,0
Block,256,480,A08C3138,0,1,1,4294967295,0,0
Block,256,512,AFA053FA,0,1,1,4294967295,0,0
Block,192,512,BBF956FE,0,1,1,4294967295,0,0
Block,128,544,7E63DD90,0,1,1,4294967295,0,0
Block,64,544,16B29E63,0,1,1,4294967295,0,0
Block,32,544,756DFA05,0,1,1,4294967295,0,0
Block,32,512,DA353C34,0,1,1,4294967295,0,0
Water3,528,288,CD366ADF,0,1,1,4294967295,0,0
Water2,496,448,E6B31860,0,0.5,1,4294967295,0,0
Water2,496,416,858EE598,0,0.5,1,4294967295,0,0
Water2,288,320,87595D90,0,1,1,4294967295,0,0
Water2,288,288,2555FBED,0,1,1,4294967295,0,0
Water2,352,416,267B8267,0,1,1,4294967295,0,0
Water2,352,448,78DA5603,0,1,1,4294967295,0,0
WallJumpL,576,192,B6CA145B,0,1,1,4294967295,0,0
WallJumpL,288,352,EF89EC09,0,1,1,4294967295,0,0
WallJumpR,256,512,2A466AC0,0,1,1,4294967295,0,0
SpikeU,768,32,217671A6,0,1,1,4294967295,0,0
SpikeU,736,32,6FD439A7,0,1,1,4294967295,0,0
SpikeU,704,32,3D47A064,0,1,1,4294967295,0,0
SpikeL,768,160,79E35E0E,0,1,1,4294967295,0,0
SpikeU,224,192,8338D1E1,0,1,1,4294967295,0,0
SpikeU,256,192,AD2BB8EF,0,1,1,4294967295,0,0
SpikeR,736,96,CB0894A7,0,1,1,4294967295,0,0
SpikeL,544,160,EF35E6D0,0,1,1,4294967295,0,0
SpikeU,576,128,4F5CA27E,0,1,1,4294967295,0,0
SpikeL,640,160,50EFB1B6,0,1,1,4294967295,0,0
MiniSpikeDown,592,224,CF4E16A2,0,1,1,4294967295,0,0
MiniSpikeDown,576,224,DF87EC07,0,1,1,4294967295,0,0
SpikeR,672,288,3539634A,0,1,1,4294967295,0,0
SpikeU,640,256,D6019119,0,1,1,4294967295,0,0
SpikeD,640,384,72C7AD22,0,1,1,4294967295,0,0
SpikeU,512,288,0C0D4240,0,1,1,4294967295,0,0
SpikeL,608,288,E1C6EE60,0,1,1,4294967295,0,0
SpikeR,576,352,D15E68EF,0,1,1,4294967295,0,0
SpikeU,480,448,61D5EFF4,0,1,1,4294967295,0,0
SpikeU,544,288,5E43592C,0,1,1,4294967295,0,0
SpikeD,512,352,FCD118A8,0,1,1,4294967295,0,0
SpikeD,480,416,F75256A7,0,1,1,4294967295,0,0
SpikeD,416,320,DE0D5831,0,1,1,4294967295,0,0
SpikeL,448,384,358141FB,0,1,1,4294967295,0,0
SpikeU,32,480,E520869C,0,1,1,4294967295,0,0
SpikeR,448,288,72700E1B,0,1,1,4294967295,0,0
SpikeR,416,256,5AAB07EF,0,1,1,4294967295,0,0
SpikeU,384,224,CD97808A,0,1,1,4294967295,0,0
SpikeU,288,192,62D8B6F8,0,1,1,4294967295,0,0
SpikeD,224,256,02A6497D,0,1,1,4294967295,0,0
SpikeU,288,320,BD3E3AB4,0,1,1,4294967295,0,0
SpikeL,256,352,6385A537,0,1,1,4294967295,0,0
SpikeL,352,352,E7ABACFC,0,1,1,4294967295,0,0
SpikeR,384,416,8886DAA8,0,1,1,4294967295,0,0
SpikeD,352,448,E6F51BE7,0,1,1,4294967295,0,0
SpikeU,288,480,118D260B,0,1,1,4294967295,0,0
SpikeD,288,544,9B8C8CF4,0,1,1,4294967295,0,0
SpikeD,256,544,11024A92,0,1,1,4294967295,0,0
SpikeU,256,448,D6F49592,0,1,1,4294967295,0,0
SpikeU,128,512,5D58F564,0,1,1,4294967295,0,0
SpikeR,160,416,161F4176,0,1,1,4294967295,0,0
SpikeL,128,448,E7C89B10,0,1,1,4294967295,0,0
SpikeU,192,480,61342517,0,1,1,4294967295,0,0
Cherry,144,400,1FE4D967,0,1,1,4294967295,0,0
Cherry,400,400,0AFC2B24,0,1,1,4294967295,0,0
Platform,256,256,4784C12F,0,1,1,4294967295,0,0
SavePointVeryHard,416,448,0EE20E29,0,1,1,4294967295,0,0
SavePointVeryHard,64,512,642C3789,0,1,1,4294967295,0,0
TextDraw,48,32,5322C89B,0,1,1,4294967295,0,1
MusicPlayer,176,80,0EA46A17,0,1,1,4294967295,0,1
PlayerStart,64,512,1B774A68,0,1,1,4294967295,0,0
