Warp,16,96,FDF6ABE2,0,1,1,4294967295,0,1
Autotiler,48,192,808F042C,0,1,1,4294967295,0,1
Block,112,480,6B1169D4,0,1,1,4294967295,0,0
Block,80,480,50BEC7A9,0,1,1,4294967295,0,0
Block,128,384,11AF719B,0,1,1,4294967295,0,0
Block,144,416,540F896A,0,1,1,4294967295,0,0
Block,0,384,9B6A1EF0,0,1,1,4294967295,0,0
Block,144,448,19629A30,0,1,1,4294967295,0,0
Block,144,480,7B7297D3,0,1,1,4294967295,0,0
Block,32,528,3B354762,0,1,1,4294967295,0,0
Block,160,576,8B7813D1,0,1,1,4294967295,0,0
Block,192,576,981238D8,0,1,1,4294967295,0,0
Block,224,512,A8370E4D,0,1,1,4294967295,0,0
Block,224,544,BE8AAC5D,0,1,1,4294967295,0,0
Block,224,576,44F35D45,0,1,1,4294967295,0,0
Block,272,400,D3126DD9,0,1,1,4294967295,0,0
Block,272,432,619B2F04,0,1,1,4294967295,0,0
Block,240,368,5E736CD9,0,1,1,4294967295,0,0
Block,272,368,EB93AF2D,0,1,1,4294967295,0,0
Block,192,336,AE13AA2D,0,1,1,4294967295,0,0
Block,192,304,4A9BB7EC,0,1,1,4294967295,0,0
Block,192,272,02FDA90C,0,1,1,4294967295,0,0
Block,320,272,AA9D72D0,0,1,1,4294967295,0,0
Block,352,272,46B57482,0,1,1,4294967295,0,0
Block,384,272,40FA2E86,0,1,1,4294967295,0,0
Block,384,304,9A69F1E3,0,1,1,4294967295,0,0
Block,432,464,E12EBBA6,0,1,1,4294967295,0,0
Block,432,496,116089A7,0,1,1,4294967295,0,0
Block,464,576,6043A64C,0,1,1,4294967295,0,0
Block,544,512,B9E953A6,0,1,1,4294967295,0,0
Block,544,544,85AB0914,0,1,1,4294967295,0,0
Block,560,576,5B94277D,0,1,1,4294967295,0,0
Block,672,560,81CFDDA6,0,1,1,4294967295,0,0
Block,624,480,B2856982,0,1,1,4294967295,0,0
Block,704,480,6B7E3992,0,1,1,4294967295,0,0
Block,704,512,CBF0D8A3,0,1,1,4294967295,0,0
Block,736,448,BFCFD143,0,1,1,4294967295,0,0
Block,736,480,4B6C079F,0,1,1,4294967295,0,0
Block,576,384,A5240AF4,0,1,1,4294967295,0,0
Block,640,304,8526EE60,0,1,1,4294967295,0,0
Block,672,304,1DA80136,0,1,1,4294967295,0,0
Block,672,336,E6F806C6,0,1,1,4294967295,0,0
Block,672,368,7B984FD2,0,1,1,4294967295,0,0
Block,272,576,945480F1,0,1,1,4294967295,0,0
Block,320,480,8D4B2D7B,0,1,1,4294967295,0,0
Block,432,384,0FE97A04,0,1,1,4294967295,0,0
Block,464,352,6C46ED72,0,1,1,4294967295,0,0
Block,464,384,5A28B5A4,0,1,1,4294967295,0,0
Block,272,464,92D7EC8F,0,1,1,4294967295,0,0
Block,544,480,2D99F4F3,0,1,1,4294967295,0,0
Block,336,400,1B120F10,0,1,1,4294967295,0,0
Block,560,288,1419F734,0,1,1,4294967295,0,0
Block,496,208,1B4F796C,0,1,1,4294967295,0,0
Block,464,240,3706B587,0,1,1,4294967295,0,0
Block,432,128,A79F55EF,0,1,1,4294967295,0,0
Block,432,96,E09E4E5C,0,1,1,4294967295,0,0
Block,384,208,CBD32DBA,0,1,1,4294967295,0,0
Block,384,240,881BE7C3,0,1,1,4294967295,0,0
Block,384,176,5C75EE52,0,1,1,4294967295,0,0
Block,384,144,323CBD83,0,1,1,4294967295,0,0
Block,160,272,9F7FE991,0,1,1,4294967295,0,0
Block,64,320,7CCD6504,0,1,1,4294967295,0,0
Block,96,256,816540BE,0,1,1,4294967295,0,0
Block,96,224,B48BB398,0,1,1,4294967295,0,0
Block,0,208,FAB90733,0,1,1,4294967295,0,0
Block,0,240,03A7EF74,0,1,1,4294967295,0,0
Block,160,208,BDC7F228,0,1,1,4294967295,0,0
Block,160,176,9598ED2F,0,1,1,4294967295,0,0
Block,160,240,5E5F7424,0,1,1,4294967295,0,0
Block,288,144,BA2F8B9B,0,1,1,4294967295,0,0
Block,288,112,D0373C6B,0,1,1,4294967295,0,0
Block,80,128,95CA6EE0,0,1,1,4294967295,0,0
Block,48,96,AC859FE0,0,1,1,4294967295,0,0
Block,80,96,F8C004D5,0,1,1,4294967295,0,0
Water2,384,496,C28CB82E,0,0.5,3.5,4294967295,0,0
CatharsisWater,576,480,4E1EC647,0,1.5,1,4294967295,0,0
CatharsisWater,576,512,9940C55B,0,1.5,1,4294967295,0,0
CatharsisWater,624,512,ACE7D2EE,0,0.5,1,4294967295,0,0
Water2,176,464,7F02B2EC,0,1,1.5,4294967295,0,0
Water2,480,320,9F221D06,0,0.5,1,4294967295,0,0
CatharsisWater,496,128,B844FB46,0,1,2.5,4294967295,0,0
CatharsisWater,464,144,8CAEA948,0,1,2.5,4294967295,0,0
Water2,480,272,8BE7BA3F,0,0.5,1.5,4294967295,0,0
CatharsisWater,432,160,617DCB13,0,1,3,4294967295,0,0
CatharsisWater,160,304,2A4ACDF5,0,1,3,4294967295,0,0
Water3,256,176,5E935156,0,1,1,4294967295,0,0
Water2,192,128,2678DDE9,0,0.5,4.5,4294967295,0,0
CatharsisWater,560,320,DE93E182,0,1,0.25,4294967295,0,0
SavePointVeryHard,112,448,238193A5,0,1,1,4294967295,0,0
SavePointVeryHard,672,528,12D82AD1,0,1,1,4294967295,0,0
SpikeU,80,448,AF54AC2A,0,1,1,4294967295,0,0
SpikeL,96,384,3112B131,0,1,1,4294967295,0,0
SpikeL,32,352,B8FC5592,0,1,1,4294967295,0,0
SpikeR,64,352,6DFDE342,0,1,1,4294967295,0,0
WallJumpL,0,384,5DFAFD94,0,1,1,4294967295,0,0
SpikeD,0,416,4611A9A6,0,1,1,4294967295,0,0
SpikeU,32,496,418C8A98,0,1,1,4294967295,0,0
WallJumpL,32,528,5FFB693D,0,1,1,4294967295,0,0
SpikeD,128,512,C5DB2EBB,0,1,1,4294967295,0,0
SpikeU,160,544,7D14DF14,0,1,1,4294967295,0,0
SpikeU,192,544,2C7B6EF8,0,1,1,4294967295,0,0
SpikeR,176,448,8FE25B17,0,1,1,4294967295,0,0
SpikeU,224,480,FBFF595A,0,1,1,4294967295,0,0
WallJumpR,272,448,0D0AB1B6,0,1,1,4294967295,0,0
SpikeR,160,384,A8BDB54E,0,1,1,4294967295,0,0
SpikeU,128,352,5DC65BF3,0,1,1,4294967295,0,0
SpikeU,240,336,F4085CDB,0,1,1,4294967295,0,0
SpikeD,192,368,8178776F,0,1,1,4294967295,0,0
SpikeR,224,272,7CD4E915,0,1,1,4294967295,0,0
SpikeU,272,336,925786AF,0,1,1,4294967295,0,0
SpikeL,288,272,82C4BD78,0,1,1,4294967295,0,0
SpikeD,352,304,559544AA,0,1,1,4294967295,0,0
SpikeU,320,240,5FD9FDDD,0,1,1,4294967295,0,0
SpikeD,256,208,A5E13E4E,0,1,1,4294967295,0,0
SpikeL,224,176,0328305F,0,1,1,4294967295,0,0
SpikeR,288,176,0785D3CD,0,1,1,4294967295,0,0
WallJumpL,272,432,382FC55F,0,1,1,4294967295,0,0
WallJumpL,272,464,4841AA83,0,1,1,4294967295,0,0
SpikeD,272,496,3F9CA982,0,1,1,4294967295,0,0
SpikeD,384,496,6D414BDB,0,1,1,4294967295,0,0
SpikeU,384,464,4E7A529E,0,1,1,4294967295,0,0
SpikeU,416,576,CCD578F1,0,1,1,4294967295,0,0
SpikeU,432,432,0DC402E4,0,1,1,4294967295,0,0
SpikeR,464,464,4B218D36,0,1,1,4294967295,0,0
SpikeR,464,496,170B77C1,0,1,1,4294967295,0,0
SpikeL,512,512,92C81B0E,0,1,1,4294967295,0,0
SpikeU,544,448,AC98F901,0,1,1,4294967295,0,0
SpikeL,544,384,9DCA37B1,0,1,1,4294967295,0,0
SpikeR,576,512,9A451A48,0,1,1,4294967295,0,0
SpikeD,624,512,7863891E,0,1,1,4294967295,0,0
SpikeU,624,448,2C899A6A,0,1,1,4294967295,0,0
SpikeL,672,480,45B42EB2,0,1,1,4294967295,0,0
SpikeD,704,544,8557FF75,0,1,1,4294967295,0,0
SpikeU,704,448,17B79454,0,1,1,4294967295,0,0
SpikeU,736,416,77F617B0,0,1,1,4294967295,0,0
SpikeR,608,384,C79D3BEE,0,1,1,4294967295,0,0
SpikeU,272,544,ED87C9CC,0,1,1,4294967295,0,0
SpikeU,320,448,8D9B5DE6,0,1,1,4294967295,0,0
SpikeU,432,352,13D75C31,0,1,1,4294967295,0,0
SpikeU,336,368,F16E7792,0,1,1,4294967295,0,0
SpikeD,640,336,3019A44B,0,1,1,4294967295,0,0
SpikeU,576,352,232064EE,0,1,1,4294967295,0,0
WallJumpL,560,288,9F537EDF,0,1,1,4294967295,0,0
SpikeL,592,272,70B4624F,0,1,1,4294967295,0,0
SpikeR,624,272,53461C42,0,1,1,4294967295,0,0
SpikeL,528,288,24677F29,0,1,1,4294967295,0,0
SpikeR,240,400,45FF0331,0,1,1,4294967295,0,0
WallJumpR,272,416,B33D58EB,0,1,1,4294967295,0,0
SpikeR,416,304,C0473DAB,0,1,1,4294967295,0,0
SpikeU,464,320,E874584D,0,1,1,4294967295,0,0
SpikeD,496,240,351C268E,0,1,1,4294967295,0,0
SpikeL,544,208,C98E5C0F,0,1,1,4294967295,0,0
SpikeU,560,256,32C82A58,0,1,1,4294967295,0,0
SpikeR,576,208,BBA79873,0,1,1,4294967295,0,0
SpikeU,496,176,35DC32EF,0,1,1,4294967295,0,0
SpikeR,496,112,69395F80,0,1,1,4294967295,0,0
SpikeR,464,128,F0BF38FD,0,1,1,4294967295,0,0
SpikeL,464,208,6CF3CD43,0,1,1,4294967295,0,0
SpikeR,464,96,086243AA,0,1,1,4294967295,0,0
WallJumpR,432,128,77D8F589,0,1,1,4294967295,0,0
WallJumpR,432,96,88CEB431,0,1,1,4294967295,0,0
SpikeL,432,240,794DACD6,0,1,1,4294967295,0,0
SpikeL,352,144,42BD911E,0,1,1,4294967295,0,0
SpikeU,384,112,9FBB2701,0,1,1,4294967295,0,0
SpikeU,432,64,0B99F600,0,1,1,4294967295,0,0
SpikeL,64,256,BA97E793,0,1,1,4294967295,0,0
SpikeR,32,208,1514BB7E,0,1,1,4294967295,0,0
SpikeD,0,272,0AFCB036,0,1,1,4294967295,0,0
SpikeU,0,176,E67F4C36,0,1,1,4294967295,0,0
SpikeR,224,112,A7751969,0,1,1,4294967295,0,0
SpikeL,192,112,438E530C,0,1,1,4294967295,0,0
SpikeU,160,144,90FC99FE,0,1,1,4294967295,0,0
WallJumpR,288,112,3417BDA0,0,1,1,4294967295,0,0
SpikeU,288,80,38B5C727,0,1,1,4294967295,0,0
SpikeR,192,32,6985B4A9,0,1,1,4294967295,0,0
SpikeL,160,32,C6A4C506,0,1,1,4294967295,0,0
SpikeU,96,192,D4A046C2,0,1,1,4294967295,0,0
SpikeD,80,160,63D5923C,0,1,1,4294967295,0,0
WallJumpR,96,224,3D97549B,0,1,1,4294967295,0,0
SpikeU,80,64,D0BD1C52,0,1,1,4294967295,0,0
SpikeU,48,64,92D60EB7,0,1,1,4294967295,0,0
SpikeD,288,48,253855FB,0,1,1,4294967295,0,0
SpikeU,192,240,9CD4D4D5,0,1,1,4294967295,0,0
SpikeU,672,272,40E0D8A6,0,1,1,4294967295,0,0
Cherry,112,368,F9C5FF7E,0,1,1,4294967295,0,0
Cherry,208,432,0EF7DCC0,0,1,1,4294967295,0,0
Cherry,368,512,01BA11DA,0,1,1,4294967295,0,0
Cherry,400,416,8509B230,0,1,1,4294967295,0,0
Cherry,352,544,D17203D2,0,1,1,4294967295,0,0
Cherry,368,576,D58B0733,0,1,1,4294967295,0,0
Cherry,544,592,2DCCBAD9,0,1,1,4294967295,0,0
Cherry,384,448,FB32A233,0,1,1,4294967295,0,0
Cherry,528,416,A16D63BE,0,1,1,4294967295,0,0
Cherry,496,432,5276A324,0,1,1,4294967295,0,0
Cherry,400,352,EC9B8BD2,0,1,1,4294967295,0,0
Cherry,664,448,7B16D77D,0,1,1,4294967295,0,0
Cherry,512,368,4CB9F14B,0,1,1,4294967295,0,0
Cherry,176,128,CE7E14AA,0,1,1,4294967295,0,0
Cherry,112,336,7AA9191B,0,1,1,4294967295,0,0
Cherry,512,80,26884EC4,0,1,1,4294967295,0,0
Cherry,496,48,381A548B,0,1,1,4294967295,0,0
Cherry,512,16,5B42EA24,0,1,1,4294967295,0,0
Cherry,656,256,887F1BC1,0,1,1,4294967295,0,0
Cherry,544,112,2CE21043,0,1,1,4294967295,0,0
Skinner,16,32,4A512B94,0,1,1,4294967295,0,1
Platform,32,384,D788EE4F,0,1,1,4294967295,0,0
Platform,160,512,5C5185D9,0,0.5,2,4294967295,0,0
Platform,256,432,06B85DF1,0,0.5,1,4294967295,0,0
Platform,224,336,A862895D,0,0.5,3,4294967295,0,0
Platform,624,416,C220E75C,0,0.5,2,4294967295,0,0
Platform,592,304,3B9F0AC1,0,1,1,4294967295,0,0
Platform,528,128,7EBB0166,0,0.5,9,4294967295,0,0
Platform,176,304,F6E18C52,0,0.5,2,4294967295,0,0
AutoSaver,112,448,45A3A8A4,0,1,1,4294967295,0,0
MusicPlayer,240,256,0EC5F038,0,1,1,4294967295,0,1
PlayerStart,112,448,9223BD36,0,1,1,4294967295,0,0
