background141_block,80,464,0,0,32,32,0,1,1,4294967295
background141_block,80,432,0,0,32,32,0,1,1,4294967295
background141_block,160,448,0,0,32,32,0,1,1,4294967295
background141_block,224,336,0,0,32,32,0,1,1,4294967295
background141_block,320,320,0,0,32,32,0,1,1,4294967295
background141_block,304,448,0,0,32,32,0,1,1,4294967295
background141_block,304,480,0,0,32,32,0,1,1,4294967295
background141_block,304,512,0,0,32,32,0,1,1,4294967295
background141_block,368,560,0,0,32,32,0,1,1,4294967295
background141_block,368,592,0,0,32,32,0,1,1,4294967295
background141_block,400,592,0,0,32,32,0,1,1,4294967295
background141_block,384,448,0,0,32,32,0,1,1,4294967295
background141_block,416,448,0,0,32,32,0,1,1,4294967295
background141_block,384,416,0,0,32,32,0,1,1,4294967295
background141_block,416,416,0,0,32,32,0,1,1,4294967295
background142,352,320,0,0,16,16,0,1,1,4294967295
background142,352,336,0,0,16,16,0,1,1,4294967295
background142,304,416,0,0,16,16,0,1,1,4294967295
background142,304,432,0,0,16,16,0,1,1,4294967295
background141_block,496,512,0,0,32,32,0,1,1,4294967295
background141_block,496,544,0,0,32,32,0,1,1,4294967295
background141_block,496,576,0,0,32,32,0,1,1,4294967295
background141_block,464,576,0,0,32,32,0,1,1,4294967295
background141_block,544,416,0,0,32,32,0,1,1,4294967295
background141_block,544,448,0,0,32,32,0,1,1,4294967295
background141_block,384,352,0,0,32,32,0,1,1,4294967295
background141_block,384,384,0,0,32,32,0,1,1,4294967295
background141_block,416,224,0,0,32,32,0,1,1,4294967295
background141_block,416,256,0,0,32,32,0,1,1,4294967295
background141_block,448,224,0,0,32,32,0,1,1,4294967295
background141_block,448,256,0,0,32,32,0,1,1,4294967295
background141_block,336,176,0,0,32,32,0,1,1,4294967295
background141_block,336,208,0,0,32,32,0,1,1,4294967295
background141_block,336,240,0,0,32,32,0,1,1,4294967295
background142,336,304,0,0,16,16,0,1,1,4294967295
background142,352,304,0,0,16,16,0,1,1,4294967295
background141_block,336,272,0,0,32,32,0,1,1,4294967295
background141_block,384,32,0,0,32,32,0,1,1,4294967295
background141_block,384,64,0,0,32,32,0,1,1,4294967295
background141_block,384,96,0,0,32,32,0,1,1,4294967295
background141_block,384,128,0,0,32,32,0,1,1,4294967295
background141_block,176,144,0,0,32,32,0,1,1,4294967295
background141_block,176,176,0,0,32,32,0,1,1,4294967295
background141_block,240,96,0,0,32,32,0,1,1,4294967295
background141_block,224,272,0,0,32,32,0,1,1,4294967295
background141_block,224,304,0,0,32,32,0,1,1,4294967295
background141_block,208,448,0,0,32,32,0,1,1,4294967295
background142,256,480,0,0,16,16,0,1,1,4294967295
background142,272,480,0,0,16,16,0,1,1,4294967295
background142,48,304,0,0,16,16,0,1,1,4294967295
background142,48,320,0,0,16,16,0,1,1,4294967295
background142,48,272,0,0,16,16,0,1,1,4294967295
background142,48,288,0,0,16,16,0,1,1,4294967295
background141_block,32,384,0,0,32,32,0,1,1,4294967295
background141_block,-16,352,0,0,32,32,0,1,1,4294967295
background141_block,624,528,0,0,32,32,0,1,1,4294967295
background141_block,592,528,0,0,32,32,0,1,1,4294967295
background141_block,592,560,0,0,32,32,0,1,1,4294967295
background141_block,592,592,0,0,32,32,0,1,1,4294967295
background141_block,640,352,0,0,32,32,0,1,1,4294967295
background141_block,208,480,0,0,32,32,0,1,1,4294967295
background141_block,640,320,0,0,32,32,0,1,1,4294967295
background141_block,560,320,0,0,32,32,0,1,1,4294967295
background141_block,560,352,0,0,32,32,0,1,1,4294967295
background141_block,528,320,0,0,32,32,0,1,1,4294967295
background141_block,528,288,0,0,32,32,0,1,1,4294967295
background141_block,688,256,0,0,32,32,0,1,1,4294967295
background141_block,688,288,0,0,32,32,0,1,1,4294967295
background141_block,688,320,0,0,32,32,0,1,1,4294967295
background141_block,704,160,0,0,32,32,0,1,1,4294967295
background141_block,704,192,0,0,32,32,0,1,1,4294967295
background141_block,768,208,0,0,32,32,0,1,1,4294967295
background141_block,768,240,0,0,32,32,0,1,1,4294967295
background141_block,752,0,0,0,32,32,0,1,1,4294967295
background141_block,752,32,0,0,32,32,0,1,1,4294967295
background141_block,752,64,0,0,32,32,0,1,1,4294967295
background141_block,784,64,0,0,32,32,0,1,1,4294967295
background141_block,784,32,0,0,32,32,0,1,1,4294967295
background141_block,784,0,0,0,32,32,0,1,1,4294967295
background141_block,784,96,0,0,32,32,0,1,1,4294967295
background141_block,0,144,0,0,32,32,0,1,1,4294967295
background141_block,0,176,0,0,32,32,0,1,1,4294967295
background141_block,32,176,0,0,32,32,0,1,1,4294967295
background141_block,96,48,0,0,32,32,0,1,1,4294967295
background141_block,96,80,0,0,32,32,0,1,1,4294967295
background141_block,128,80,0,0,32,32,0,1,1,4294967295
background143,704,464,0,0,64,64,0,1,1,4294967295
background141_block,272,576,0,0,32,32,0,1,1,4294967295
background141_block,656,0,0,0,32,32,0,1,1,4294967295
background141_block,656,32,0,0,32,32,0,1,1,4294967295
